          1
          1
          1
          1
          1
          1
          1
          1
          1
          1
          1
          1
          1
          1
          1
          1
          1
          1
          1
          1
          1
          1
          1
          1
          1
          1
          1
          1
          1
          1
          1
          1
          1
          1
          1
          1
          1
          1
          1
          1
          1
          1
          1
          1
          1
          1
          1
          1
          1
          1
          1
          1
          1
          1
          1
          1
          1
          1
          1
          1
          1
          1
          1
          1
          1
          1
          1
          1
          1
          1
          1
          1
          1
          1
          1
          1
          1
          1
          1
          1
          1
          1
          1
          1
          1
          1
          1
          1
          1
          1
          1
          1
          1
          1
          1
          1
          1
          1
          1
          1
          1
          1
          1
          1
          1
          1
          1
          1
          1
          1
          1
          1
          1
          1
          1
          1
          1
          1
          1
          1
          1
          1
          1
          1
          1
          1
          1
          1
          1
          1
          1
          1
          1
          1
          1
          1
          1
          1
          1
          1
          1
          1
          1
          1
          1
          1
          1
          1
          1
          1
          1
          1
          1
          1
          1
          1
          1
          1
          1
          1
          1
          1
          1
          1
          1
          1
          1
          1
          1
          1
          1
          1
          1
          1
          1
          1
          1
          1
          1
          1
          1
          1
          1
          1
          1
          1
          1
          1
          1
          1
          1
          1
          1
          1
          1
          1
          1
          1
          1
          1
          1
          1
          1
          1
          1
          1
          1
          1
          1
          1
          1
          1
          1
          1
          1
          1
          1
          1
          1
          1
          1
          1
          1
          1
          1
          1
          1
          1
          1
          1
          1
          1
          1
          1
          1
          1
          1
          1
          1
          1
          1
          1
          1
          1
          1
          1
          1
          1
          1
          1
          1
          1
          1
          1
          1
          1
          1
          1
          1
          1
          1
          1
          1
          1
          1
          1
          1
          1
          1
          1
          1
          1
          1
          1
          1
          1
          1
          1
          1
          1
          1
          1
          1
          1
          1
          1
          1
          1
          1
          1
          1
          1
          1
          1
          1
          1
          1
          1
          1
          1
          1
          1
          1
          1
          1
          1
          1
          1
          1
          1
          1
          1
          1
          1
          1
          1
          1
          1
          1
          1
          1
          1
          1
          1
          1
          1
          1
          1
          1
          1
          1
          1
          1
          1
          1
          1
          1
          1
          1
          1
          1
          1
          1
          1
          1
          1
          1
          1
          1
          1
          1
          1
          1
          1
          1
          1
          1
          1
          1
          1
          1
          1
          1
          1
          1
          1
          1
          1
          1
          1
          1
          1
          1
          1
          1
          1
          1
          1
          1
          1
          1
          1
          1
          1
          1
          1
          1
          1
          1
          1
          1
          1
          1
          1
          1
          1
          1
          1
          1
          1
          1
          1
          1
          1
          1
          1
          1
          1
          1
          1
          1
          1
          1
          1
          1
          1
          1
          1
          1
          1
          1
          1
          1
          1
          1
          1
          1
          1
          1
          1
          1
          1
          1
          1
          1
          1
          1
          1
          1
          1
          1
          1
          1
          1
          1
          1
          1
          1
          1
          1
          1
          1
          1
          1
          1
          1
          1
          1
          1
          1
          1
          1
          1
          1
          1
          1
          1
          1
          1
          1
          1
          1
          1
          1
          1
          1
          1
          1
          1
          1
          1
          1
          1
          1
          1
          1
          1
          1
          1
          1
          1
          1
          1
          1
          1
          1
          1
          1
          1
          1
          1
          1
          1
          1
          1
          1
          1
          1
          1
          1
          1
          1
          1
          1
          1
          1
          1
          1
          1
          1
          1
          1
          1
          1
          1
          1
          1
          1
          1
          1
          1
          1
          1
          1
          1
          1
          1
          1
          1
          1
          1
          1
          1
          1
          1
          1
          1
          1
          1
          1
          1
          1
          1
          1
          1
          1
          1
          1
          1
          1
          1
          1
          1
          1
          1
          1
          1
          1
          1
          1
          1
          1
          1
          1
          1
          1
          1
          1
          1
          1
          1
          1
          1
          1
          1
          1
          1
          1
          1
          1
          1
          1
          1
          1
          1
          1
          1
          1
          1
          1
          1
          1
          1
          1
          1
          1
          1
          1
          1
          1
          1
          1
          1
          1
          1
          1
          1
          1
          1
          1
          1
          1
          1
          1
          1
          1
          1
          1
          1
          1
          1
          1
          1
          1
          1
          1
          1
          1
          1
          1
          1
          1
          1
          1
          1
          1
          1
          1
          1
          1
          1
          1
          1
          1
          1
          1
          1
          1
          1
          1
          1
          1
          1
          1
          1
          1
          1
          1
          1
          1
          1
          1
          1
          1
          1
          1
          1
          1
          1
          1
          1
          1
          1
          1
          1
          1
          1
          1
          1
          1
          1
          1
          1
          1
          1
          1
          1
          1
          1
          1
          1
          1
          1
          1
          1
          1
          1
          1
          1
          1
          1
          1
          1
          1
          1
          1
          1
          1
          1
          1
          1
          1
          1
          1
          1
          1
          1
          1
          1
          1
          1
          1
          1
          1
          1
          1
          1
          1
          1
          1
          1
          1
          1
          1
          1
          1
          1
          1
          1
          1
          1
          1
          1
          1
          1
          1
          1
          1
          1
          1
          1
          1
          1
          1
          1
          1
          1
          1
          1
          1
          1
          1
          1
          1
          1
          1
          1
          1
          1
          1
          1
          1
          1
          1
          1
          1
          1
          1
          1
          1
          1
          1
          1
          1
          1
          1
          1
          1
          1
          1
          1
          1
          1
          1
          1
          1
          1
          1
          1
          1
          1
          1
          1
          1
          1
          1
          1
          1
          1
          1
          1
          1
          1
          1
          1
          1
          1
          1
          1
          1
          1
          1
          1
          1
          1
          1
          1
          1
          1
          1
          1
          1
          1
          1
          1
          1
          1
          1
          1
          1
          1
          1
          1
          1
          1
          1
          1
          1
          1
          1
          1
          1
          1
          1
          1
          1
          1
          1
          1
          1
          1
          1
          1
          1
          1
          1
          1
          1
          1
          1
          1
          1
          1
          1
          1
          1
          1
          1
          1
          1
          1
          1
          1
          1
          1
          1
          1
          1
          1
          1
          1
          1
          1
          1
          1
          1
          1
          1
          1
          1
          1
          1
          1
          1
          1
          1
          1
          1
          1
          1
          1
          1
          1
          1
          1
          1
          1
          1
          1
          1
          1
          1
          1
          1
          1
          1
          1
          1
          1
          1
          1
          1
          1
          1
          1
          1
          1
          1
          1
          1
          1
          1
          1
          1
          1
          1
          1
          1
          1
          1
          1
          1
          1
          1
          1
          1
          1
          1
          1
          1
          1
          1
          1
          1
          1
          1
          1
          1
          1
          1
          1
          1
          1
          1
          1
          1
          1
          1
          1
          1
          1
          1
          1
          1
          1
          1
          1
          1
          1
          1
          1
          1
          1
          1
          1
          1
          1
          1
          1
          1
          1
          1
          1
          1
          1
          1
          1
          1
          1
          1
          1
          1
          1
          1
          1
          1
          1
          1
          1
          1
          1
          1
          1
          1
          1
          1
          1
          1
          1
          1
          1
          1
          1
          1
          1
          1
          1
          1
          1
          1
          1
          1
          1
          1
          1
          1
          1
          1
          1
          1
          1
          1
          1
          1
          1
          1
          1
          1
          1
          1
          1
          1
          1
          1
          1
          1
          1
          1
          1
          1
          1
          1
          1
          1
          1
          1
          1
          1
          1
          1
          1
          1
          1
          1
          1
          1
          1
          1
          1
          1
          1
          1
          1
          1
          1
          1
          1
          1
          1
          1
          1
          1
          1
          1
          1
          1
          1
          1
          1
          1
          1
          1
          1
          1
          1
          1
          1
          1
          1
          1
          1
          1
          1
          1
          1
          1
          1
          1
          1
          1
          1
          1
          1
          1
          1
          1
          1
          1
          1
          1
          1
          1
          1
          1
          1
          1
          1
          1
          1
          1
          1
          1
          1
          1
          1
          1
          1
          1
          1
          1
          1
          1
          1
          1
          1
          1
          1
          1
          1
          1
          1
          1
          1
          1
          1
          1
          1
          1
          1
          1
          1
          1
          1
          1
          1
          1
          1
          1
          1
          1
          1
          1
          1
          1
          1
          1
          1
          1
          1
          1
          1
          1
          1
          1
          1
          1
          1
          1
          1
          1
          1
          1
          1
          1
          1
          1
          1
          1
          1
          1
          1
          1
          1
          1
          1
          1
          1
          1
          1
          1
          1
          1
          1
          1
          1
          1
          1
          1
          1
          1
          1
          1
          1
          1
          1
          1
          1
          1
          1
          1
          1
          1
          1
          1
          1
          1
          1
          1
          1
          1
          1
          1
          1
          1
          1
          1
          1
          1
          1
          1
          1
          1
          1
          1
          1
          1
          1
          1
          1
          1
          1
          1
          1
          1
          1
          1
          1
          1
          1
          1
          1
          1
          1
          1
          1
          1
          1
          1
          1
          1
          1
          1
          1
          1
          1
          1
          1
          1
          1
          1
          1
          1
          1
          1
          1
          1
          1
          1
          1
          1
          1
          1
          1
          1
          1
          1
          1
          1
          1
          1
          1
          1
          1
          1
          1
          1
          1
          1
          1
          1
          1
          1
          1
          1
          1
          1
          1
          1
          1
          1
          1
          1
          1
          1
          1
          1
          1
          1
          1
          1
          1
          1
          1
          1
          1
          1
          1
          1
          1
          1
          1
          1
          1
          1
          1
          1
          1
          1
          1
          1
          1
          1
          1
          1
          1
          1
          1
          1
          1
          1
          1
          1
          1
          1
          1
          1
          1
          1
          1
          1
          1
          1
          1
          1
          1
          1
          1
          1
          1
          1
          1
          1
          1
          1
          1
          1
          1
          1
          1
          1
          1
          1
          1
          1
          1
          1
          1
          1
          1
          1
          1
          1
          1
          1
          1
          1
          1
          1
          1
          1
          1
          1
          1
          1
          1
          1
          1
          1
          1
          1
          1
          1
          1
          1
          1
          1
          1
          1
          1
          1
          1
          1
          1
          1
          1
          1
          1
          1
          1
          1
          1
          1
          1
          1
          1
          1
          1
          1
          1
          1
          1
          1
          1
          1
          1
          1
          1
          1
          1
          1
          1
          1
          1
          1
          1
          1
          1
          1
          1
          1
          1
          1
          1
          1
          1
          1
          1
          1
          1
          1
          1
          1
          1
          1
          1
          1
          1
          1
          1
   0.999999
   0.999999
          1
          1
          1
          1
          1
          1
          1
          1
          1
          1
          1
          1
          1
          1
          1
          1
          1
          1
          1
          1
          1
          1
          1
          1
          1
          1
          1
          1
          1
          1
          1
          1
          1
          1
          1
          1
          1
          1
          1
          1
          1
          1
          1
          1
          1
          1
          1
          1
          1
          1
          1
          1
          1
          1
          1
          1
   0.999999
   0.999999
   0.999999
   0.999999
   0.999999
   0.999999
          1
          1
          1
          1
          1
          1
          1
          1
          1
          1
          1
          1
          1
          1
          1
          1
          1
          1
          1
          1
          1
          1
          1
          1
          1
          1
          1
          1
          1
          1
          1
          1
          1
          1
          1
          1
          1
          1
          1
          1
          1
          1
          1
          1
          1
          1
          1
          1
          1
          1
          1
          1
          1
   0.999999
   0.999999
   0.999999
   0.999999
   0.999999
   0.999999
   0.999999
   0.999999
          1
          1
          1
          1
          1
          1
          1
          1
          1
          1
          1
          1
          1
          1
          1
          1
          1
          1
          1
          1
          1
          1
          1
          1
          1
          1
          1
          1
          1
          1
          1
          1
          1
          1
          1
          1
          1
          1
          1
          1
          1
          1
          1
          1
          1
          1
          1
          1
          1
          1
          1
          1
   0.999999
   0.999999
   0.999999
   0.999998
   0.999998
   0.999999
   0.999999
   0.999999
          1
          1
          1
          1
          1
          1
          1
          1
          1
          1
          1
          1
          1
          1
          1
          1
          1
          1
          1
          1
          1
          1
          1
          1
          1
          1
          1
          1
          1
          1
          1
          1
          1
          1
          1
          1
          1
          1
          1
          1
          1
          1
          1
          1
          1
          1
          1
          1
          1
          1
          1
   0.999999
   0.999999
   0.999999
   0.999998
   0.999998
   0.999998
   0.999998
   0.999999
   0.999999
   0.999999
          1
          1
          1
          1
          1
          1
          1
          1
          1
          1
          1
          1
          1
          1
          1
          1
          1
          1
          1
          1
          1
          1
          1
          1
          1
          1
          1
          1
          1
          1
          1
          1
          1
          1
          1
          1
          1
          1
          1
          1
          1
          1
          1
          1
          1
          1
          1
          1
          1
          1
   0.999999
   0.999999
   0.999999
   0.999998
   0.999998
   0.999998
   0.999998
   0.999999
   0.999999
   0.999999
          1
          1
          1
          1
          1
          1
          1
          1
          1
          1
          1
          1
          1
          1
          1
          1
          1
          1
          1
          1
          1
          1
          1
          1
          1
          1
          1
          1
          1
          1
          1
          1
          1
          1
          1
          1
          1
          1
          1
          1
          1
          1
          1
          1
          1
          1
          1
          1
          1
          1
          1
   0.999999
   0.999999
   0.999999
   0.999998
   0.999998
   0.999999
   0.999999
   0.999999
          1
          1
          1
          1
          1
          1
          1
          1
          1
          1
          1
          1
          1
          1
          1
          1
          1
          1
          1
          1
          1
          1
          1
          1
          1
          1
          1
          1
          1
          1
          1
          1
          1
          1
          1
          1
          1
          1
          1
          1
          1
          1
          1
          1
          1
          1
          1
          1
          1
          1
          1
          1
   0.999999
   0.999999
   0.999999
   0.999999
   0.999999
   0.999999
   0.999999
   0.999999
          1
          1
          1
          1
          1
          1
          1
          1
          1
          1
          1
          1
          1
          1
          1
          1
          1
          1
          1
          1
          1
          1
          1
          1
          1
          1
          1
          1
          1
          1
          1
          1
          1
          1
          1
          1
          1
          1
          1
          1
          1
          1
          1
          1
          1
          1
          1
          1
          1
          1
          1
          1
          1
   0.999999
   0.999999
   0.999999
   0.999999
   0.999999
   0.999999
          1
          1
          1
          1
          1
          1
          1
          1
          1
          1
          1
          1
          1
          1
          1
          1
          1
          1
          1
          1
          1
          1
          1
          1
          1
          1
          1
          1
          1
          1
          1
          1
          1
          1
          1
          1
          1
          1
          1
          1
          1
          1
          1
          1
          1
          1
          1
          1
          1
          1
          1
          1
          1
          1
          1
          1
   0.999999
   0.999999
          1
          1
          1
          1
          1
          1
          1
          1
          1
          1
          1
          1
          1
          1
          1
          1
          1
          1
          1
          1
          1
          1
          1
          1
          1
          1
          1
          1
          1
          1
          1
          1
          1
          1
          1
          1
          1
          1
          1
          1
          1
          1
          1
          1
          1
          1
          1
          1
          1
          1
          1
          1
          1
          1
          1
          1
          1
          1
          1
          1
          1
          1
          1
          1
          1
          1
          1
          1
          1
          1
          1
          1
          1
          1
          1
          1
          1
          1
          1
          1
          1
          1
          1
          1
          1
          1
          1
          1
          1
          1
          1
          1
          1
          1
          1
          1
          1
          1
          1
          1
          1
          1
          1
          1
          1
          1
          1
          1
          1
          1
          1
          1
          1
          1
          1
          1
          1
          1
          1
          1
          1
          1
          1
          1
          1
          1
          1
          1
          1
          1
          1
          1
          1
          1
          1
          1
          1
          1
          1
          1
          1
          1
          1
          1
          1
          1
          1
          1
          1
          1
          1
          1
          1
          1
          1
          1
          1
          1
          1
          1
          1
          1
          1
          1
          1
          1
          1
          1
          1
          1
          1
          1
          1
          1
          1
          1
          1
          1
          1
          1
          1
          1
          1
          1
          1
          1
          1
          1
          1
          1
          1
          1
          1
          1
          1
          1
          1
          1
          1
          1
          1
          1
          1
          1
          1
          1
          1
          1
          1
          1
          1
          1
          1
          1
          1
          1
          1
          1
          1
          1
          1
          1
          1
          1
          1
          1
          1
          1
          1
          1
          1
          1
          1
          1
          1
          1
          1
          1
          1
          1
          1
          1
          1
          1
          1
          1
          1
          1
          1
          1
          1
          1
          1
          1
          1
          1
          1
          1
          1
          1
          1
          1
          1
          1
          1
          1
          1
          1
          1
          1
          1
          1
          1
          1
          1
          1
          1
          1
          1
          1
          1
          1
          1
          1
          1
          1
          1
          1
          1
          1
          1
          1
          1
          1
          1
          1
          1
          1
          1
          1
          1
          1
          1
          1
          1
          1
          1
          1
          1
          1
          1
          1
          1
          1
          1
          1
          1
          1
          1
          1
          1
          1
          1
          1
          1
          1
          1
          1
          1
          1
          1
          1
          1
          1
          1
          1
          1
          1
          1
          1
          1
          1
          1
          1
          1
          1
          1
          1
          1
          1
          1
          1
          1
          1
          1
          1
          1
          1
          1
          1
          1
          1
          1
          1
          1
          1
          1
          1
          1
          1
          1
          1
          1
          1
          1
          1
          1
          1
          1
          1
          1
          1
          1
          1
          1
          1
          1
          1
          1
          1
          1
          1
          1
          1
          1
          1
          1
          1
          1
          1
          1
          1
          1
          1
          1
          1
          1
          1
          1
          1
          1
          1
          1
          1
          1
          1
          1
          1
          1
          1
          1
          1
          1
          1
          1
          1
          1
          1
          1
          1
          1
          1
          1
          1
          1
          1
          1
          1
          1
          1
          1
          1
          1
          1
          1
          1
          1
          1
          1
          1
          1
          1
          1
          1
          1
          1
          1
          1
          1
          1
          1
          1
          1
          1
          1
          1
          1
          1
          1
          1
          1
          1
          1
          1
          1
          1
          1
          1
          1
          1
          1
          1
          1
          1
          1
          1
          1
          1
          1
          1
          1
          1
          1
          1
          1
          1
          1
          1
          1
          1
          1
          1
          1
          1
          1
          1
          1
          1
          1
          1
          1
          1
          1
          1
          1
          1
          1
          1
          1
          1
          1
          1
          1
          1
          1
          1
          1
          1
          1
          1
          1
          1
          1
          1
          1
          1
          1
          1
          1
          1
          1
          1
          1
          1
          1
          1
          1
          1
          1
          1
          1
          1
          1
          1
          1
          1
          1
          1
          1
          1
          1
          1
          1
          1
          1
          1
          1
          1
          1
          1
          1
          1
          1
          1
          1
          1
          1
          1
          1
          1
          1
          1
          1
          1
          1
          1
          1
          1
          1
          1
          1
          1
          1
          1
          1
          1
          1
          1
          1
          1
          1
          1
          1
          1
          1
          1
          1
          1
          1
          1
          1
          1
          1
          1
          1
          1
          1
          1
          1
          1
          1
          1
          1
          1
          1
          1
          1
          1
          1
          1
          1
          1
          1
          1
          1
          1
          1
          1
          1
          1
          1
          1
          1
          1
          1
          1
          1
          1
          1
          1
          1
          1
          1
          1
          1
          1
          1
          1
          1
          1
          1
          1
          1
          1
          1
          1
          1
          1
          1
          1
          1
          1
          1
          1
          1
          1
          1
          1
          1
          1
          1
          1
          1
          1
          1
          1
          1
          1
          1
          1
          1
          1
          1
          1
          1
          1
          1
          1
          1
          1
          1
          1
          1
          1
          1
          1
          1
          1
          1
          1
          1
          1
          1
          1
          1
          1
          1
          1
          1
          1
          1
          1
          1
          1
          1
          1
          1
          1
          1
          1
          1
          1
          1
          1
          1
          1
          1
          1
          1
          1
          1
          1
          1
          1
          1
          1
          1
          1
          1
          1
          1
          1
          1
          1
          1
          1
          1
          1
          1
          1
          1
          1
          1
          1
          1
          1
          1
          1
          1
          1
          1
          1
          1
          1
          1
          1
          1
          1
          1
          1
          1
          1
          1
          1
          1
          1
          1
          1
          1
          1
          1
          1
          1
          1
          1
          1
          1
          1
          1
          1
          1
          1
          1
          1
          1
          1
          1
          1
          1
          1
          1
          1
          1
          1
          1
          1
          1
          1
          1
          1
          1
          1
          1
          1
          1
          1
          1
          1
          1
          1
          1
          1
          1
          1
          1
          1
          1
          1
          1
          1
          1
          1
          1
          1
          1
          1
          1
          1
          1
          1
          1
          1
          1
          1
          1
          1
          1
          1
          1
          1
          1
          1
          1
          1
          1
          1
          1
          1
          1
          1
          1
          1
          1
          1
          1
          1
          1
          1
          1
          1
          1
          1
          1
          1
          1
          1
          1
          1
          1
          1
          1
          1
          1
          1
          1
          1
          1
          1
          1
          1
          1
          1
          1
          1
          1
          1
          1
          1
          1
          1
          1
          1
          1
          1
          1
          1
          1
          1
          1
          1
          1
          1
          1
          1
          1
          1
          1
          1
          1
          1
          1
          1
          1
          1
          1
          1
          1
          1
          1
          1
          1
          1
          1
          1
          1
          1
          1
          1
          1
          1
          1
          1
          1
          1
          1
          1
          1
          1
          1
          1
          1
          1
          1
          1
          1
          1
          1
          1
          1
          1
          1
          1
          1
          1
          1
          1
          1
          1
          1
          1
          1
          1
          1
          1
          1
          1
          1
          1
          1
          1
          1
          1
          1
          1
          1
          1
          1
          1
          1
          1
          1
          1
          1
          1
          1
          1
          1
          1
          1
          1
          1
          1
          1
          1
          1
          1
          1
          1
          1
          1
          1
          1
          1
          1
          1
          1
          1
          1
          1
          1
          1
          1
          1
          1
          1
          1
          1
          1
          1
          1
          1
          1
          1
          1
          1
          1
          1
          1
          1
          1
          1
          1
          1
          1
          1
          1
          1
          1
          1
          1
          1
          1
          1
          1
          1
          1
          1
          1
          1
          1
          1
          1
          1
          1
          1
          1
          1
          1
          1
          1
          1
          1
          1
          1
          1
          1
          1
          1
          1
          1
          1
          1
          1
          1
          1
          1
          1
          1
          1
          1
          1
          1
          1
          1
          1
          1
          1
          1
          1
          1
          1
          1
          1
          1
          1
          1
          1
          1
          1
          1
          1
          1
          1
          1
          1
          1
          1
          1
          1
          1
          1
          1
          1
          1
          1
          1
          1
          1
          1
          1
          1
          1
          1
          1
          1
          1
          1
          1
          1
          1
          1
          1
          1
          1
          1
          1
          1
          1
          1
          1
          1
          1
          1
          1
          1
          1
          1
          1
          1
          1
          1
          1
          1
          1
          1
          1
          1
          1
          1
          1
          1
          1
          1
          1
          1
          1
          1
          1
          1
          1
          1
          1
          1
          1
          1
          1
          1
          1
          1
          1
          1
          1
          1
          1
          1
          1
          1
          1
          1
          1
          1
          1
          1
          1
          1
          1
          1
          1
          1
          1
          1
          1
          1
          1
          1
          1
          1
          1
          1
          1
          1
          1
          1
          1
          1
          1
          1
          1
          1
          1
          1
          1
          1
          1
          1
          1
          1
          1
          1
          1
          1
          1
          1
          1
          1
          1
          1
          1
          1
          1
          1
          1
          1
          1
          1
          1
          1
          1
          1
          1
          1
          1
          1
          1
          1
          1
          1
          1
          1
          1
          1
          1
          1
          1
          1
          1
          1
          1
          1
          1
          1
          1
          1
          1
          1
          1
          1
          1
          1
          1
          1
          1
          1
          1
          1
          1
          1
          1
          1
          1
          1
          1
          1
          1
          1
          1
          1
          1
          1
          1
          1
          1
          1
          1
          1
          1
          1
          1
          1
          1
          1
          1
          1
          1
          1
          1
          1
          1
          1
          1
          1
          1
          1
          1
          1
          1
          1
          1
          1
          1
          1
          1
          1
          1
          1
          1
          1
          1
          1
          1
          1
          1
          1
          1
          1
          1
          1
          1
          1
          1
          1
          1
          1
          1
          1
          1
          1
          1
          1
          1
          1
          1
          1
          1
          1
          1
          1
          1
          1
          1
          1
          1
          1
          1
          1
          1
          1
          1
          1
          1
          1
          1
          1
          1
          1
          1
          1
          1
          1
          1
          1
          1
          1
          1
          1
          1
          1
          1
          1
          1
          1
          1
          1
          1
          1
          1
          1
          1
          1
          1
          1
          1
          1
          1
          1
          1
          1
          1
          1
          1
          1
          1
          1
          1
          1
          1
          1
          1
          1
          1
          1
          1
          1
          1
          1
          1
          1
          1
          1
          1
          1
          1
          1
          1
          1
          1
          1
          1
          1
          1
          1
          1
          1
          1
          1
          1
          1
          1
          1
          1
          1
          1
          1
          1
          1
          1
          1
          1
          1
          1
          1
          1
          1
          1
          1
          1
          1
          1
          1
          1
          1
          1
          1
          1
          1
          1
          1
          1
          1
          1
          1
          1
          1
          1
          1
          1
          1
          1
          1
          1
          1
          1
          1
          1
          1
          1
          1
          1
          1
          1
          1
          1
          1
          1
          1
          1
          1
          1
          1
          1
          1
          1
          1
          1
          1
          1
          1
          1
          1
          1
          1
          1
          1
          1
          1
          1
          1
          1
          1
          1
          1
          1
          1
          1
          1
          1
          1
          1
          1
          1
          1
          1
          1
          1
          1
          1
          1
          1
          1
          1
          1
          1
          1
          1
          1
          1
          1
          1
          1
          1
          1
          1
          1
          1
          1
          1
          1
          1
          1
          1
          1
          1
          1
          1
          1
          1
          1
          1
          1
          1
          1
          1
          1
          1
          1
          1
          1
          1
          1
          1
          1
          1
          1
          1
          1
          1
          1
          1
          1
          1
          1
          1
          1
          1
          1
          1
          1
          1
          1
          1
          1
          1
          1
          1
          1
          1
          1
          1
          1
          1
          1
          1
          1
          1
          1
          1
          1
          1
          1
          1
          1
          1
          1
          1
          1
          1
          1
          1
          1
          1
          1
          1
          1
          1
          1
          1
          1
          1
          1
          1
          1
          1
          1
          1
          1
          1
          1
          1
          1
          1
          1
          1
          1
          1
          1
          1
          1
          1
          1
          1
          1
          1
          1
          1
          1
          1
          1
          1
          1
          1
          1
          1
          1
          1
          1
          1
          1
          1
          1
          1
          1
          1
          1
          1
          1
          1
          1
          1
          1
          1
          1
          1
          1
          1
          1
          1
          1
          1
          1
          1
          1
          1
          1
          1
          1
          1
          1
          1
          1
          1
          1
          1
          1
          1
          1
          1
          1
          1
          1
          1
          1
          1
          1
          1
          1
          1
          1
          1
          1
          1
          1
          1
          1
          1
          1
          1
          1
          1
          1
          1
          1
          1
          1
          1
          1
          1
          1
          1
          1
          1
          1
          1
          1
          1
          1
          1
          1
          1
          1
          1
          1
          1
          1
          1
          1
          1
          1
          1
          1
          1
          1
          1
          1
          1
          1
          1
          1
          1
          1
          1
          1
          1
          1
          1
          1
          1
          1
          1
          1
          1
          1
          1
          1
          1
          1
          1
          1
          1
          1
          1
          1
          1
          1
          1
          1
          1
          1
          1
          1
          1
          1
          1
          1
          1
          1
          1
          1
          1
          1
          1
          1
          1
          1
          1
          1
          1
          1
          1
          1
          1
          1
          1
          1
          1
          1
          1
          1
          1
          1
          1
          1
          1
          1
          1
          1
          1
          1
          1
          1
          1
          1
          1
          1
          1
          1
          1
          1
          1
          1
          1
          1
          1
          1
          1
          1
          1
          1
          1
          1
          1
          1
          1
          1
          1
          1
          1
          1
          1
          1
          1
          1
          1
          1
          1
          1
          1
          1
          1
          1
          1
          1
          1
          1
          1
          1
          1
          1
          1
          1
          1
          1
          1
          1
          1
          1
          1
          1
          1
          1
          1
          1
          1
          1
          1
          1
          1
          1
          1
          1
          1
          1
          1
          1
          1
          1
          1
          1
          1
          1
          1
          1
          1
          1
          1
          1
          1
          1
          1
          1
          1
          1
          1
          1
          1
          1
          1
          1
          1
          1
          1
          1
          1
          1
          1
          1
          1
          1
          1
          1
          1
          1
          1
          1
          1
          1
          1
          1
          1
          1
          1
          1
          1
          1
          1
          1
          1
          1
          1
          1
          1
          1
          1
          1
          1
          1
          1
          1
          1
          1
          1
          1
          1
          1
          1
          1
          1
          1
          1
          1
          1
          1
          1
          1
          1
          1
          1
          1
          1
          1
          1
          1
          1
          1
          1
          1
          1
          1
          1
          1
          1
          1
          1
          1
          1
          1
          1
          1
          1
          1
          1
          1
          1
          1
          1
          1
          1
          1
          1
          1
          1
          1
          1
          1
          1
          1
          1
          1
          1
          1
          1
          1
          1
          1
          1
          1
          1
          1
          1
          1
          1
          1
          1
          1
          1
          1
          1
          1
          1
          1
          1
          1
          1
          1
          1
          1
          1
          1
          1
          1
          1
          1
          1
          1
          1
          1
          1
          1
          1
          1
          1
          1
          1
          1
          1
          1
          1
          1
          1
          1
          1
          1
          1
          1
          1
          1
          1
          1
          1
          1
          1
          1
          1
          1
          1
          1
          1
          1
          1
          1
          1
          1
          1
          1
          1
          1
          1
          1
          1
          1
          1
          1
          1
          1
          1
          1
          1
          1
          1
          1
          1
          1
          1
          1
          1
          1
          1
          1
          1
          1
          1
          1
          1
          1
          1
          1
          1
          1
          1
          1
          1
          1
          1
          1
          1
          1
          1
          1
          1
          1
          1
          1
          1
          1
          1
          1
          1
          1
          1
          1
          1
          1
          1
          1
          1
          1
          1
          1
          1
          1
          1
          1
          1
          1
          1
          1
          1
          1
          1
          1
          1
          1
          1
          1
          1
          1
          1
          1
          1
          1
          1
          1
          1
          1
          1
          1
          1
          1
          1
          1
          1
          1
          1
          1
          1
          1
          1
          1
          1
          1
          1
          1
          1
          1
          1
          1
          1
          1
          1
          1
          1
          1
          1
          1
          1
          1
          1
          1
          1
          1
          1
          1
          1
          1
          1
          1
          1
          1
          1
          1
          1
          1
          1
          1
          1
          1
          1
          1
          1
          1
          1
          1
          1
          1
          1
          1
          1
          1
          1
          1
          1
          1
          1
          1
          1
          1
          1
          1
          1
          1
          1
          1
          1
          1
          1
          1
          1
          1
          1
          1
          1
          1
          1
          1
          1
          1
          1
          1
          1
          1
          1
          1
          1
          1
          1
          1
          1
          1
          1
          1
          1
          1
          1
          1
          1
          1
          1
          1
          1
          1
          1
          1
          1
          1
          1
          1
          1
          1
          1
          1
          1
          1
          1
          1
          1
          1
          1
          1
          1
          1
          1
          1
          1
          1
          1
          1
          1
          1
          1
          1
          1
          1
          1
          1
          1
          1
          1
          1
          1
          1
          1
          1
          1
          1
          1
          1
          1
          1
          1
          1
          1
          1
          1
          1
          1
          1
          1
          1
          1
          1
          1
          1
          1
          1
          1
          1
          1
          1
          1
          1
          1
          1
          1
          1
          1
          1
          1
          1
          1
          1
          1
          1
          1
          1
          1
          1
          1
          1
          1
          1
          1
          1
          1
          1
          1
          1
          1
          1
          1
          1
          1
          1
          1
          1
          1
          1
          1
          1
          1
          1
          1
          1
          1
          1
          1
          1
          1
          1
          1
          1
          1
          1
          1
          1
          1
          1
          1
          1
          1
          1
          1
          1
          1
          1
          1
          1
          1
          1
          1
          1
          1
          1
          1
          1
          1
          1
          1
          1
          1
          1
          1
          1
          1
          1
          1
          1
          1
          1
          1
          1
          1
          1
          1
          1
          1
          1
          1
          1
          1
          1
          1
          1
          1
          1
          1
          1
          1
          1
          1
          1
          1
          1
          1
          1
          1
          1
          1
          1
          1
          1
          1
          1
          1
          1
          1
          1
          1
          1
          1
          1
          1
          1
          1
          1
          1
          1
          1
          1
          1
          1
          1
          1
          1
          1
          1
          1
          1
          1
          1
          1
          1
          1
          1
          1
          1
          1
          1
          1
          1
          1
          1
          1
          1
          1
          1
          1
          1
          1
          1
          1
          1
          1
          1
          1
          1
          1
          1
          1
          1
          1
          1
          1
          1
          1
          1
          1
          1
          1
          1
          1
          1
          1
          1
          1
          1
          1
          1
          1
          1
          1
          1
          1
          1
          1
          1
          1
          1
          1
          1
          1
          1
          1
          1
          1
          1
          1
          1
          1
          1
          1
          1
          1
          1
          1
          1
          1
          1
          1
          1
          1
          1
          1
          1
          1
          1
          1
          1
          1
          1
          1
          1
          1
          1
          1
          1
          1
          1
          1
          1
          1
          1
          1
          1
          1
          1
          1
          1
          1
          1
          1
          1
          1
          1
          1
          1
          1
          1
          1
          1
          1
          1
          1
          1
          1
          1
          1
          1
          1
          1
          1
          1
          1
          1
          1
          1
          1
          1
          1
          1
          1
          1
          1
          1
          1
          1
          1
          1
          1
          1
          1
          1
          1
          1
          1
          1
          1
          1
          1
          1
          1
          1
          1
          1
          1
          1
          1
          1
          1
          1
          1
          1
          1
          1
          1
          1
          1
          1
          1
          1
          1
          1
          1
          1
          1
          1
          1
          1
          1
          1
          1
          1
          1
          1
          1
          1
          1
          1
          1
          1
          1
          1
          1
          1
          1
          1
          1
          1
          1
          1
          1
          1
          1
          1
          1
          1
          1
          1
          1
          1
          1
          1
          1
          1
          1
          1
          1
          1
          1
          1
          1
          1
          1
          1
          1
          1
          1
          1
          1
          1
          1
          1
          1
          1
          1
          1
          1
          1
          1
          1
          1
          1
          1
          1
          1
          1
          1
          1
          1
          1
          1
          1
          1
          1
          1
          1
          1
          1
          1
          1
          1
          1
          1
          1
          1
          1
          1
          1
          1
          1
          1
          1
          1
          1
          1
          1
          1
          1
          1
          1
          1
          1
          1
          1
          1
          1
          1
          1
          1
          1
          1
          1
          1
          1
          1
          1
          1
          1
          1
          1
          1
          1
          1
          1
          1
          1
          1
          1
          1
          1
          1
          1
          1
          1
          1
          1
          1
          1
          1
          1
          1
          1
          1
          1
          1
          1
          1
          1
          1
          1
          1
          1
          1
          1
          1
          1
          1
          1
          1
          1
          1
          1
          1
          1
          1
          1
          1
          1
          1
          1
          1
          1
          1
          1
          1
          1
          1
          1
          1
          1
          1
          1
          1
          1
          1
          1
          1
          1
          1
          1
          1
          1
          1
          1
          1
          1
          1
          1
          1
          1
          1
          1
          1
          1
          1
          1
          1
          1
          1
          1
          1
          1
          1
          1
          1
          1
          1
          1
          1
          1
          1
          1
          1
          1
          1
          1
          1
          1
          1
          1
          1
          1
          1
          1
          1
          1
          1
          1
          1
          1
          1
          1
          1
          1
          1
          1
          1
          1
          1
          1
          1
          1
          1
          1
          1
          1
          1
          1
          1
          1
          1
          1
          1
          1
          1
          1
          1
          1
          1
          1
          1
          1
          1
          1
          1
          1
          1
          1
          1
          1
          1
          1
          1
          1
          1
          1
          1
          1
          1
          1
          1
          1
          1
          1
          1
          1
          1
          1
          1
          1
          1
          1
          1
          1
          1
          1
          1
          1
          1
          1
          1
          1
          1
          1
          1
          1
          1
          1
          1
          1
          1
          1
          1
          1
          1
          1
          1
          1
          1
          1
          1
          1
          1
          1
          1
          1
          1
          1
          1
          1
          1
          1
          1
          1
          1
          1
          1
          1
          1
          1
          1
          1
          1
          1
          1
          1
          1
          1
          1
          1
          1
          1
          1
          1
          1
          1
          1
          1
          1
          1
          1
          1
          1
          1
          1
          1
          1
          1
          1
          1
          1
          1
          1
          1
          1
          1
          1
          1
          1
          1
          1
          1
          1
          1
          1
          1
          1
          1
          1
          1
          1
          1
          1
          1
          1
          1
          1
          1
          1
          1
          1
          1
          1
          1
          1
          1
          1
          1
          1
          1
          1
          1
          1
          1
          1
          1
          1
          1
          1
          1
          1
          1
          1
          1
          1
          1
          1
          1
          1
          1
          1
          1
          1
          1
          1
          1
          1
          1
          1
          1
          1
          1
          1
          1
          1
          1
          1
          1
          1
          1
   0.999999
   0.999999
          1
          1
          1
          1
          1
          1
          1
          1
          1
          1
          1
          1
          1
          1
          1
          1
          1
          1
          1
          1
          1
          1
          1
          1
          1
          1
          1
          1
          1
          1
          1
          1
          1
          1
          1
          1
          1
          1
          1
          1
          1
          1
          1
          1
          1
          1
          1
          1
          1
          1
          1
          1
          1
          1
          1
          1
          1
   0.999999
   0.999999
   0.999999
   0.999999
          1
          1
          1
          1
          1
          1
          1
          1
          1
          1
          1
          1
          1
          1
          1
          1
          1
          1
          1
          1
          1
          1
          1
          1
          1
          1
          1
          1
          1
          1
          1
          1
          1
          1
          1
          1
          1
          1
          1
          1
          1
          1
          1
          1
          1
          1
          1
          1
          1
          1
          1
          1
          1
          1
          1
          1
   0.999999
   0.999999
   0.999999
   0.999999
          1
          1
          1
          1
          1
          1
          1
          1
          1
          1
          1
          1
          1
          1
          1
          1
          1
          1
          1
          1
          1
          1
          1
          1
          1
          1
          1
          1
          1
          1
          1
          1
          1
          1
          1
          1
          1
          1
          1
          1
          1
          1
          1
          1
          1
          1
          1
          1
          1
          1
          1
          1
          1
          1
          1
          1
          1
   0.999999
   0.999999
          1
          1
          1
          1
          1
          1
          1
          1
          1
          1
          1
          1
          1
          1
          1
          1
          1
          1
          1
          1
          1
          1
          1
          1
          1
          1
          1
          1
          1
          1
          1
          1
          1
          1
          1
          1
          1
          1
          1
          1
          1
          1
          1
          1
          1
          1
          1
          1
          1
          1
          1
          1
          1
          1
          1
          1
          1
          1
          1
          1
          1
          1
          1
          1
          1
          1
          1
          1
          1
          1
          1
          1
          1
          1
          1
          1
          1
          1
          1
          1
          1
          1
          1
          1
          1
          1
          1
          1
          1
          1
          1
          1
          1
          1
          1
          1
          1
          1
          1
          1
          1
          1
          1
          1
          1
          1
          1
          1
          1
          1
          1
          1
          1
          1
          1
          1
          1
          1
          1
          1
          1
          1
          1
          1
          1
          1
          1
          1
          1
          1
          1
          1
          1
          1
          1
          1
          1
          1
          1
          1
          1
          1
          1
          1
          1
          1
          1
          1
          1
          1
          1
          1
          1
          1
          1
          1
          1
          1
          1
          1
          1
          1
          1
          1
          1
          1
          1
          1
          1
          1
          1
          1
          1
          1
          1
          1
          1
          1
          1
          1
          1
          1
          1
          1
          1
          1
          1
          1
          1
          1
          1
          1
          1
          1
          1
          1
          1
          1
          1
          1
          1
          1
          1
          1
          1
          1
          1
          1
          1
          1
          1
          1
          1
          1
          1
          1
          1
          1
          1
          1
          1
          1
          1
          1
          1
          1
          1
          1
          1
          1
          1
          1
          1
          1
          1
          1
          1
          1
          1
          1
          1
          1
          1
          1
          1
          1
          1
          1
          1
          1
          1
          1
          1
          1
          1
          1
          1
          1
          1
          1
          1
          1
          1
          1
          1
          1
          1
          1
          1
          1
          1
          1
          1
          1
          1
          1
          1
          1
          1
          1
          1
          1
          1
          1
          1
          1
          1
          1
          1
          1
          1
          1
          1
          1
          1
          1
          1
          1
          1
          1
          1
          1
          1
          1
          1
          1
          1
          1
          1
          1
          1
          1
          1
          1
          1
          1
          1
          1
          1
          1
          1
          1
          1
          1
          1
          1
          1
          1
          1
          1
          1
          1
          1
          1
          1
          1
          1
          1
          1
          1
          1
          1
          1
          1
          1
          1
          1
          1
          1
          1
          1
          1
          1
          1
          1
          1
          1
          1
          1
          1
          1
          1
          1
          1
          1
          1
          1
          1
          1
          1
          1
          1
          1
          1
          1
          1
          1
          1
          1
          1
          1
          1
          1
          1
          1
          1
          1
          1
          1
          1
          1
          1
          1
          1
          1
          1
          1
          1
          1
          1
          1
          1
          1
          1
          1
          1
          1
          1
          1
          1
          1
          1
          1
          1
          1
          1
          1
          1
          1
          1
          1
          1
          1
          1
          1
          1
          1
          1
          1
          1
          1
          1
          1
          1
          1
          1
          1
          1
          1
          1
          1
          1
          1
          1
          1
          1
          1
          1
          1
          1
          1
          1
          1
          1
          1
          1
          1
          1
          1
          1
          1
          1
          1
          1
          1
          1
          1
          1
          1
          1
          1
          1
          1
          1
          1
          1
          1
          1
          1
          1
          1
          1
          1
          1
          1
          1
          1
          1
          1
          1
          1
          1
          1
          1
          1
          1
          1
          1
          1
          1
          1
          1
          1
          1
          1
          1
          1
          1
          1
          1
          1
          1
          1
          1
          1
          1
          1
          1
          1
          1
          1
          1
          1
          1
          1
          1
          1
          1
          1
          1
          1
          1
          1
          1
          1
          1
          1
          1
          1
          1
          1
          1
          1
          1
          1
          1
          1
          1
          1
          1
          1
          1
          1
          1
          1
          1
          1
          1
          1
          1
          1
          1
          1
          1
          1
          1
          1
          1
          1
          1
          1
          1
          1
          1
          1
          1
          1
          1
          1
          1
          1
          1
          1
          1
          1
          1
          1
          1
          1
          1
          1
          1
          1
          1
          1
          1
          1
          1
          1
          1
          1
          1
          1
          1
          1
          1
          1
          1
          1
          1
          1
          1
          1
          1
          1
          1
          1
          1
          1
          1
          1
          1
          1
          1
          1
          1
          1
          1
          1
          1
          1
          1
          1
          1
          1
          1
          1
          1
          1
          1
          1
          1
          1
          1
          1
          1
          1
          1
          1
          1
          1
          1
          1
          1
          1
          1
          1
          1
          1
          1
          1
          1
          1
          1
          1
          1
          1
          1
          1
          1
          1
          1
          1
          1
          1
          1
          1
          1
          1
          1
          1
          1
          1
          1
          1
          1
          1
          1
          1
          1
          1
          1
          1
          1
          1
          1
          1
          1
          1
          1
          1
          1
          1
          1
          1
          1
          1
          1
          1
          1
          1
          1
          1
          1
          1
          1
          1
          1
          1
          1
          1
          1
          1
          1
          1
          1
          1
          1
          1
          1
          1
          1
          1
          1
          1
          1
          1
          1
          1
          1
          1
          1
          1
          1
          1
          1
          1
          1
          1
          1
          1
          1
          1
          1
          1
          1
          1
          1
          1
          1
          1
          1
          1
          1
          1
          1
          1
          1
          1
          1
          1
          1
          1
          1
          1
          1
          1
          1
          1
          1
          1
          1
          1
          1
          1
          1
          1
          1
          1
          1
          1
          1
          1
          1
          1
          1
          1
          1
          1
          1
          1
          1
          1
          1
          1
          1
          1
          1
          1
          1
          1
          1
          1
          1
          1
          1
          1
          1
          1
          1
          1
          1
          1
          1
          1
          1
          1
          1
          1
          1
          1
          1
          1
          1
          1
          1
          1
          1
          1
          1
          1
          1
          1
          1
          1
          1
          1
          1
          1
          1
          1
          1
          1
          1
          1
          1
          1
          1
          1
          1
          1
          1
          1
          1
          1
          1
          1
          1
          1
          1
          1
          1
          1
          1
          1
          1
          1
          1
          1
          1
          1
          1
          1
          1
          1
          1
          1
          1
          1
          1
          1
          1
          1
          1
          1
          1
          1
          1
          1
          1
          1
          1
          1
          1
          1
          1
          1
          1
          1
          1
          1
          1
          1
          1
          1
          1
          1
          1
          1
          1
          1
          1
          1
          1
          1
          1
          1
          1
          1
          1
          1
          1
          1
          1
          1
          1
          1
          1
          1
          1
          1
          1
          1
          1
          1
          1
          1
          1
          1
          1
          1
          1
          1
          1
          1
          1
          1
          1
          1
          1
          1
          1
          1
          1
          1
          1
          1
          1
          1
          1
          1
          1
          1
          1
          1
          1
          1
          1
          1
          1
          1
          1
          1
          1
          1
          1
          1
          1
          1
          1
          1
          1
          1
          1
          1
          1
          1
          1
          1
          1
          1
          1
          1
          1
          1
          1
          1
          1
          1
          1
          1
          1
          1
          1
          1
          1
          1
          1
          1
          1
          1
          1
          1
          1
          1
          1
          1
          1
          1
          1
          1
          1
          1
          1
          1
          1
          1
          1
          1
          1
          1
          1
          1
          1
          1
          1
          1
          1
          1
          1
          1
          1
          1
          1
          1
          1
          1
          1
          1
          1
          1
          1
          1
          1
          1
          1
          1
          1
          1
          1
          1
          1
          1
          1
          1
          1
          1
          1
          1
          1
          1
          1
          1
          1
          1
          1
          1
          1
          1
          1
          1
          1
          1
          1
          1
          1
          1
          1
          1
          1
          1
          1
          1
          1
          1
          1
          1
          1
          1
          1
          1
          1
          1
          1
          1
          1
          1
          1
          1
          1
          1
          1
          1
          1
          1
          1
          1
          1
          1
          1
          1
          1
          1
          1
          1
          1
          1
          1
          1
          1
          1
          1
          1
          1
          1
          1
          1
          1
          1
          1
          1
          1
          1
          1
          1
          1
          1
          1
          1
          1
          1
          1
          1
          1
          1
          1
          1
          1
          1
          1
          1
          1
          1
          1
          1
          1
          1
          1
          1
          1
          1
          1
          1
          1
          1
          1
          1
          1
          1
          1
          1
          1
          1
          1
          1
          1
          1
          1
          1
          1
          1
          1
          1
          1
          1
          1
          1
          1
          1
          1
          1
          1
          1
          1
          1
          1
          1
          1
          1
          1
          1
          1
          1
          1
          1
          1
          1
          1
          1
          1
          1
          1
          1
          1
          1
          1
          1
          1
          1
          1
          1
          1
          1
          1
          1
          1
          1
          1
          1
          1
          1
          1
          1
          1
          1
          1
          1
          1
          1
          1
          1
          1
          1
          1
          1
          1
          1
          1
          1
          1
          1
          1
          1
          1
          1
          1
          1
          1
          1
          1
          1
          1
          1
          1
          1
          1
          1
          1
          1
          1
          1
          1
          1
          1
          1
          1
          1
          1
          1
          1
          1
          1
          1
          1
          1
          1
          1
          1
          1
          1
          1
          1
          1
          1
          1
          1
          1
          1
          1
          1
          1
          1
          1
          1
          1
          1
          1
          1
          1
          1
          1
          1
          1
          1
          1
          1
          1
          1
          1
          1
          1
          1
          1
          1
          1
          1
          1
          1
          1
          1
          1
          1
          1
          1
          1
          1
          1
          1
          1
          1
          1
          1
          1
          1
          1
          1
          1
          1
          1
          1
          1
          1
          1
          1
          1
          1
          1
          1
          1
          1
          1
          1
          1
          1
          1
          1
          1
          1
          1
          1
          1
          1
          1
          1
          1
          1
          1
          1
          1
          1
          1
          1
          1
          1
          1
          1
          1
          1
          1
          1
          1
          1
          1
          1
          1
          1
          1
          1
          1
          1
          1
          1
          1
          1
          1
          1
          1
          1
          1
          1
          1
          1
          1
          1
          1
          1
          1
          1
          1
          1
          1
          1
          1
          1
          1
          1
          1
          1
          1
          1
          1
          1
          1
          1
          1
          1
          1
          1
          1
          1
          1
          1
          1
          1
          1
          1
          1
          1
          1
          1
          1
          1
          1
          1
          1
          1
          1
          1
          1
          1
          1
          1
          1
          1
          1
          1
          1
          1
          1
          1
          1
          1
          1
          1
          1
          1
          1
          1
          1
          1
          1
          1
          1
          1
          1
          1
          1
          1
          1
          1
          1
          1
          1
          1
          1
          1
          1
          1
          1
          1
          1
          1
          1
          1
          1
          1
          1
          1
          1
          1
          1
          1
          1
          1
          1
          1
          1
          1
          1
          1
          1
          1
          1
          1
          1
          1
          1
          1
          1
          1
          1
          1
          1
          1
          1
          1
          1
          1
          1
          1
          1
          1
          1
          1
          1
          1
          1
          1
          1
          1
          1
          1
          1
          1
          1
          1
          1
          1
          1
          1
          1
          1
          1
          1
          1
          1
          1
          1
          1
          1
          1
          1
          1
          1
          1
          1
          1
          1
          1
          1
          1
          1
          1
          1
          1
          1
          1
          1
          1
          1
          1
          1
          1
          1
          1
          1
          1
          1
          1
          1
          1
          1
          1
          1
          1
          1
          1
          1
          1
          1
          1
          1
          1
          1
          1
          1
          1
          1
          1
          1
          1
          1
          1
          1
          1
          1
          1
          1
          1
          1
          1
          1
          1
          1
          1
          1
          1
          1
          1
          1
          1
          1
          1
          1
          1
          1
          1
          1
          1
          1
          1
          1
          1
          1
          1
          1
          1
          1
          1
          1
          1
          1
          1
          1
          1
          1
          1
          1
          1
          1
          1
          1
          1
          1
          1
          1
          1
          1
          1
          1
          1
          1
          1
          1
          1
          1
          1
          1
          1
          1
          1
          1
          1
          1
          1
          1
          1
          1
          1
          1
          1
          1
          1
          1
          1
          1
          1
          1
          1
          1
          1
          1
          1
          1
          1
          1
          1
          1
          1
          1
          1
          1
          1
          1
          1
          1
          1
          1
          1
          1
          1
          1
          1
          1
          1
          1
          1
          1
          1
          1
          1
          1
          1
          1
          1
          1
          1
          1
          1
          1
          1
          1
          1
          1
          1
          1
          1
          1
          1
          1
          1
          1
          1
          1
          1
          1
          1
          1
          1
          1
          1
          1
          1
          1
          1
          1
          1
          1
          1
          1
          1
          1
          1
          1
          1
          1
          1
          1
          1
          1
          1
          1
          1
          1
          1
          1
          1
          1
          1
          1
          1
          1
          1
          1
          1
          1
          1
          1
          1
          1
          1
          1
          1
          1
          1
          1
          1
          1
          1
          1
          1
          1
          1
          1
          1
          1
          1
          1
          1
          1
          1
          1
          1
          1
          1
          1
          1
          1
          1
          1
          1
          1
          1
          1
          1
          1
          1
          1
          1
          1
          1
          1
          1
          1
          1
          1
          1
          1
          1
          1
          1
          1
          1
          1
          1
          1
          1
          1
          1
          1
          1
          1
          1
          1
          1
          1
          1
          1
          1
          1
          1
          1
          1
          1
          1
          1
          1
          1
          1
          1
          1
          1
          1
          1
          1
          1
          1
          1
          1
          1
          1
          1
          1
          1
          1
          1
          1
          1
          1
          1
          1
          1
          1
          1
          1
          1
          1
          1
          1
          1
          1
          1
          1
          1
          1
          1
          1
          1
          1
          1
          1
          1
          1
          1
          1
          1
          1
          1
          1
          1
          1
          1
          1
          1
          1
          1
          1
          1
          1
          1
          1
          1
          1
          1
          1
          1
          1
          1
          1
          1
          1
          1
          1
          1
          1
          1
          1
          1
          1
          1
          1
          1
          1
          1
          1
          1
          1
          1
          1
          1
          1
          1
          1
          1
          1
          1
          1
          1
          1
          1
          1
          1
          1
          1
          1
          1
          1
          1
          1
          1
          1
          1
          1
          1
          1
          1
          1
          1
          1
          1
          1
          1
          1
          1
          1
          1
          1
          1
          1
          1
          1
          1
          1
          1
          1
          1
          1
          1
          1
          1
          1
          1
          1
          1
          1
          1
          1
          1
          1
          1
          1
          1
          1
          1
          1
          1
          1
          1
          1
          1
          1
          1
          1
          1
          1
          1
          1
          1
          1
          1
          1
          1
          1
          1
          1
          1
          1
          1
          1
          1
          1
          1
          1
          1
          1
          1
          1
          1
          1
          1
          1
          1
          1
          1
          1
          1
          1
          1
          1
          1
          1
          1
          1
          1
          1
          1
          1
          1
          1
          1
          1
          1
          1
          1
          1
          1
          1
          1
          1
          1
          1
          1
          1
          1
          1
          1
          1
          1
          1
          1
          1
          1
          1
          1
          1
          1
          1
          1
          1
          1
          1
          1
          1
          1
          1
          1
          1
          1
          1
          1
          1
          1
          1
          1
          1
          1
          1
          1
          1
          1
          1
          1
          1
          1
          1
          1
          1
          1
          1
          1
          1
          1
          1
          1
          1
          1
          1
          1
          1
          1
          1
          1
          1
          1
          1
          1
          1
          1
          1
          1
          1
          1
          1
          1
          1
          1
          1
          1
          1
          1
          1
          1
          1
          1
          1
          1
          1
          1
          1
          1
          1
          1
          1
          1
          1
          1
          1
          1
          1
          1
          1
          1
          1
          1
          1
          1
          1
          1
          1
          1
          1
          1
          1
          1
          1
          1
          1
          1
          1
          1
          1
          1
          1
          1
          1
          1
          1
          1
          1
          1
          1
          1
          1
          1
          1
          1
          1
          1
          1
          1
          1
          1
          1
          1
          1
          1
          1
          1
          1
          1
          1
          1
          1
          1
          1
          1
          1
          1
          1
          1
          1
          1
          1
          1
          1
          1
          1
          1
          1
          1
          1
          1
          1
          1
          1
          1
          1
          1
          1
          1
          1
          1
          1
          1
          1
          1
          1
          1
          1
          1
          1
          1
          1
          1
          1
          1
          1
          1
          1
          1
          1
          1
          1
          1
          1
          1
          1
          1
          1
          1
          1
          1
          1
          1
          1
          1
          1
          1
          1
          1
          1
          1
          1
          1
          1
          1
          1
          1
          1
          1
          1
          1
          1
          1
          1
          1
          1
          1
          1
          1
          1
          1
          1
          1
          1
          1
          1
          1
          1
          1
          1
          1
          1
          1
          1
          1
          1
          1
          1
          1
          1
          1
          1
          1
          1
          1
          1
          1
          1
          1
          1
          1
          1
          1
          1
          1
          1
          1
          1
          1
          1
          1
          1
          1
          1
          1
          1
          1
          1
          1
          1
          1
          1
          1
          1
          1
          1
          1
          1
          1
          1
          1
          1
          1
          1
          1
          1
          1
          1
          1
          1
          1
          1
          1
          1
          1
          1
          1
          1
          1
          1
          1
          1
          1
          1
          1
          1
          1
          1
          1
          1
          1
          1
          1
          1
          1
          1
          1
          1
          1
          1
          1
          1
          1
          1
          1
          1
          1
          1
          1
          1
          1
          1
          1
          1
          1
          1
          1
          1
          1
          1
          1
          1
          1
          1
          1
          1
          1
          1
          1
          1
          1
          1
          1
          1
          1
          1
          1
          1
          1
          1
          1
          1
          1
          1
          1
          1
          1
          1
          1
          1
          1
          1
          1
          1
          1
          1
          1
          1
          1
          1
          1
          1
          1
          1
          1
          1
          1
          1
          1
          1
          1
          1
          1
          1
          1
          1
          1
          1
          1
          1
          1
          1
          1
          1
          1
          1
          1
          1
          1
          1
          1
          1
          1
          1
          1
          1
          1
          1
          1
          1
          1
          1
          1
          1
          1
          1
          1
          1
          1
          1
          1
          1
          1
          1
          1
          1
          1
          1
          1
          1
          1
          1
          1
          1
          1
          1
          1
          1
          1
          1
          1
          1
          1
          1
          1
          1
          1
          1
          1
          1
          1
          1
          1
          1
          1
          1
          1
          1
          1
          1
          1
          1
          1
          1
          1
          1
          1
          1
          1
          1
          1
          1
          1
          1
          1
          1
          1
          1
          1
          1
          1
          1
          1
          1
          1
          1
          1
          1
          1
          1
          1
          1
          1
          1
          1
          1
          1
          1
          1
          1
          1
          1
          1
          1
          1
          1
          1
          1
          1
          1
          1
          1
          1
          1
          1
          1
          1
          1
          1
          1
          1
          1
          1
          1
          1
          1
          1
          1
          1
          1
          1
          1
          1
          1
          1
          1
          1
          1
          1
          1
          1
          1
          1
          1
          1
          1
          1
          1
          1
          1
          1
          1
          1
          1
          1
          1
          1
          1
          1
          1
          1
          1
          1
          1
          1
          1
          1
          1
          1
          1
          1
          1
          1
          1
          1
          1
          1
          1
          1
          1
          1
          1
          1
          1
          1
          1
          1
          1
          1
          1
          1
          1
          1
          1
          1
          1
          1
          1
          1
          1
          1
          1
          1
          1
          1
          1
          1
          1
          1
          1
          1
          1
          1
          1
          1
          1
          1
          1
          1
          1
          1
          1
          1
          1
          1
          1
          1
          1
          1
          1
          1
          1
          1
          1
          1
          1
          1
          1
          1
          1
          1
          1
          1
          1
          1
          1
          1
          1
          1
          1
          1
          1
          1
          1
          1
          1
          1
          1
          1
          1
          1
          1
          1
          1
          1
          1
          1
          1
          1
          1
          1
          1
          1
          1
          1
          1
          1
          1
          1
          1
          1
          1
          1
          1
          1
          1
          1
          1
          1
          1
          1
          1
          1
          1
          1
          1
          1
          1
          1
          1
          1
          1
          1
          1
          1
          1
          1
          1
          1
          1
          1
          1
          1
          1
          1
          1
          1
          1
          1
          1
          1
          1
          1
          1
          1
          1
          1
          1
          1
          1
          1
          1
          1
          1
          1
          1
          1
          1
          1
          1
          1
          1
          1
          1
          1
          1
          1
          1
          1
          1
          1
          1
          1
          1
          1
          1
          1
          1
          1
          1
          1
          1
          1
          1
          1
          1
          1
          1
          1
          1
          1
          1
          1
          1
          1
          1
          1
          1
          1
          1
          1
          1
          1
          1
          1
          1
          1
          1
          1
          1
          1
          1
          1
          1
          1
          1
          1
          1
          1
          1
          1
          1
          1
          1
          1
          1
          1
          1
          1
          1
          1
          1
          1
          1
          1
          1
          1
          1
          1
          1
          1
          1
          1
          1
          1
          1
          1
          1
          1
          1
          1
          1
          1
          1
          1
          1
          1
          1
          1
          1
          1
          1
          1
          1
          1
          1
          1
          1
          1
          1
          1
          1
          1
          1
          1
          1
          1
          1
          1
          1
          1
          1
          1
          1
          1
          1
          1
          1
          1
          1
          1
          1
          1
          1
          1
          1
          1
          1
          1
          1
          1
          1
          1
          1
          1
          1
          1
          1
          1
          1
          1
          1
          1
          1
          1
          1
          1
          1
          1
          1
          1
          1
          1
          1
          1
          1
          1
          1
          1
          1
          1
          1
          1
          1
          1
          1
          1
          1
          1
          1
          1
          1
          1
          1
          1
          1
          1
          1
          1
          1
          1
          1
          1
          1
          1
          1
          1
          1
          1
          1
          1
          1
          1
          1
          1
          1
          1
          1
          1
          1
          1
          1
          1
          1
          1
          1
          1
          1
          1
          1
          1
          1
          1
          1
          1
          1
          1
          1
          1
          1
          1
          1
          1
          1
          1
          1
          1
          1
          1
          1
          1
          1
          1
          1
          1
          1
          1
          1
          1
          1
          1
          1
          1
          1
          1
          1
          1
          1
          1
          1
          1
          1
          1
          1
          1
          1
          1
          1
          1
          1
          1
          1
          1
          1
          1
          1
          1
          1
          1
          1
          1
          1
          1
          1
          1
          1
          1
          1
          1
          1
          1
          1
          1
          1
          1
          1
          1
          1
          1
          1
          1
          1
          1
          1
          1
          1
          1
          1
          1
          1
          1
          1
          1
          1
          1
          1
          1
          1
          1
          1
          1
          1
          1
          1
          1
          1
          1
          1
          1
          1
          1
          1
          1
          1
          1
          1
          1
   0.999999
   0.999999
          1
          1
          1
          1
          1
          1
          1
          1
          1
          1
          1
          1
          1
          1
          1
          1
          1
          1
          1
          1
          1
          1
          1
          1
          1
          1
          1
          1
          1
          1
          1
          1
          1
          1
          1
          1
          1
          1
          1
          1
          1
          1
          1
          1
          1
          1
          1
          1
          1
          1
          1
          1
          1
          1
          1
          1
   0.999999
   0.999999
   0.999999
   0.999999
   0.999999
   0.999999
          1
          1
          1
          1
          1
          1
          1
          1
          1
          1
          1
          1
          1
          1
          1
          1
          1
          1
          1
          1
          1
          1
          1
          1
          1
          1
          1
          1
          1
          1
          1
          1
          1
          1
          1
          1
          1
          1
          1
          1
          1
          1
          1
          1
          1
          1
          1
          1
          1
          1
          1
          1
          1
   0.999999
   0.999999
   0.999999
   0.999999
   0.999999
   0.999999
   0.999999
   0.999999
          1
          1
          1
          1
          1
          1
          1
          1
          1
          1
          1
          1
          1
          1
          1
          1
          1
          1
          1
          1
          1
          1
          1
          1
          1
          1
          1
          1
          1
          1
          1
          1
          1
          1
          1
          1
          1
          1
          1
          1
          1
          1
          1
          1
          1
          1
          1
          1
          1
          1
          1
          1
   0.999999
   0.999999
   0.999998
   0.999998
   0.999998
   0.999998
   0.999999
   0.999999
          1
          1
          1
          1
          1
          1
          1
          1
          1
          1
          1
          1
          1
          1
          1
          1
          1
          1
          1
          1
          1
          1
          1
          1
          1
          1
          1
          1
          1
          1
          1
          1
          1
          1
          1
          1
          1
          1
          1
          1
          1
          1
          1
          1
          1
          1
          1
          1
          1
          1
          1
   0.999999
   0.999999
   0.999999
   0.999998
   0.999998
   0.999998
   0.999998
   0.999999
   0.999999
   0.999999
          1
          1
          1
          1
          1
          1
          1
          1
          1
          1
          1
          1
          1
          1
          1
          1
          1
          1
          1
          1
          1
          1
          1
          1
          1
          1
          1
          1
          1
          1
          1
          1
          1
          1
          1
          1
          1
          1
          1
          1
          1
          1
          1
          1
          1
          1
          1
          1
          1
          1
          1
   0.999999
   0.999999
   0.999998
   0.999998
   0.999998
   0.999998
   0.999999
   0.999999
          1
          1
          1
          1
          1
          1
          1
          1
          1
          1
          1
          1
          1
          1
          1
          1
          1
          1
          1
          1
          1
          1
          1
          1
          1
          1
          1
          1
          1
          1
          1
          1
          1
          1
          1
          1
          1
          1
          1
          1
          1
          1
          1
          1
          1
          1
          1
          1
          1
          1
          1
          1
   0.999999
   0.999999
   0.999998
   0.999998
   0.999998
   0.999998
   0.999999
   0.999999
          1
          1
          1
          1
          1
          1
          1
          1
          1
          1
          1
          1
          1
          1
          1
          1
          1
          1
          1
          1
          1
          1
          1
          1
          1
          1
          1
          1
          1
          1
          1
          1
          1
          1
          1
          1
          1
          1
          1
          1
          1
          1
          1
          1
          1
          1
          1
          1
          1
          1
          1
          1
   0.999999
   0.999999
   0.999999
   0.999999
   0.999999
   0.999999
   0.999999
   0.999999
          1
          1
          1
          1
          1
          1
          1
          1
          1
          1
          1
          1
          1
          1
          1
          1
          1
          1
          1
          1
          1
          1
          1
          1
          1
          1
          1
          1
          1
          1
          1
          1
          1
          1
          1
          1
          1
          1
          1
          1
          1
          1
          1
          1
          1
          1
          1
          1
          1
          1
          1
          1
          1
   0.999999
   0.999999
   0.999999
   0.999999
   0.999999
   0.999999
          1
          1
          1
          1
          1
          1
          1
          1
          1
          1
          1
          1
          1
          1
          1
          1
          1
          1
          1
          1
          1
          1
          1
          1
          1
          1
          1
          1
          1
          1
          1
          1
          1
          1
          1
          1
          1
          1
          1
          1
          1
          1
          1
          1
          1
          1
          1
          1
          1
          1
          1
          1
          1
          1
          1
          1
   0.999999
          1
          1
          1
          1
          1
          1
          1
          1
          1
          1
          1
          1
          1
          1
          1
          1
          1
          1
          1
          1
          1
          1
          1
          1
          1
          1
          1
          1
          1
          1
          1
          1
          1
          1
          1
          1
          1
          1
          1
          1
          1
          1
          1
          1
          1
          1
          1
          1
          1
          1
          1
          1
          1
          1
          1
          1
          1
          1
          1
          1
          1
          1
          1
          1
          1
          1
          1
          1
          1
          1
          1
          1
          1
          1
          1
          1
          1
          1
          1
          1
          1
          1
          1
          1
          1
          1
          1
          1
          1
          1
          1
          1
          1
          1
          1
          1
          1
          1
          1
          1
          1
          1
          1
          1
          1
          1
          1
          1
          1
          1
          1
          1
          1
          1
          1
          1
          1
          1
          1
          1
          1
          1
          1
          1
          1
          1
          1
          1
          1
          1
          1
          1
          1
          1
          1
          1
          1
          1
          1
          1
          1
          1
          1
          1
          1
          1
          1
          1
          1
          1
          1
          1
          1
          1
          1
          1
          1
          1
          1
          1
          1
          1
          1
          1
          1
          1
          1
          1
          1
          1
          1
          1
          1
          1
          1
          1
          1
          1
          1
          1
          1
          1
          1
          1
          1
          1
          1
          1
          1
          1
          1
          1
          1
          1
          1
          1
          1
          1
          1
          1
          1
          1
          1
          1
          1
          1
          1
          1
          1
          1
          1
          1
          1
          1
          1
          1
          1
          1
          1
          1
          1
          1
          1
          1
          1
          1
          1
          1
          1
          1
          1
          1
          1
          1
          1
          1
          1
          1
          1
          1
          1
          1
          1
          1
          1
          1
          1
          1
          1
          1
          1
          1
          1
          1
          1
          1
          1
          1
          1
          1
          1
          1
          1
          1
          1
          1
          1
          1
          1
          1
          1
          1
          1
          1
          1
          1
          1
          1
          1
          1
          1
          1
          1
          1
          1
          1
          1
          1
          1
          1
          1
          1
          1
          1
          1
          1
          1
          1
          1
          1
          1
          1
          1
          1
          1
          1
          1
          1
          1
          1
          1
          1
          1
          1
          1
          1
          1
          1
          1
          1
          1
          1
          1
          1
          1
          1
          1
          1
          1
          1
          1
          1
          1
          1
          1
          1
          1
          1
          1
          1
          1
          1
          1
          1
          1
          1
          1
          1
          1
          1
          1
          1
          1
          1
          1
          1
          1
          1
          1
          1
          1
          1
          1
          1
          1
          1
          1
          1
          1
          1
          1
          1
          1
          1
          1
          1
          1
          1
          1
          1
          1
          1
          1
          1
          1
          1
          1
          1
          1
          1
          1
          1
          1
          1
          1
          1
          1
          1
          1
          1
          1
          1
          1
          1
          1
          1
          1
          1
          1
          1
          1
          1
          1
          1
          1
          1
          1
          1
          1
          1
          1
          1
          1
          1
          1
          1
          1
          1
          1
          1
          1
          1
          1
          1
          1
          1
          1
          1
          1
          1
          1
          1
          1
          1
          1
          1
          1
          1
          1
          1
          1
          1
          1
          1
          1
          1
          1
          1
          1
          1
          1
          1
          1
          1
          1
          1
          1
          1
          1
          1
          1
          1
          1
          1
          1
          1
          1
          1
          1
          1
          1
          1
          1
          1
          1
          1
          1
          1
          1
          1
          1
          1
          1
          1
          1
          1
          1
          1
          1
          1
          1
          1
          1
          1
          1
          1
          1
          1
          1
          1
          1
          1
          1
          1
          1
          1
          1
          1
          1
          1
          1
          1
          1
          1
          1
          1
          1
          1
          1
          1
          1
          1
          1
          1
          1
          1
          1
          1
          1
          1
          1
          1
          1
          1
          1
          1
          1
          1
          1
          1
          1
          1
          1
          1
          1
          1
          1
          1
          1
          1
          1
          1
          1
          1
          1
          1
          1
          1
          1
          1
          1
          1
          1
          1
          1
          1
          1
          1
          1
          1
          1
          1
          1
          1
          1
          1
          1
          1
          1
          1
          1
          1
          1
          1
          1
          1
          1
          1
          1
          1
          1
          1
          1
          1
          1
          1
          1
          1
          1
          1
          1
          1
          1
          1
          1
          1
          1
          1
          1
          1
          1
          1
          1
          1
          1
          1
          1
          1
          1
          1
          1
          1
          1
          1
          1
          1
          1
          1
          1
          1
          1
          1
          1
          1
          1
          1
          1
          1
          1
          1
          1
          1
          1
          1
          1
          1
          1
          1
          1
          1
          1
          1
          1
          1
          1
          1
          1
          1
          1
          1
          1
          1
          1
          1
          1
          1
          1
          1
          1
          1
          1
          1
          1
          1
          1
          1
          1
          1
          1
          1
          1
          1
          1
          1
          1
          1
          1
          1
          1
          1
          1
          1
          1
          1
          1
          1
          1
          1
          1
          1
          1
          1
          1
          1
          1
          1
          1
          1
          1
          1
          1
          1
          1
          1
          1
          1
          1
          1
          1
          1
          1
          1
          1
          1
          1
          1
          1
          1
          1
          1
          1
          1
          1
          1
          1
          1
          1
          1
          1
          1
          1
          1
          1
          1
          1
          1
          1
          1
          1
          1
          1
          1
          1
          1
          1
          1
          1
          1
          1
          1
          1
          1
          1
          1
          1
          1
          1
          1
          1
          1
          1
          1
          1
          1
          1
          1
          1
          1
          1
          1
          1
          1
          1
          1
          1
          1
          1
          1
          1
          1
          1
          1
          1
          1
          1
          1
          1
          1
          1
          1
          1
          1
          1
          1
          1
          1
          1
          1
          1
          1
          1
          1
          1
          1
          1
          1
          1
          1
          1
          1
          1
          1
          1
          1
          1
          1
          1
          1
          1
          1
          1
          1
          1
          1
          1
          1
          1
          1
          1
          1
          1
          1
          1
          1
          1
          1
          1
          1
          1
          1
          1
          1
          1
          1
          1
          1
          1
          1
          1
          1
          1
          1
          1
          1
          1
          1
          1
          1
          1
          1
          1
          1
          1
          1
          1
          1
          1
          1
          1
          1
          1
          1
          1
          1
          1
          1
          1
          1
          1
          1
          1
          1
          1
          1
          1
          1
          1
          1
          1
          1
          1
          1
          1
          1
          1
          1
          1
          1
          1
          1
          1
          1
          1
          1
          1
          1
          1
          1
          1
          1
          1
          1
          1
          1
          1
          1
          1
          1
          1
          1
          1
          1
          1
          1
          1
          1
          1
          1
          1
          1
          1
          1
          1
          1
          1
          1
          1
          1
          1
          1
          1
          1
          1
          1
          1
          1
          1
          1
          1
          1
          1
          1
          1
          1
          1
          1
          1
          1
          1
          1
          1
          1
          1
          1
          1
          1
          1
          1
          1
          1
          1
          1
          1
          1
          1
          1
          1
          1
          1
          1
          1
          1
          1
          1
          1
          1
          1
          1
          1
          1
          1
          1
          1
          1
          1
          1
          1
          1
          1
          1
          1
          1
          1
          1
          1
          1
          1
          1
          1
          1
          1
          1
          1
          1
          1
          1
          1
          1
          1
          1
          1
          1
          1
          1
          1
          1
          1
          1
          1
          1
          1
          1
          1
          1
          1
          1
          1
          1
          1
          1
          1
          1
          1
          1
          1
          1
          1
          1
          1
          1
          1
          1
          1
          1
          1
          1
          1
          1
          1
          1
          1
          1
          1
          1
          1
          1
          1
          1
          1
          1
          1
          1
          1
          1
          1
          1
          1
          1
          1
          1
          1
          1
          1
          1
          1
          1
          1
          1
          1
          1
          1
          1
          1
          1
          1
          1
          1
          1
          1
          1
          1
          1
          1
          1
          1
          1
          1
          1
          1
          1
          1
          1
          1
          1
          1
          1
          1
          1
          1
          1
          1
          1
          1
          1
          1
          1
          1
          1
          1
          1
          1
          1
          1
          1
          1
          1
          1
          1
          1
          1
          1
          1
          1
          1
          1
          1
          1
          1
          1
          1
          1
          1
          1
          1
          1
          1
          1
          1
          1
          1
          1
          1
          1
          1
          1
          1
          1
          1
          1
          1
          1
          1
          1
          1
          1
          1
          1
          1
          1
          1
          1
          1
          1
          1
          1
          1
          1
          1
          1
          1
          1
          1
          1
          1
          1
          1
          1
          1
          1
          1
          1
          1
          1
          1
          1
          1
          1
          1
          1
          1
          1
          1
          1
          1
          1
          1
          1
          1
          1
          1
          1
          1
          1
          1
          1
          1
          1
          1
          1
          1
          1
          1
          1
          1
          1
          1
          1
          1
          1
          1
          1
          1
          1
          1
          1
          1
          1
          1
          1
          1
          1
          1
          1
          1
          1
          1
          1
          1
          1
          1
          1
          1
          1
          1
          1
          1
          1
          1
          1
          1
          1
          1
          1
          1
          1
          1
          1
          1
          1
          1
          1
          1
          1
          1
          1
          1
          1
          1
          1
          1
          1
          1
          1
          1
          1
          1
          1
          1
          1
          1
          1
          1
          1
          1
          1
          1
          1
          1
          1
          1
          1
          1
          1
          1
          1
          1
          1
          1
          1
          1
          1
          1
          1
          1
          1
          1
          1
          1
          1
          1
          1
          1
          1
          1
          1
          1
          1
          1
          1
          1
          1
          1
          1
          1
          1
          1
          1
          1
          1
          1
          1
          1
          1
          1
          1
          1
          1
          1
          1
          1
          1
          1
          1
          1
          1
          1
          1
          1
          1
          1
          1
          1
          1
          1
          1
          1
          1
          1
          1
          1
          1
          1
          1
          1
          1
          1
          1
          1
          1
          1
          1
          1
          1
          1
          1
          1
          1
          1
          1
          1
          1
          1
          1
          1
          1
          1
          1
          1
          1
          1
          1
          1
          1
          1
          1
          1
          1
          1
          1
          1
          1
          1
          1
          1
          1
          1
          1
          1
          1
          1
          1
          1
          1
          1
          1
          1
          1
          1
          1
          1
          1
          1
          1
          1
          1
          1
          1
          1
          1
          1
          1
          1
          1
          1
          1
          1
          1
          1
          1
          1
          1
          1
          1
          1
          1
          1
          1
          1
          1
          1
          1
          1
          1
          1
          1
          1
          1
          1
          1
          1
          1
          1
          1
          1
          1
          1
          1
          1
          1
          1
          1
          1
          1
          1
          1
          1
          1
          1
          1
          1
          1
          1
          1
          1
          1
          1
          1
          1
          1
          1
          1
          1
          1
          1
          1
          1
          1
          1
          1
          1
          1
          1
          1
          1
          1
          1
          1
          1
          1
          1
          1
          1
          1
          1
          1
          1
          1
          1
          1
          1
          1
          1
          1
          1
          1
          1
          1
          1
          1
          1
          1
          1
          1
          1
          1
          1
          1
          1
          1
          1
          1
          1
          1
          1
          1
          1
          1
          1
          1
          1
          1
          1
          1
          1
          1
          1
          1
          1
          1
          1
          1
          1
          1
          1
          1
          1
          1
          1
          1
          1
          1
          1
          1
          1
          1
          1
          1
          1
          1
          1
          1
          1
          1
          1
          1
          1
          1
          1
          1
          1
          1
          1
          1
          1
          1
          1
          1
          1
          1
          1
          1
          1
          1
          1
          1
          1
          1
          1
          1
          1
          1
          1
          1
          1
          1
          1
          1
          1
          1
          1
          1
          1
          1
          1
          1
          1
          1
          1
          1
          1
          1
          1
          1
          1
          1
          1
          1
          1
          1
          1
          1
          1
          1
          1
          1
          1
          1
          1
          1
          1
          1
          1
          1
          1
          1
          1
          1
          1
          1
          1
          1
          1
          1
          1
          1
          1
          1
          1
          1
          1
          1
          1
          1
          1
          1
          1
          1
          1
          1
          1
          1
          1
          1
          1
          1
          1
          1
          1
          1
          1
          1
          1
          1
          1
          1
          1
          1
          1
          1
          1
          1
          1
          1
          1
          1
          1
          1
          1
          1
          1
          1
          1
          1
          1
          1
          1
          1
          1
          1
          1
          1
          1
          1
          1
          1
          1
          1
          1
          1
          1
          1
          1
          1
          1
          1
          1
          1
          1
          1
          1
          1
          1
          1
          1
          1
          1
          1
          1
          1
          1
          1
          1
          1
          1
          1
          1
          1
          1
          1
          1
          1
          1
          1
          1
          1
          1
          1
          1
          1
          1
          1
          1
          1
          1
          1
          1
          1
          1
          1
          1
          1
          1
          1
          1
          1
          1
          1
          1
          1
          1
          1
          1
          1
          1
          1
          1
          1
          1
          1
          1
          1
          1
          1
          1
          1
          1
          1
          1
          1
          1
          1
          1
          1
          1
          1
          1
          1
          1
          1
          1
          1
          1
          1
          1
          1
          1
          1
          1
          1
          1
          1
          1
          1
          1
          1
          1
          1
          1
          1
          1
          1
          1
          1
          1
          1
          1
          1
          1
          1
          1
          1
          1
          1
          1
          1
          1
          1
          1
          1
          1
          1
          1
          1
          1
          1
          1
          1
          1
          1
          1
          1
          1
          1
          1
          1
          1
          1
          1
          1
          1
          1
          1
          1
          1
          1
          1
          1
          1
          1
          1
          1
          1
          1
          1
          1
          1
          1
          1
          1
          1
          1
          1
          1
          1
          1
          1
          1
          1
          1
          1
          1
          1
          1
          1
          1
          1
          1
          1
          1
          1
          1
          1
          1
          1
          1
          1
          1
          1
          1
          1
          1
          1
          1
          1
          1
          1
          1
          1
          1
          1
          1
          1
          1
          1
          1
          1
          1
          1
          1
          1
          1
          1
          1
          1
          1
          1
          1
          1
          1
          1
          1
          1
          1
          1
          1
          1
          1
          1
          1
          1
          1
          1
          1
          1
          1
          1
          1
          1
          1
          1
          1
          1
          1
          1
          1
          1
          1
          1
          1
          1
          1
          1
          1
          1
          1
          1
          1
          1
          1
          1
          1
          1
          1
          1
          1
          1
          1
          1
          1
          1
          1
          1
          1
          1
          1
          1
          1
          1
          1
          1
          1
          1
          1
          1
          1
          1
          1
          1
          1
          1
          1
          1
          1
          1
          1
          1
          1
          1
          1
          1
          1
          1
          1
          1
          1
          1
          1
          1
          1
          1
          1
          1
          1
          1
          1
          1
          1
          1
          1
          1
          1
          1
          1
          1
          1
          1
          1
          1
          1
          1
          1
          1
          1
          1
          1
          1
          1
          1
          1
          1
          1
          1
          1
          1
          1
          1
          1
          1
          1
          1
          1
          1
          1
          1
          1
          1
          1
          1
          1
          1
          1
          1
          1
          1
          1
          1
          1
          1
          1
          1
          1
          1
          1
          1
          1
          1
          1
          1
          1
          1
          1
          1
          1
          1
          1
          1
          1
          1
          1
          1
          1
          1
          1
          1
          1
          1
          1
          1
          1
          1
          1
          1
          1
          1
          1
          1
          1
          1
          1
          1
          1
          1
          1
          1
          1
          1
          1
          1
          1
          1
          1
          1
          1
          1
          1
          1
          1
          1
          1
          1
          1
          1
          1
          1
          1
          1
          1
          1
          1
          1
          1
          1
          1
          1
          1
          1
          1
          1
          1
          1
          1
          1
          1
          1
          1
          1
          1
          1
          1
          1
          1
          1
          1
          1
          1
          1
          1
          1
          1
          1
          1
          1
          1
          1
          1
          1
          1
          1
          1
          1
          1
          1
          1
          1
          1
          1
          1
          1
          1
          1
          1
          1
          1
          1
          1
          1
          1
          1
          1
          1
          1
          1
          1
          1
          1
          1
          1
          1
          1
          1
          1
          1
          1
          1
          1
          1
          1
          1
          1
          1
          1
          1
          1
          1
          1
          1
          1
          1
          1
          1
          1
          1
          1
          1
          1
          1
          1
          1
          1
          1
          1
          1
          1
          1
          1
          1
          1
          1
          1
          1
          1
          1
          1
          1
          1
          1
          1
          1
          1
          1
          1
          1
          1
          1
          1
          1
          1
          1
          1
          1
          1
          1
          1
          1
          1
          1
          1
          1
          1
          1
          1
          1
          1
          1
          1
          1
          1
          1
          1
          1
          1
          1
          1
          1
          1
          1
          1
          1
          1
          1
          1
          1
          1
          1
          1
          1
          1
          1
          1
          1
          1
          1
          1
          1
          1
          1
          1
          1
          1
          1
          1
          1
          1
          1
          1
          1
          1
          1
          1
          1
          1
          1
          1
          1
          1
          1
          1
          1
          1
          1
          1
          1
          1
          1
          1
          1
          1
          1
          1
          1
          1
          1
          1
          1
          1
          1
          1
          1
          1
          1
          1
          1
          1
          1
          1
          1
          1
          1
          1
          1
          1
          1
          1
          1
          1
          1
          1
          1
          1
          1
          1
          1
          1
          1
          1
          1
          1
          1
          1
          1
          1
          1
          1
          1
          1
          1
          1
          1
          1
          1
          1
          1
          1
          1
          1
          1
          1
          1
          1
          1
          1
          1
          1
          1
          1
          1
          1
          1
          1
          1
          1
          1
          1
          1
          1
          1
          1
          1
          1
          1
          1
          1
          1
          1
          1
          1
          1
          1
          1
          1
          1
          1
          1
          1
          1
          1
          1
          1
          1
          1
          1
          1
          1
          1
          1
          1
          1
          1
          1
          1
          1
          1
          1
          1
          1
          1
          1
          1
          1
          1
          1
          1
          1
          1
          1
          1
          1
          1
          1
          1
          1
          1
          1
          1
          1
          1
          1
          1
          1
          1
          1
          1
          1
          1
          1
          1
          1
          1
          1
          1
          1
          1
          1
          1
          1
          1
          1
          1
          1
          1
          1
          1
          1
          1
          1
          1
          1
          1
          1
          1
          1
          1
          1
          1
          1
          1
          1
          1
          1
          1
          1
          1
          1
          1
          1
          1
          1
          1
          1
          1
          1
          1
          1
          1
          1
          1
          1
          1
          1
          1
          1
          1
          1
          1
          1
          1
          1
          1
          1
          1
          1
          1
          1
          1
          1
          1
          1
          1
          1
          1
          1
          1
          1
          1
          1
          1
          1
          1
          1
          1
          1
          1
          1
          1
          1
          1
          1
          1
          1
          1
          1
          1
          1
          1
          1
          1
          1
          1
          1
          1
          1
          1
          1
          1
          1
          1
          1
          1
          1
          1
          1
          1
          1
          1
          1
          1
          1
          1
          1
          1
          1
          1
          1
          1
          1
          1
          1
          1
          1
          1
          1
          1
          1
          1
          1
          1
          1
          1
          1
          1
          1
          1
          1
          1
          1
          1
          1
          1
          1
          1
          1
          1
          1
          1
          1
          1
          1
          1
          1
          1
          1
          1
          1
          1
          1
          1
          1
          1
          1
          1
          1
          1
          1
          1
          1
          1
          1
          1
          1
          1
          1
          1
          1
          1
          1
          1
          1
          1
          1
          1
          1
          1
          1
          1
          1
          1
          1
          1
          1
          1
          1
          1
          1
          1
          1
          1
          1
          1
          1
          1
          1
          1
          1
          1
          1
          1
          1
          1
          1
          1
          1
          1
          1
          1
          1
          1
          1
          1
          1
          1
          1
          1
          1
          1
          1
          1
          1
          1
          1
          1
          1
          1
          1
          1
          1
          1
          1
          1
          1
          1
          1
          1
          1
          1
          1
          1
          1
          1
          1
          1
          1
          1
          1
          1
          1
          1
          1
          1
          1
          1
          1
          1
          1
          1
          1
          1
          1
          1
          1
          1
          1
          1
          1
          1
          1
          1
          1
          1
          1
          1
          1
          1
          1
          1
          1
          1
   0.999999
   0.999999
   0.999999
   0.999999
   0.999999
   0.999999
   0.999999
   0.999999
          1
          1
          1
          1
          1
          1
          1
          1
          1
          1
          1
          1
          1
          1
          1
          1
          1
          1
          1
          1
          1
          1
          1
          1
          1
          1
          1
          1
          1
          1
          1
          1
          1
          1
          1
          1
          1
          1
          1
          1
          1
          1
          1
          1
          1
          1
          1
          1
          1
          1
          1
   0.999999
   0.999999
   0.999998
   0.999997
   0.999997
   0.999997
   0.999997
   0.999998
   0.999999
   0.999999
          1
          1
          1
          1
          1
          1
          1
          1
          1
          1
          1
          1
          1
          1
          1
          1
          1
          1
          1
          1
          1
          1
          1
          1
          1
          1
          1
          1
          1
          1
          1
          1
          1
          1
          1
          1
          1
          1
          1
          1
          1
          1
          1
          1
          1
          1
          1
          1
          1
   0.999999
   0.999998
   0.999997
   0.999995
   0.999993
   0.999992
   0.999992
   0.999993
   0.999995
   0.999997
   0.999998
   0.999999
          1
          1
          1
          1
          1
          1
          1
          1
          1
          1
          1
          1
          1
          1
          1
          1
          1
          1
          1
          1
          1
          1
          1
          1
          1
          1
          1
          1
          1
          1
          1
          1
          1
          1
          1
          1
          1
          1
          1
          1
          1
          1
          1
          1
          1
          1
          1
   0.999999
   0.999998
   0.999996
   0.999993
    0.99999
   0.999986
   0.999984
   0.999984
   0.999986
   0.999989
   0.999993
   0.999996
   0.999998
   0.999999
          1
          1
          1
          1
          1
          1
          1
          1
          1
          1
          1
          1
          1
          1
          1
          1
          1
          1
          1
          1
          1
          1
          1
          1
          1
          1
          1
          1
          1
          1
          1
          1
          1
          1
          1
          1
          1
          1
          1
          1
          1
          1
          1
          1
          1
   0.999999
   0.999999
   0.999997
   0.999993
   0.999988
   0.999981
   0.999976
   0.999971
   0.999972
   0.999975
   0.999982
   0.999988
   0.999993
   0.999997
   0.999999
   0.999999
          1
          1
          1
          1
          1
          1
          1
          1
          1
          1
          1
          1
          1
          1
          1
          1
          1
          1
          1
          1
          1
          1
          1
          1
          1
          1
          1
          1
          1
          1
          1
          1
          1
          1
          1
          1
          1
          1
          1
          1
          1
          1
          1
          1
   0.999999
   0.999998
   0.999995
    0.99999
   0.999981
   0.999971
   0.999961
   0.999956
   0.999955
   0.999962
   0.999971
   0.999982
    0.99999
   0.999995
   0.999998
   0.999999
          1
          1
          1
          1
          1
          1
          1
          1
          1
          1
          1
          1
          1
          1
          1
          1
          1
          1
          1
          1
          1
          1
          1
          1
          1
          1
          1
          1
          1
          1
          1
          1
          1
          1
          1
          1
          1
          1
          1
          1
          1
          1
          1
          1
   0.999999
   0.999997
   0.999993
   0.999986
   0.999976
   0.999961
   0.999948
    0.99994
   0.999941
   0.999948
   0.999962
   0.999975
   0.999986
   0.999993
   0.999997
   0.999999
          1
          1
          1
          1
          1
          1
          1
          1
          1
          1
          1
          1
          1
          1
          1
          1
          1
          1
          1
          1
          1
          1
          1
          1
          1
          1
          1
          1
          1
          1
          1
          1
          1
          1
          1
          1
          1
          1
          1
          1
          1
          1
          1
          1
   0.999999
   0.999997
   0.999992
   0.999984
   0.999971
   0.999956
    0.99994
    0.99993
    0.99993
   0.999941
   0.999955
   0.999972
   0.999984
   0.999992
   0.999997
   0.999999
          1
          1
          1
          1
          1
          1
          1
          1
          1
          1
          1
          1
          1
          1
          1
          1
          1
          1
          1
          1
          1
          1
          1
          1
          1
          1
          1
          1
          1
          1
          1
          1
          1
          1
          1
          1
          1
          1
          1
          1
          1
          1
          1
          1
   0.999999
   0.999997
   0.999992
   0.999984
   0.999972
   0.999955
   0.999941
   0.999931
    0.99993
    0.99994
   0.999957
   0.999972
   0.999984
   0.999992
   0.999997
   0.999999
          1
          1
          1
          1
          1
          1
          1
          1
          1
          1
          1
          1
          1
          1
          1
          1
          1
          1
          1
          1
          1
          1
          1
          1
          1
          1
          1
          1
          1
          1
          1
          1
          1
          1
          1
          1
          1
          1
          1
          1
          1
          1
          1
          1
   0.999999
   0.999997
   0.999993
   0.999986
   0.999975
   0.999962
   0.999948
   0.999941
    0.99994
   0.999949
   0.999961
   0.999976
   0.999986
   0.999993
   0.999997
   0.999999
          1
          1
          1
          1
          1
          1
          1
          1
          1
          1
          1
          1
          1
          1
          1
          1
          1
          1
          1
          1
          1
          1
          1
          1
          1
          1
          1
          1
          1
          1
          1
          1
          1
          1
          1
          1
          1
          1
          1
          1
          1
          1
          1
          1
   0.999999
   0.999998
   0.999995
   0.999989
   0.999982
   0.999971
   0.999962
   0.999955
   0.999956
   0.999961
   0.999971
   0.999981
    0.99999
   0.999995
   0.999998
   0.999999
          1
          1
          1
          1
          1
          1
          1
          1
          1
          1
          1
          1
          1
          1
          1
          1
          1
          1
          1
          1
          1
          1
          1
          1
          1
          1
          1
          1
          1
          1
          1
          1
          1
          1
          1
          1
          1
          1
          1
          1
          1
          1
          1
          1
   0.999999
   0.999999
   0.999997
   0.999993
   0.999988
   0.999981
   0.999975
   0.999971
   0.999971
   0.999975
   0.999981
   0.999988
   0.999993
   0.999997
   0.999999
   0.999999
          1
          1
          1
          1
          1
          1
          1
          1
          1
          1
          1
          1
          1
          1
          1
          1
          1
          1
          1
          1
          1
          1
          1
          1
          1
          1
          1
          1
          1
          1
          1
          1
          1
          1
          1
          1
          1
          1
          1
          1
          1
          1
          1
          1
          1
   0.999999
   0.999998
   0.999996
   0.999993
   0.999989
   0.999986
   0.999984
   0.999984
   0.999986
    0.99999
   0.999993
   0.999996
   0.999998
   0.999999
          1
          1
          1
          1
          1
          1
          1
          1
          1
          1
          1
          1
          1
          1
          1
          1
          1
          1
          1
          1
          1
          1
          1
          1
          1
          1
          1
          1
          1
          1
          1
          1
          1
          1
          1
          1
          1
          1
          1
          1
          1
          1
          1
          1
          1
          1
          1
   0.999999
   0.999998
   0.999997
   0.999995
   0.999993
   0.999992
   0.999992
   0.999993
   0.999995
   0.999997
   0.999998
   0.999999
          1
          1
          1
          1
          1
          1
          1
          1
          1
          1
          1
          1
          1
          1
          1
          1
          1
          1
          1
          1
          1
          1
          1
          1
          1
          1
          1
          1
          1
          1
          1
          1
          1
          1
          1
          1
          1
          1
          1
          1
          1
          1
          1
          1
          1
          1
          1
          1
          1
   0.999999
   0.999999
   0.999998
   0.999997
   0.999997
   0.999997
   0.999997
   0.999998
   0.999999
   0.999999
          1
          1
          1
          1
          1
          1
          1
          1
          1
          1
          1
          1
          1
          1
          1
          1
          1
          1
          1
          1
          1
          1
          1
          1
          1
          1
          1
          1
          1
          1
          1
          1
          1
          1
          1
          1
          1
          1
          1
          1
          1
          1
          1
          1
          1
          1
          1
          1
          1
          1
          1
   0.999999
   0.999999
   0.999999
   0.999999
   0.999999
   0.999999
   0.999999
   0.999999
          1
          1
          1
          1
          1
          1
          1
          1
          1
          1
          1
          1
          1
          1
          1
          1
          1
          1
          1
          1
          1
          1
          1
          1
          1
          1
          1
          1
          1
          1
          1
          1
          1
          1
          1
          1
          1
          1
          1
          1
          1
          1
          1
          1
          1
          1
          1
          1
          1
          1
          1
          1
          1
          1
          1
          1
          1
          1
          1
          1
          1
          1
          1
          1
          1
          1
          1
          1
          1
          1
          1
          1
          1
          1
          1
          1
          1
          1
          1
          1
          1
          1
          1
          1
          1
          1
          1
          1
          1
          1
          1
          1
          1
          1
          1
          1
          1
          1
          1
          1
          1
          1
          1
          1
          1
          1
          1
          1
          1
          1
          1
          1
          1
          1
          1
          1
          1
          1
          1
          1
          1
          1
          1
          1
          1
          1
          1
          1
          1
          1
          1
          1
          1
          1
          1
          1
          1
          1
          1
          1
          1
          1
          1
          1
          1
          1
          1
          1
          1
          1
          1
          1
          1
          1
          1
          1
          1
          1
          1
          1
          1
          1
          1
          1
          1
          1
          1
          1
          1
          1
          1
          1
          1
          1
          1
          1
          1
          1
          1
          1
          1
          1
          1
          1
          1
          1
          1
          1
          1
          1
          1
          1
          1
          1
          1
          1
          1
          1
          1
          1
          1
          1
          1
          1
          1
          1
          1
          1
          1
          1
          1
          1
          1
          1
          1
          1
          1
          1
          1
          1
          1
          1
          1
          1
          1
          1
          1
          1
          1
          1
          1
          1
          1
          1
          1
          1
          1
          1
          1
          1
          1
          1
          1
          1
          1
          1
          1
          1
          1
          1
          1
          1
          1
          1
          1
          1
          1
          1
          1
          1
          1
          1
          1
          1
          1
          1
          1
          1
          1
          1
          1
          1
          1
          1
          1
          1
          1
          1
          1
          1
          1
          1
          1
          1
          1
          1
          1
          1
          1
          1
          1
          1
          1
          1
          1
          1
          1
          1
          1
          1
          1
          1
          1
          1
          1
          1
          1
          1
          1
          1
          1
          1
          1
          1
          1
          1
          1
          1
          1
          1
          1
          1
          1
          1
          1
          1
          1
          1
          1
          1
          1
          1
          1
          1
          1
          1
          1
          1
          1
          1
          1
          1
          1
          1
          1
          1
          1
          1
          1
          1
          1
          1
          1
          1
          1
          1
          1
          1
          1
          1
          1
          1
          1
          1
          1
          1
          1
          1
          1
          1
          1
          1
          1
          1
          1
          1
          1
          1
          1
          1
          1
          1
          1
          1
          1
          1
          1
          1
          1
          1
          1
          1
          1
          1
          1
          1
          1
          1
          1
          1
          1
          1
          1
          1
          1
          1
          1
          1
          1
          1
          1
          1
          1
          1
          1
          1
          1
          1
          1
          1
          1
          1
          1
          1
          1
          1
          1
          1
          1
          1
          1
          1
          1
          1
          1
          1
          1
          1
          1
          1
          1
          1
          1
          1
          1
          1
          1
          1
          1
          1
          1
          1
          1
          1
          1
          1
          1
          1
          1
          1
          1
          1
          1
          1
          1
          1
          1
          1
          1
          1
          1
          1
          1
          1
          1
          1
          1
          1
          1
          1
          1
          1
          1
          1
          1
          1
          1
          1
          1
          1
          1
          1
          1
          1
          1
          1
          1
          1
          1
          1
          1
          1
          1
          1
          1
          1
          1
          1
          1
          1
          1
          1
          1
          1
          1
          1
          1
          1
          1
          1
          1
          1
          1
          1
          1
          1
          1
          1
          1
          1
          1
          1
          1
          1
          1
          1
          1
          1
          1
          1
          1
          1
          1
          1
          1
          1
          1
          1
          1
          1
          1
          1
          1
          1
          1
          1
          1
          1
          1
          1
          1
          1
          1
          1
          1
          1
          1
          1
          1
          1
          1
          1
          1
          1
          1
          1
          1
          1
          1
          1
          1
          1
          1
          1
          1
          1
          1
          1
          1
          1
          1
          1
          1
          1
          1
          1
          1
          1
          1
          1
          1
          1
          1
          1
          1
          1
          1
          1
          1
          1
          1
          1
          1
          1
          1
          1
          1
          1
          1
          1
          1
          1
          1
          1
          1
          1
          1
          1
          1
          1
          1
          1
          1
          1
          1
          1
          1
          1
          1
          1
          1
          1
          1
          1
          1
          1
          1
          1
          1
          1
          1
          1
          1
          1
          1
          1
          1
          1
          1
          1
          1
          1
          1
          1
          1
          1
          1
          1
          1
          1
          1
          1
          1
          1
          1
          1
          1
          1
          1
          1
          1
          1
          1
          1
          1
          1
          1
          1
          1
          1
          1
          1
          1
          1
          1
          1
          1
          1
          1
          1
          1
          1
          1
          1
          1
          1
          1
          1
          1
          1
          1
          1
          1
          1
          1
          1
          1
          1
          1
          1
          1
          1
          1
          1
          1
          1
          1
          1
          1
          1
          1
          1
          1
          1
          1
          1
          1
          1
          1
          1
          1
          1
          1
          1
          1
          1
          1
          1
          1
          1
          1
          1
          1
          1
          1
          1
          1
          1
          1
          1
          1
          1
          1
          1
          1
          1
          1
          1
          1
          1
          1
          1
          1
          1
          1
          1
          1
          1
          1
          1
          1
          1
          1
          1
          1
          1
          1
          1
          1
          1
          1
          1
          1
          1
          1
          1
          1
          1
          1
          1
          1
          1
          1
          1
          1
          1
          1
          1
          1
          1
          1
          1
          1
          1
          1
          1
          1
          1
          1
          1
          1
          1
          1
          1
          1
          1
          1
          1
          1
          1
          1
          1
          1
          1
          1
          1
          1
          1
          1
          1
          1
          1
          1
          1
          1
          1
          1
          1
          1
          1
          1
          1
          1
          1
          1
          1
          1
          1
          1
          1
          1
          1
          1
          1
          1
          1
          1
          1
          1
          1
          1
          1
          1
          1
          1
          1
          1
          1
          1
          1
          1
          1
          1
          1
          1
          1
          1
          1
          1
          1
          1
          1
          1
          1
          1
          1
          1
          1
          1
          1
          1
          1
          1
          1
          1
          1
          1
          1
          1
          1
          1
          1
          1
          1
          1
          1
          1
          1
          1
          1
          1
          1
          1
          1
          1
          1
          1
          1
          1
          1
          1
          1
          1
          1
          1
          1
          1
          1
          1
          1
          1
          1
          1
          1
          1
          1
          1
          1
          1
          1
          1
          1
          1
          1
          1
          1
          1
          1
          1
          1
          1
          1
          1
          1
          1
          1
          1
          1
          1
          1
          1
          1
          1
          1
          1
          1
          1
          1
          1
          1
          1
          1
          1
          1
          1
          1
          1
          1
          1
          1
          1
          1
          1
          1
          1
          1
          1
          1
          1
          1
          1
          1
          1
          1
          1
          1
          1
          1
          1
          1
          1
          1
          1
          1
          1
          1
          1
          1
          1
          1
          1
          1
          1
          1
          1
          1
          1
          1
          1
          1
          1
          1
          1
          1
          1
          1
          1
          1
          1
          1
          1
          1
          1
          1
          1
          1
          1
          1
          1
          1
          1
          1
          1
          1
          1
          1
          1
          1
          1
          1
          1
          1
          1
          1
          1
          1
          1
          1
          1
          1
          1
          1
          1
          1
          1
          1
          1
          1
          1
          1
          1
          1
          1
          1
          1
          1
          1
          1
          1
          1
          1
          1
          1
          1
          1
          1
          1
          1
          1
          1
          1
          1
          1
          1
          1
          1
          1
          1
          1
          1
          1
          1
          1
          1
          1
          1
          1
          1
          1
          1
          1
          1
          1
          1
          1
          1
          1
          1
          1
          1
          1
          1
          1
          1
          1
          1
          1
          1
          1
          1
          1
          1
          1
          1
          1
          1
          1
          1
          1
          1
          1
          1
          1
          1
          1
          1
          1
          1
          1
          1
          1
          1
          1
          1
          1
          1
          1
          1
          1
          1
          1
          1
          1
          1
          1
          1
          1
          1
          1
          1
          1
          1
          1
          1
          1
          1
          1
          1
          1
          1
          1
          1
          1
          1
          1
          1
          1
          1
          1
          1
          1
          1
          1
          1
          1
          1
          1
          1
          1
          1
          1
          1
          1
          1
          1
          1
          1
          1
          1
          1
          1
          1
          1
          1
          1
          1
          1
          1
          1
          1
          1
          1
          1
          1
          1
          1
          1
          1
          1
          1
          1
          1
          1
          1
          1
          1
          1
          1
          1
          1
          1
          1
          1
          1
          1
          1
          1
          1
          1
          1
          1
          1
          1
          1
          1
          1
          1
          1
          1
          1
          1
          1
          1
          1
          1
          1
          1
          1
          1
          1
          1
          1
          1
          1
          1
          1
          1
          1
          1
          1
          1
          1
          1
          1
          1
          1
          1
          1
          1
          1
          1
          1
          1
          1
          1
          1
          1
          1
          1
          1
          1
          1
          1
          1
          1
          1
          1
          1
          1
          1
          1
          1
          1
          1
          1
          1
          1
          1
          1
          1
          1
          1
          1
          1
          1
          1
          1
          1
          1
          1
          1
          1
          1
          1
          1
          1
          1
          1
          1
          1
          1
          1
          1
          1
          1
          1
          1
          1
          1
          1
          1
          1
          1
          1
          1
          1
          1
          1
          1
          1
          1
          1
          1
          1
          1
          1
          1
          1
          1
          1
          1
          1
          1
          1
          1
          1
          1
          1
          1
          1
          1
          1
          1
          1
          1
          1
          1
          1
          1
          1
          1
          1
          1
          1
          1
          1
          1
          1
          1
          1
          1
          1
          1
          1
          1
          1
          1
          1
          1
          1
          1
          1
          1
          1
          1
          1
          1
          1
          1
          1
          1
          1
          1
          1
          1
          1
          1
          1
          1
          1
          1
          1
          1
          1
          1
          1
          1
          1
          1
          1
          1
          1
          1
          1
          1
          1
          1
          1
          1
          1
          1
          1
          1
          1
          1
          1
          1
          1
          1
          1
          1
          1
          1
          1
          1
          1
          1
          1
          1
          1
          1
          1
          1
          1
          1
          1
          1
          1
          1
          1
          1
          1
          1
          1
          1
          1
          1
          1
          1
          1
          1
          1
          1
          1
          1
          1
          1
          1
          1
          1
          1
          1
          1
          1
          1
          1
          1
          1
          1
          1
          1
          1
          1
          1
          1
          1
          1
          1
          1
          1
          1
          1
          1
          1
          1
          1
          1
          1
          1
          1
          1
          1
          1
          1
          1
          1
          1
          1
          1
          1
          1
          1
          1
          1
          1
          1
          1
          1
          1
          1
          1
          1
          1
          1
          1
          1
          1
          1
          1
          1
          1
          1
          1
          1
          1
          1
          1
          1
          1
          1
          1
          1
          1
          1
          1
          1
          1
          1
          1
          1
          1
          1
          1
          1
          1
          1
          1
          1
          1
          1
          1
          1
          1
          1
          1
          1
          1
          1
          1
          1
          1
          1
          1
          1
          1
          1
          1
          1
          1
          1
          1
          1
          1
          1
          1
          1
          1
          1
          1
          1
          1
          1
          1
          1
          1
          1
          1
          1
          1
          1
          1
          1
          1
          1
          1
          1
          1
          1
          1
          1
          1
          1
          1
          1
          1
          1
          1
          1
          1
          1
          1
          1
          1
          1
          1
          1
          1
          1
          1
          1
          1
          1
          1
          1
          1
          1
          1
          1
          1
          1
          1
          1
          1
          1
          1
          1
          1
          1
          1
          1
          1
          1
          1
          1
          1
          1
          1
          1
          1
          1
          1
          1
          1
          1
          1
          1
          1
          1
          1
          1
          1
          1
          1
          1
          1
          1
          1
          1
          1
          1
          1
          1
          1
          1
          1
          1
          1
          1
          1
          1
          1
          1
          1
          1
          1
          1
          1
          1
          1
          1
          1
          1
          1
          1
          1
          1
          1
          1
          1
          1
          1
          1
          1
          1
          1
          1
          1
          1
          1
          1
          1
          1
          1
          1
          1
          1
          1
          1
          1
          1
          1
          1
          1
          1
          1
          1
          1
          1
          1
          1
          1
          1
          1
          1
          1
          1
          1
          1
          1
          1
          1
          1
          1
          1
          1
          1
          1
          1
          1
          1
          1
          1
          1
          1
          1
          1
          1
          1
          1
          1
          1
          1
          1
          1
          1
          1
          1
          1
          1
          1
          1
          1
          1
          1
          1
          1
          1
          1
          1
          1
          1
          1
          1
          1
          1
          1
          1
          1
          1
          1
          1
          1
          1
          1
          1
          1
          1
          1
          1
          1
          1
          1
          1
          1
          1
          1
          1
          1
          1
          1
          1
          1
          1
          1
          1
          1
          1
          1
          1
          1
          1
          1
          1
          1
          1
          1
          1
          1
          1
          1
          1
          1
          1
          1
          1
          1
          1
          1
          1
          1
          1
          1
          1
          1
          1
          1
          1
          1
          1
          1
          1
          1
          1
          1
          1
          1
          1
          1
          1
          1
          1
          1
          1
          1
          1
          1
          1
          1
          1
          1
          1
          1
          1
          1
          1
          1
          1
          1
          1
          1
          1
          1
          1
          1
          1
          1
          1
          1
          1
          1
          1
          1
          1
          1
          1
          1
          1
          1
          1
          1
          1
          1
          1
          1
          1
          1
          1
          1
          1
          1
          1
          1
          1
          1
          1
          1
          1
          1
          1
          1
          1
          1
          1
          1
          1
          1
          1
          1
          1
          1
          1
          1
          1
          1
          1
          1
          1
          1
          1
          1
          1
          1
          1
          1
          1
          1
          1
          1
          1
          1
          1
          1
          1
          1
          1
          1
          1
          1
          1
          1
          1
          1
          1
          1
          1
          1
          1
          1
          1
          1
          1
          1
          1
          1
          1
          1
          1
          1
          1
          1
          1
          1
          1
          1
          1
          1
          1
          1
          1
          1
          1
          1
          1
          1
          1
          1
          1
          1
          1
          1
          1
          1
          1
          1
          1
          1
          1
          1
          1
          1
          1
          1
          1
          1
          1
          1
          1
          1
          1
          1
          1
          1
          1
          1
          1
          1
          1
          1
          1
          1
          1
          1
          1
          1
          1
          1
          1
          1
          1
          1
          1
          1
          1
          1
          1
          1
          1
          1
          1
          1
          1
          1
          1
          1
          1
          1
          1
          1
          1
          1
          1
          1
          1
          1
          1
          1
          1
          1
          1
          1
          1
          1
          1
          1
          1
          1
          1
          1
          1
          1
          1
          1
          1
          1
          1
          1
          1
          1
          1
          1
          1
          1
          1
          1
          1
          1
          1
          1
          1
          1
          1
          1
          1
          1
          1
          1
          1
          1
          1
          1
          1
          1
          1
          1
          1
          1
          1
          1
          1
          1
          1
          1
          1
          1
          1
          1
          1
          1
          1
          1
          1
          1
          1
          1
          1
          1
          1
          1
          1
          1
          1
          1
          1
          1
          1
          1
          1
          1
          1
          1
          1
          1
          1
          1
          1
          1
          1
          1
          1
          1
          1
          1
          1
          1
          1
          1
          1
          1
          1
          1
          1
          1
          1
          1
          1
          1
          1
          1
          1
          1
          1
          1
          1
          1
          1
          1
          1
          1
          1
          1
          1
          1
          1
          1
          1
          1
          1
          1
          1
          1
          1
          1
          1
          1
          1
          1
          1
          1
          1
          1
          1
          1
          1
          1
          1
          1
          1
          1
          1
          1
          1
          1
          1
          1
          1
          1
          1
          1
          1
          1
          1
          1
          1
          1
          1
          1
          1
          1
          1
          1
          1
          1
          1
          1
          1
          1
          1
          1
          1
          1
          1
          1
          1
          1
          1
          1
          1
          1
          1
          1
          1
          1
          1
          1
          1
          1
          1
          1
          1
          1
          1
          1
          1
          1
          1
          1
          1
          1
          1
          1
          1
          1
          1
          1
          1
          1
          1
          1
          1
          1
          1
          1
          1
          1
          1
          1
          1
          1
          1
          1
          1
          1
          1
          1
          1
          1
          1
          1
          1
          1
          1
          1
          1
          1
          1
          1
          1
          1
          1
          1
          1
          1
          1
          1
          1
          1
          1
          1
          1
          1
          1
          1
          1
          1
          1
          1
          1
          1
          1
          1
          1
          1
          1
          1
          1
          1
          1
          1
          1
          1
          1
          1
          1
          1
          1
          1
          1
          1
          1
          1
          1
          1
          1
          1
          1
          1
          1
          1
          1
          1
          1
          1
          1
          1
          1
          1
          1
          1
          1
          1
          1
          1
          1
          1
          1
          1
          1
          1
          1
          1
          1
          1
          1
          1
          1
          1
          1
          1
          1
          1
          1
          1
          1
          1
          1
          1
          1
          1
          1
          1
          1
          1
          1
          1
          1
          1
          1
          1
          1
          1
          1
          1
          1
          1
          1
          1
          1
          1
          1
          1
          1
          1
          1
          1
          1
          1
          1
          1
          1
          1
          1
          1
          1
          1
          1
          1
          1
          1
          1
          1
          1
          1
          1
          1
          1
          1
          1
          1
          1
          1
          1
          1
          1
          1
   0.999999
   0.999999
   0.999999
   0.999999
          1
          1
          1
          1
          1
          1
          1
          1
          1
          1
          1
          1
          1
          1
          1
          1
          1
          1
          1
          1
          1
          1
          1
          1
          1
          1
          1
          1
          1
          1
          1
          1
          1
          1
          1
          1
          1
          1
          1
          1
          1
          1
          1
          1
          1
          1
          1
          1
          1
          1
          1
          1
          1
   0.999999
   0.999999
   0.999998
   0.999998
   0.999997
   0.999997
   0.999998
   0.999998
   0.999999
   0.999999
          1
          1
          1
          1
          1
          1
          1
          1
          1
          1
          1
          1
          1
          1
          1
          1
          1
          1
          1
          1
          1
          1
          1
          1
          1
          1
          1
          1
          1
          1
          1
          1
          1
          1
          1
          1
          1
          1
          1
          1
          1
          1
          1
          1
          1
          1
          1
          1
   0.999999
   0.999999
   0.999998
   0.999996
   0.999994
   0.999992
    0.99999
    0.99999
   0.999992
   0.999994
   0.999996
   0.999998
   0.999999
   0.999999
          1
          1
          1
          1
          1
          1
          1
          1
          1
          1
          1
          1
          1
          1
          1
          1
          1
          1
          1
          1
          1
          1
          1
          1
          1
          1
          1
          1
          1
          1
          1
          1
          1
          1
          1
          1
          1
          1
          1
          1
          1
          1
          1
          1
          1
   0.999999
   0.999998
   0.999997
   0.999993
   0.999987
    0.99998
   0.999974
    0.99997
   0.999969
   0.999974
    0.99998
   0.999987
   0.999993
   0.999996
   0.999998
   0.999999
          1
          1
          1
          1
          1
          1
          1
          1
          1
          1
          1
          1
          1
          1
          1
          1
          1
          1
          1
          1
          1
          1
          1
          1
          1
          1
          1
          1
          1
          1
          1
          1
          1
          1
          1
          1
          1
          1
          1
          1
          1
          1
          1
          1
   0.999999
   0.999996
   0.999991
    0.99998
   0.999965
   0.999945
   0.999926
   0.999914
   0.999915
   0.999925
   0.999946
   0.999965
    0.99998
    0.99999
   0.999996
   0.999999
          1
          1
          1
          1
          1
          1
          1
          1
          1
          1
          1
          1
          1
          1
          1
          1
          1
          1
          1
          1
          1
          1
          1
          1
          1
          1
          1
          1
          1
          1
          1
          1
          1
          1
          1
          1
          1
          1
          1
          1
          1
          1
          1
   0.999999
   0.999997
    0.99999
   0.999977
   0.999953
   0.999914
   0.999867
   0.999819
    0.99979
   0.999788
    0.99982
   0.999865
   0.999915
   0.999952
   0.999977
    0.99999
   0.999997
   0.999999
          1
          1
          1
          1
          1
          1
          1
          1
          1
          1
          1
          1
          1
          1
          1
          1
          1
          1
          1
          1
          1
          1
          1
          1
          1
          1
          1
          1
          1
          1
          1
          1
          1
          1
          1
          1
          1
          1
          1
          1
          1
   0.999999
   0.999998
   0.999993
    0.99998
   0.999953
   0.999901
   0.999822
   0.999716
   0.999619
   0.999552
   0.999553
   0.999613
    0.99972
    0.99982
   0.999901
   0.999953
   0.999981
   0.999993
   0.999998
   0.999999
          1
          1
          1
          1
          1
          1
          1
          1
          1
          1
          1
          1
          1
          1
          1
          1
          1
          1
          1
          1
          1
          1
          1
          1
          1
          1
          1
          1
          1
          1
          1
          1
          1
          1
          1
          1
          1
          1
          1
          1
   0.999999
   0.999996
   0.999987
   0.999965
   0.999914
   0.999823
   0.999674
   0.999485
   0.999289
   0.999172
   0.999168
   0.999298
   0.999477
   0.999673
    0.99982
   0.999914
   0.999965
   0.999987
   0.999996
   0.999999
          1
          1
          1
          1
          1
          1
          1
          1
          1
          1
          1
          1
          1
          1
          1
          1
          1
          1
          1
          1
          1
          1
          1
          1
          1
          1
          1
          1
          1
          1
          1
          1
          1
          1
          1
          1
          1
          1
          1
          1
   0.999998
   0.999994
   0.999981
   0.999946
    0.99987
   0.999717
   0.999491
   0.999187
    0.99889
   0.998677
   0.998697
   0.998879
   0.999189
   0.999484
    0.99972
   0.999868
   0.999946
   0.999981
   0.999994
   0.999998
          1
          1
          1
          1
          1
          1
          1
          1
          1
          1
          1
          1
          1
          1
          1
          1
          1
          1
          1
          1
          1
          1
          1
          1
          1
          1
          1
          1
          1
          1
          1
          1
          1
          1
          1
          1
          1
          1
          1
   0.999999
   0.999998
   0.999992
   0.999974
   0.999928
    0.99982
   0.999626
   0.999294
   0.998887
   0.998476
   0.998223
   0.998207
   0.998481
    0.99888
   0.999301
   0.999618
    0.99982
   0.999927
   0.999974
   0.999992
   0.999998
   0.999999
          1
          1
          1
          1
          1
          1
          1
          1
          1
          1
          1
          1
          1
          1
          1
          1
          1
          1
          1
          1
          1
          1
          1
          1
          1
          1
          1
          1
          1
          1
          1
          1
          1
          1
          1
          1
          1
          1
   0.999999
   0.999997
   0.999991
   0.999971
   0.999915
   0.999796
   0.999557
   0.999189
   0.998689
   0.998231
   0.997939
   0.997943
   0.998213
   0.998711
   0.999178
   0.999557
   0.999792
   0.999916
    0.99997
   0.999991
   0.999997
   0.999999
          1
          1
          1
          1
          1
          1
          1
          1
          1
          1
          1
          1
          1
          1
          1
          1
          1
          1
          1
          1
          1
          1
          1
          1
          1
          1
          1
          1
          1
          1
          1
          1
          1
          1
          1
          1
          1
          1
   0.999999
   0.999997
   0.999991
    0.99997
   0.999917
   0.999792
   0.999561
   0.999175
   0.998701
   0.998214
   0.997928
   0.997932
   0.998237
   0.998679
   0.999178
   0.999555
   0.999792
   0.999915
    0.99997
    0.99999
   0.999997
   0.999999
          1
          1
          1
          1
          1
          1
          1
          1
          1
          1
          1
          1
          1
          1
          1
          1
          1
          1
          1
          1
          1
          1
          1
          1
          1
          1
          1
          1
          1
          1
          1
          1
          1
          1
          1
          1
          1
          1
   0.999999
   0.999998
   0.999992
   0.999975
   0.999927
   0.999824
   0.999616
   0.999304
   0.998881
   0.998487
   0.998208
   0.998231
   0.998474
   0.998896
   0.999292
   0.999621
    0.99982
   0.999927
   0.999974
   0.999992
   0.999998
   0.999999
          1
          1
          1
          1
          1
          1
          1
          1
          1
          1
          1
          1
          1
          1
          1
          1
          1
          1
          1
          1
          1
          1
          1
          1
          1
          1
          1
          1
          1
          1
          1
          1
          1
          1
          1
          1
          1
          1
          1
   0.999998
   0.999994
   0.999981
   0.999947
   0.999866
   0.999722
   0.999483
   0.999184
   0.998876
   0.998697
   0.998676
   0.998887
   0.999178
   0.999485
   0.999717
   0.999867
   0.999946
   0.999981
   0.999994
   0.999998
          1
          1
          1
          1
          1
          1
          1
          1
          1
          1
          1
          1
          1
          1
          1
          1
          1
          1
          1
          1
          1
          1
          1
          1
          1
          1
          1
          1
          1
          1
          1
          1
          1
          1
          1
          1
          1
          1
          1
          1
   0.999999
   0.999996
   0.999987
   0.999965
   0.999916
    0.99982
   0.999677
   0.999483
     0.9993
    0.99917
    0.99918
   0.999289
   0.999487
   0.999675
   0.999821
   0.999915
   0.999965
   0.999987
   0.999996
   0.999999
          1
          1
          1
          1
          1
          1
          1
          1
          1
          1
          1
          1
          1
          1
          1
          1
          1
          1
          1
          1
          1
          1
          1
          1
          1
          1
          1
          1
          1
          1
          1
          1
          1
          1
          1
          1
          1
          1
          1
          1
   0.999999
   0.999998
   0.999993
    0.99998
   0.999952
   0.999902
    0.99982
   0.999718
   0.999615
    0.99955
    0.99955
   0.999617
   0.999715
    0.99982
   0.999901
   0.999952
    0.99998
   0.999993
   0.999998
   0.999999
          1
          1
          1
          1
          1
          1
          1
          1
          1
          1
          1
          1
          1
          1
          1
          1
          1
          1
          1
          1
          1
          1
          1
          1
          1
          1
          1
          1
          1
          1
          1
          1
          1
          1
          1
          1
          1
          1
          1
          1
          1
   0.999999
   0.999997
    0.99999
   0.999977
   0.999952
   0.999915
   0.999867
    0.99982
    0.99979
   0.999789
   0.999818
   0.999868
   0.999915
   0.999952
   0.999977
    0.99999
   0.999997
   0.999999
          1
          1
          1
          1
          1
          1
          1
          1
          1
          1
          1
          1
          1
          1
          1
          1
          1
          1
          1
          1
          1
          1
          1
          1
          1
          1
          1
          1
          1
          1
          1
          1
          1
          1
          1
          1
          1
          1
          1
          1
          1
          1
   0.999999
   0.999998
   0.999996
    0.99999
    0.99998
   0.999964
   0.999945
   0.999925
   0.999913
   0.999913
   0.999925
   0.999944
   0.999964
    0.99998
    0.99999
   0.999996
   0.999998
          1
          1
          1
          1
          1
          1
          1
          1
          1
          1
          1
          1
          1
          1
          1
          1
          1
          1
          1
          1
          1
          1
          1
          1
          1
          1
          1
          1
          1
          1
          1
          1
          1
          1
          1
          1
          1
          1
          1
          1
          1
          1
          1
          1
   0.999999
   0.999998
   0.999996
   0.999993
   0.999987
    0.99998
   0.999974
   0.999969
   0.999969
   0.999973
    0.99998
   0.999987
   0.999993
   0.999997
   0.999999
   0.999999
          1
          1
          1
          1
          1
          1
          1
          1
          1
          1
          1
          1
          1
          1
          1
          1
          1
          1
          1
          1
          1
          1
          1
          1
          1
          1
          1
          1
          1
          1
          1
          1
          1
          1
          1
          1
          1
          1
          1
          1
          1
          1
          1
          1
          1
   0.999999
   0.999999
   0.999998
   0.999996
   0.999994
   0.999992
    0.99999
    0.99999
   0.999992
   0.999994
   0.999996
   0.999998
   0.999999
   0.999999
          1
          1
          1
          1
          1
          1
          1
          1
          1
          1
          1
          1
          1
          1
          1
          1
          1
          1
          1
          1
          1
          1
          1
          1
          1
          1
          1
          1
          1
          1
          1
          1
          1
          1
          1
          1
          1
          1
          1
          1
          1
          1
          1
          1
          1
          1
          1
          1
   0.999999
   0.999999
   0.999998
   0.999998
   0.999997
   0.999997
   0.999998
   0.999998
   0.999999
   0.999999
          1
          1
          1
          1
          1
          1
          1
          1
          1
          1
          1
          1
          1
          1
          1
          1
          1
          1
          1
          1
          1
          1
          1
          1
          1
          1
          1
          1
          1
          1
          1
          1
          1
          1
          1
          1
          1
          1
          1
          1
          1
          1
          1
          1
          1
          1
          1
          1
          1
          1
          1
          1
          1
   0.999999
   0.999999
   0.999999
   0.999999
          1
          1
          1
          1
          1
          1
          1
          1
          1
          1
          1
          1
          1
          1
          1
          1
          1
          1
          1
          1
          1
          1
          1
          1
          1
          1
          1
          1
          1
          1
          1
          1
          1
          1
          1
          1
          1
          1
          1
          1
          1
          1
          1
          1
          1
          1
          1
          1
          1
          1
          1
          1
          1
          1
          1
          1
          1
          1
          1
          1
          1
          1
          1
          1
          1
          1
          1
          1
          1
          1
          1
          1
          1
          1
          1
          1
          1
          1
          1
          1
          1
          1
          1
          1
          1
          1
          1
          1
          1
          1
          1
          1
          1
          1
          1
          1
          1
          1
          1
          1
          1
          1
          1
          1
          1
          1
          1
          1
          1
          1
          1
          1
          1
          1
          1
          1
          1
          1
          1
          1
          1
          1
          1
          1
          1
          1
          1
          1
          1
          1
          1
          1
          1
          1
          1
          1
          1
          1
          1
          1
          1
          1
          1
          1
          1
          1
          1
          1
          1
          1
          1
          1
          1
          1
          1
          1
          1
          1
          1
          1
          1
          1
          1
          1
          1
          1
          1
          1
          1
          1
          1
          1
          1
          1
          1
          1
          1
          1
          1
          1
          1
          1
          1
          1
          1
          1
          1
          1
          1
          1
          1
          1
          1
          1
          1
          1
          1
          1
          1
          1
          1
          1
          1
          1
          1
          1
          1
          1
          1
          1
          1
          1
          1
          1
          1
          1
          1
          1
          1
          1
          1
          1
          1
          1
          1
          1
          1
          1
          1
          1
          1
          1
          1
          1
          1
          1
          1
          1
          1
          1
          1
          1
          1
          1
          1
          1
          1
          1
          1
          1
          1
          1
          1
          1
          1
          1
          1
          1
          1
          1
          1
          1
          1
          1
          1
          1
          1
          1
          1
          1
          1
          1
          1
          1
          1
          1
          1
          1
          1
          1
          1
          1
          1
          1
          1
          1
          1
          1
          1
          1
          1
          1
          1
          1
          1
          1
          1
          1
          1
          1
          1
          1
          1
          1
          1
          1
          1
          1
          1
          1
          1
          1
          1
          1
          1
          1
          1
          1
          1
          1
          1
          1
          1
          1
          1
          1
          1
          1
          1
          1
          1
          1
          1
          1
          1
          1
          1
          1
          1
          1
          1
          1
          1
          1
          1
          1
          1
          1
          1
          1
          1
          1
          1
          1
          1
          1
          1
          1
          1
          1
          1
          1
          1
          1
          1
          1
          1
          1
          1
          1
          1
          1
          1
          1
          1
          1
          1
          1
          1
          1
          1
          1
          1
          1
          1
          1
          1
          1
          1
          1
          1
          1
          1
          1
          1
          1
          1
          1
          1
          1
          1
          1
          1
          1
          1
          1
          1
          1
          1
          1
          1
          1
          1
          1
          1
          1
          1
          1
          1
          1
          1
          1
          1
          1
          1
          1
          1
          1
          1
          1
          1
          1
          1
          1
          1
          1
          1
          1
          1
          1
          1
          1
          1
          1
          1
          1
          1
          1
          1
          1
          1
          1
          1
          1
          1
          1
          1
          1
          1
          1
          1
          1
          1
          1
          1
          1
          1
          1
          1
          1
          1
          1
          1
          1
          1
          1
          1
          1
          1
          1
          1
          1
          1
          1
          1
          1
          1
          1
          1
          1
          1
          1
          1
          1
          1
          1
          1
          1
          1
          1
          1
          1
          1
          1
          1
          1
          1
          1
          1
          1
          1
          1
          1
          1
          1
          1
          1
          1
          1
          1
          1
          1
          1
          1
          1
          1
          1
          1
          1
          1
          1
          1
          1
          1
          1
          1
          1
          1
          1
          1
          1
          1
          1
          1
          1
          1
          1
          1
          1
          1
          1
          1
          1
          1
          1
          1
          1
          1
          1
          1
          1
          1
          1
          1
          1
          1
          1
          1
          1
          1
          1
          1
          1
          1
          1
          1
          1
          1
          1
          1
          1
          1
          1
          1
          1
          1
          1
          1
          1
          1
          1
          1
          1
          1
          1
          1
          1
          1
          1
          1
          1
          1
          1
          1
          1
          1
          1
          1
          1
          1
          1
          1
          1
          1
          1
          1
          1
          1
          1
          1
          1
          1
          1
          1
          1
          1
          1
          1
          1
          1
          1
          1
          1
          1
          1
          1
          1
          1
          1
          1
          1
          1
          1
          1
          1
          1
          1
          1
          1
          1
          1
          1
          1
          1
          1
          1
          1
          1
          1
          1
          1
          1
          1
          1
          1
          1
          1
          1
          1
          1
          1
          1
          1
          1
          1
          1
          1
          1
          1
          1
          1
          1
          1
          1
          1
          1
          1
          1
          1
          1
          1
          1
          1
          1
          1
          1
          1
          1
          1
          1
          1
          1
          1
          1
          1
          1
          1
          1
          1
          1
          1
          1
          1
          1
          1
          1
          1
          1
          1
          1
          1
          1
          1
          1
          1
          1
          1
          1
          1
          1
          1
          1
          1
          1
          1
          1
          1
          1
          1
          1
          1
          1
          1
          1
          1
          1
          1
          1
          1
          1
          1
          1
          1
          1
          1
          1
          1
          1
          1
          1
          1
          1
          1
          1
          1
          1
          1
          1
          1
          1
          1
          1
          1
          1
          1
          1
          1
          1
          1
          1
          1
          1
          1
          1
          1
          1
          1
          1
          1
          1
          1
          1
          1
          1
          1
          1
          1
          1
          1
          1
          1
          1
          1
          1
          1
          1
          1
          1
          1
          1
          1
          1
          1
          1
          1
          1
          1
          1
          1
          1
          1
          1
          1
          1
          1
          1
          1
          1
          1
          1
          1
          1
          1
          1
          1
          1
          1
          1
          1
          1
          1
          1
          1
          1
          1
          1
          1
          1
          1
          1
          1
          1
          1
          1
          1
          1
          1
          1
          1
          1
          1
          1
          1
          1
          1
          1
          1
          1
          1
          1
          1
          1
          1
          1
          1
          1
          1
          1
          1
          1
          1
          1
          1
          1
          1
          1
          1
          1
          1
          1
          1
          1
          1
          1
          1
          1
          1
          1
          1
          1
          1
          1
          1
          1
          1
          1
          1
          1
          1
          1
          1
          1
          1
          1
          1
          1
          1
          1
          1
          1
          1
          1
          1
          1
          1
          1
          1
          1
          1
          1
          1
          1
          1
          1
          1
          1
          1
          1
          1
          1
          1
          1
          1
          1
          1
          1
          1
          1
          1
          1
          1
          1
          1
          1
          1
          1
          1
          1
          1
          1
          1
          1
          1
          1
          1
          1
          1
          1
          1
          1
          1
          1
          1
          1
          1
          1
          1
          1
          1
          1
          1
          1
          1
          1
          1
          1
          1
          1
          1
          1
          1
          1
          1
          1
          1
          1
          1
          1
          1
          1
          1
          1
          1
          1
          1
          1
          1
          1
          1
          1
          1
          1
          1
          1
          1
          1
          1
          1
          1
          1
          1
          1
          1
          1
          1
          1
          1
          1
          1
          1
          1
          1
          1
          1
          1
          1
          1
          1
          1
          1
          1
          1
          1
          1
          1
          1
          1
          1
          1
          1
          1
          1
          1
          1
          1
          1
          1
          1
          1
          1
          1
          1
          1
          1
          1
          1
          1
          1
          1
          1
          1
          1
          1
          1
          1
          1
          1
          1
          1
          1
          1
          1
          1
          1
          1
          1
          1
          1
          1
          1
          1
          1
          1
          1
          1
          1
          1
          1
          1
          1
          1
          1
          1
          1
          1
          1
          1
          1
          1
          1
          1
          1
          1
          1
          1
          1
          1
          1
          1
          1
          1
          1
          1
          1
          1
          1
          1
          1
          1
          1
          1
          1
          1
          1
          1
          1
          1
          1
          1
          1
          1
          1
          1
          1
          1
          1
          1
          1
          1
          1
          1
          1
          1
          1
          1
          1
          1
          1
          1
          1
          1
          1
          1
          1
          1
          1
          1
          1
          1
          1
          1
          1
          1
          1
          1
          1
          1
          1
          1
          1
          1
          1
          1
          1
          1
          1
          1
          1
          1
          1
          1
          1
          1
          1
          1
          1
          1
          1
          1
          1
          1
          1
          1
          1
          1
          1
          1
          1
          1
          1
          1
          1
          1
          1
          1
          1
          1
          1
          1
          1
          1
          1
          1
          1
          1
          1
          1
          1
          1
          1
          1
          1
          1
          1
          1
          1
          1
          1
          1
          1
          1
          1
          1
          1
          1
          1
          1
          1
          1
          1
          1
          1
          1
          1
          1
          1
          1
          1
          1
          1
          1
          1
          1
          1
          1
          1
          1
          1
          1
          1
          1
          1
          1
          1
          1
          1
          1
          1
          1
          1
          1
          1
          1
          1
          1
          1
          1
          1
          1
          1
          1
          1
          1
          1
          1
          1
          1
          1
          1
          1
          1
          1
          1
          1
          1
          1
          1
          1
          1
          1
          1
          1
          1
          1
          1
          1
          1
          1
          1
          1
          1
          1
          1
          1
          1
          1
          1
          1
          1
          1
          1
          1
          1
          1
          1
          1
          1
          1
          1
          1
          1
          1
          1
          1
          1
          1
          1
          1
          1
          1
          1
          1
          1
          1
          1
          1
          1
          1
          1
          1
          1
          1
          1
          1
          1
          1
          1
          1
          1
          1
          1
          1
          1
          1
          1
          1
          1
          1
          1
          1
          1
          1
          1
          1
          1
          1
          1
          1
          1
          1
          1
          1
          1
          1
          1
          1
          1
          1
          1
          1
          1
          1
          1
          1
          1
          1
          1
          1
          1
          1
          1
          1
          1
          1
          1
          1
          1
          1
          1
          1
          1
          1
          1
          1
          1
          1
          1
          1
          1
          1
          1
          1
          1
          1
          1
          1
          1
          1
          1
          1
          1
          1
          1
          1
          1
          1
          1
          1
          1
          1
          1
          1
          1
          1
          1
          1
          1
          1
          1
          1
          1
          1
          1
          1
          1
          1
          1
          1
          1
          1
          1
          1
          1
          1
          1
          1
          1
          1
          1
          1
          1
          1
          1
          1
          1
          1
          1
          1
          1
          1
          1
          1
          1
          1
          1
          1
          1
          1
          1
          1
          1
          1
          1
          1
          1
          1
          1
          1
          1
          1
          1
          1
          1
          1
          1
          1
          1
          1
          1
          1
          1
          1
          1
          1
          1
          1
          1
          1
          1
          1
          1
          1
          1
          1
          1
          1
          1
          1
          1
          1
          1
          1
          1
          1
          1
          1
          1
          1
          1
          1
          1
          1
          1
          1
          1
          1
          1
          1
          1
          1
          1
          1
          1
          1
          1
          1
          1
          1
          1
          1
          1
          1
          1
          1
          1
          1
          1
          1
          1
          1
          1
          1
          1
          1
          1
          1
          1
          1
          1
          1
          1
          1
          1
          1
          1
          1
          1
          1
          1
          1
          1
          1
          1
          1
          1
          1
          1
          1
          1
          1
          1
          1
          1
          1
          1
          1
          1
          1
          1
          1
          1
          1
          1
          1
          1
          1
          1
          1
          1
          1
          1
          1
          1
          1
          1
          1
          1
          1
          1
          1
          1
          1
          1
          1
          1
          1
          1
          1
          1
          1
          1
          1
          1
          1
          1
          1
          1
          1
          1
          1
          1
          1
          1
          1
          1
          1
          1
          1
          1
          1
          1
          1
          1
          1
          1
          1
          1
          1
          1
          1
          1
          1
          1
          1
          1
          1
          1
          1
          1
          1
          1
          1
          1
          1
          1
          1
          1
          1
          1
          1
          1
          1
          1
          1
          1
          1
          1
          1
          1
          1
          1
          1
          1
          1
          1
          1
          1
          1
          1
          1
          1
          1
          1
          1
          1
          1
          1
          1
          1
          1
          1
          1
          1
          1
          1
          1
          1
          1
          1
          1
          1
          1
          1
          1
          1
          1
          1
          1
          1
          1
          1
          1
          1
          1
          1
          1
          1
          1
          1
          1
          1
          1
          1
          1
          1
          1
          1
          1
          1
          1
          1
          1
          1
          1
          1
          1
          1
          1
          1
          1
          1
          1
          1
          1
          1
          1
          1
          1
          1
          1
          1
          1
          1
          1
          1
          1
          1
          1
          1
          1
          1
          1
          1
          1
          1
          1
          1
          1
          1
          1
          1
          1
          1
          1
          1
          1
          1
          1
          1
          1
          1
          1
          1
          1
          1
          1
          1
          1
          1
          1
          1
          1
          1
          1
          1
          1
          1
          1
          1
          1
          1
          1
          1
          1
          1
          1
          1
          1
          1
          1
          1
          1
          1
          1
          1
          1
          1
          1
          1
          1
          1
          1
          1
          1
          1
          1
          1
          1
          1
          1
          1
          1
          1
          1
          1
          1
          1
          1
          1
          1
          1
          1
          1
          1
          1
          1
          1
          1
          1
          1
          1
          1
          1
          1
          1
          1
          1
          1
          1
          1
          1
          1
          1
          1
          1
          1
          1
          1
          1
          1
          1
          1
          1
          1
          1
          1
          1
          1
          1
          1
          1
          1
          1
          1
          1
          1
          1
          1
          1
          1
          1
          1
          1
          1
          1
          1
          1
          1
          1
          1
          1
          1
          1
          1
          1
          1
          1
          1
          1
          1
          1
          1
          1
          1
          1
          1
          1
          1
          1
          1
          1
          1
          1
          1
          1
          1
          1
          1
          1
          1
          1
          1
          1
          1
          1
          1
          1
          1
          1
          1
          1
          1
          1
          1
          1
          1
          1
          1
          1
          1
          1
          1
          1
          1
          1
          1
          1
          1
          1
          1
          1
          1
          1
          1
          1
          1
          1
          1
          1
          1
          1
          1
          1
          1
          1
          1
          1
          1
          1
          1
          1
          1
          1
          1
          1
          1
          1
          1
          1
          1
          1
          1
          1
          1
          1
          1
          1
          1
          1
          1
          1
          1
          1
          1
          1
          1
          1
          1
          1
          1
          1
          1
          1
          1
          1
          1
          1
          1
          1
          1
          1
          1
          1
          1
          1
          1
          1
          1
          1
          1
          1
          1
          1
          1
          1
          1
          1
          1
          1
          1
          1
          1
          1
          1
          1
          1
          1
          1
          1
          1
          1
          1
          1
          1
          1
          1
          1
          1
          1
          1
          1
          1
          1
          1
          1
          1
          1
          1
          1
          1
          1
          1
          1
          1
          1
          1
          1
          1
          1
          1
          1
          1
          1
          1
          1
          1
          1
          1
          1
          1
          1
          1
          1
          1
          1
          1
          1
          1
          1
          1
          1
          1
          1
          1
          1
          1
          1
          1
          1
          1
          1
          1
          1
          1
          1
          1
          1
          1
          1
          1
          1
          1
          1
          1
          1
          1
          1
          1
          1
          1
          1
          1
          1
          1
          1
          1
          1
          1
          1
          1
          1
          1
          1
          1
          1
          1
          1
          1
          1
          1
          1
          1
          1
          1
          1
          1
          1
          1
          1
          1
          1
          1
          1
          1
          1
          1
          1
          1
          1
          1
          1
          1
          1
          1
          1
          1
          1
   0.999999
   0.999999
          1
          1
          1
          1
          1
          1
          1
          1
          1
          1
          1
          1
          1
          1
          1
          1
          1
          1
          1
          1
          1
          1
          1
          1
          1
          1
          1
          1
          1
          1
          1
          1
          1
          1
          1
          1
          1
          1
          1
          1
          1
          1
          1
          1
          1
          1
          1
          1
          1
          1
          1
          1
          1
          1
   0.999999
   0.999999
   0.999998
   0.999998
   0.999997
   0.999997
   0.999998
   0.999998
   0.999999
   0.999999
          1
          1
          1
          1
          1
          1
          1
          1
          1
          1
          1
          1
          1
          1
          1
          1
          1
          1
          1
          1
          1
          1
          1
          1
          1
          1
          1
          1
          1
          1
          1
          1
          1
          1
          1
          1
          1
          1
          1
          1
          1
          1
          1
          1
          1
          1
          1
          1
   0.999999
   0.999998
   0.999997
   0.999995
   0.999992
   0.999989
   0.999987
   0.999987
   0.999989
   0.999992
   0.999995
   0.999997
   0.999998
   0.999999
          1
          1
          1
          1
          1
          1
          1
          1
          1
          1
          1
          1
          1
          1
          1
          1
          1
          1
          1
          1
          1
          1
          1
          1
          1
          1
          1
          1
          1
          1
          1
          1
          1
          1
          1
          1
          1
          1
          1
          1
          1
          1
          1
          1
          1
   0.999999
   0.999997
   0.999994
   0.999987
   0.999977
   0.999965
   0.999953
   0.999946
   0.999945
   0.999953
   0.999965
   0.999977
   0.999987
   0.999994
   0.999997
   0.999999
          1
          1
          1
          1
          1
          1
          1
          1
          1
          1
          1
          1
          1
          1
          1
          1
          1
          1
          1
          1
          1
          1
          1
          1
          1
          1
          1
          1
          1
          1
          1
          1
          1
          1
          1
          1
          1
          1
          1
          1
          1
          1
          1
   0.999999
   0.999997
    0.99999
   0.999977
   0.999953
   0.999916
   0.999866
   0.999821
   0.999792
    0.99979
   0.999821
   0.999867
   0.999915
   0.999953
   0.999977
    0.99999
   0.999996
   0.999999
          1
          1
          1
          1
          1
          1
          1
          1
          1
          1
          1
          1
          1
          1
          1
          1
          1
          1
          1
          1
          1
          1
          1
          1
          1
          1
          1
          1
          1
          1
          1
          1
          1
          1
          1
          1
          1
          1
          1
          1
          1
   0.999999
   0.999997
   0.999989
    0.99997
   0.999927
   0.999847
   0.999721
   0.999557
   0.999395
   0.999296
   0.999296
   0.999394
   0.999557
   0.999721
   0.999846
   0.999927
    0.99997
   0.999989
   0.999996
   0.999999
          1
          1
          1
          1
          1
          1
          1
          1
          1
          1
          1
          1
          1
          1
          1
          1
          1
          1
          1
          1
          1
          1
          1
          1
          1
          1
          1
          1
          1
          1
          1
          1
          1
          1
          1
          1
          1
          1
          1
   0.999999
   0.999997
   0.999991
    0.99997
   0.999915
   0.999791
   0.999557
   0.999176
    0.99869
   0.998216
   0.997913
   0.997895
   0.998222
   0.998689
   0.999178
   0.999557
   0.999792
   0.999915
    0.99997
   0.999991
   0.999997
   0.999999
          1
          1
          1
          1
          1
          1
          1
          1
          1
          1
          1
          1
          1
          1
          1
          1
          1
          1
          1
          1
          1
          1
          1
          1
          1
          1
          1
          1
          1
          1
          1
          1
          1
          1
          1
          1
          1
          1
   0.999998
   0.999994
   0.999978
   0.999927
   0.999793
   0.999483
   0.998881
   0.997931
   0.996669
   0.995469
   0.994673
   0.994675
   0.995444
    0.99669
   0.997919
   0.998885
   0.999482
   0.999793
   0.999926
   0.999978
   0.999994
   0.999998
          1
          1
          1
          1
          1
          1
          1
          1
          1
          1
          1
          1
          1
          1
          1
          1
          1
          1
          1
          1
          1
          1
          1
          1
          1
          1
          1
          1
          1
          1
          1
          1
          1
          1
          1
          1
          1
   0.999999
   0.999997
   0.999987
   0.999953
   0.999847
   0.999557
    0.99887
   0.997578
   0.995419
   0.992703
   0.989946
   0.988262
   0.988199
   0.990007
   0.992657
   0.995442
   0.997556
   0.998879
   0.999555
   0.999847
   0.999953
   0.999987
   0.999997
   0.999999
          1
          1
          1
          1
          1
          1
          1
          1
          1
          1
          1
          1
          1
          1
          1
          1
          1
          1
          1
          1
          1
          1
          1
          1
          1
          1
          1
          1
          1
          1
          1
          1
          1
          1
          1
          1
   0.999999
   0.999995
   0.999977
   0.999916
   0.999721
   0.999179
   0.997929
   0.995423
   0.991478
   0.986245
   0.981248
   0.977926
   0.977967
   0.981115
   0.986316
   0.991456
   0.995446
   0.997928
   0.999182
   0.999719
   0.999916
   0.999978
   0.999995
   0.999999
          1
          1
          1
          1
          1
          1
          1
          1
          1
          1
          1
          1
          1
          1
          1
          1
          1
          1
          1
          1
          1
          1
          1
          1
          1
          1
          1
          1
          1
          1
          1
          1
          1
          1
          1
          1
   0.999998
   0.999992
   0.999966
    0.99987
   0.999559
    0.99871
   0.996658
   0.992787
   0.986249
   0.977934
   0.969625
   0.964668
    0.96442
    0.96977
   0.977886
   0.986293
   0.992717
   0.996689
   0.998707
    0.99956
    0.99987
   0.999966
   0.999992
   0.999998
          1
          1
          1
          1
          1
          1
          1
          1
          1
          1
          1
          1
          1
          1
          1
          1
          1
          1
          1
          1
          1
          1
          1
          1
          1
          1
          1
          1
          1
          1
          1
          1
          1
          1
          1
          1
   0.999998
   0.999989
   0.999954
   0.999823
   0.999405
   0.998229
   0.995499
   0.989991
   0.981341
   0.969733
   0.958646
    0.95159
   0.951656
   0.958555
   0.969888
   0.981209
   0.990025
   0.995495
   0.998239
     0.9994
   0.999823
   0.999954
   0.999989
   0.999998
          1
          1
          1
          1
          1
          1
          1
          1
          1
          1
          1
          1
          1
          1
          1
          1
          1
          1
          1
          1
          1
          1
          1
          1
          1
          1
          1
          1
          1
          1
          1
          1
          1
          1
          1
   0.999999
   0.999997
   0.999987
   0.999946
   0.999796
   0.999301
    0.99795
    0.99467
   0.988408
   0.977909
   0.964696
   0.951625
   0.943496
   0.943339
   0.951755
   0.964542
   0.978068
   0.988331
   0.994721
   0.997936
   0.999307
   0.999794
   0.999946
   0.999987
   0.999997
   0.999999
          1
          1
          1
          1
          1
          1
          1
          1
          1
          1
          1
          1
          1
          1
          1
          1
          1
          1
          1
          1
          1
          1
          1
          1
          1
          1
          1
          1
          1
          1
          1
          1
          1
          1
   0.999999
   0.999997
   0.999987
   0.999946
   0.999794
    0.99931
    0.99792
   0.994721
   0.988324
   0.978108
   0.964522
   0.951699
   0.943558
   0.943508
   0.951505
   0.964839
   0.978002
   0.988349
   0.994717
   0.997946
     0.9993
   0.999795
   0.999946
   0.999987
   0.999997
   0.999999
          1
          1
          1
          1
          1
          1
          1
          1
          1
          1
          1
          1
          1
          1
          1
          1
          1
          1
          1
          1
          1
          1
          1
          1
          1
          1
          1
          1
          1
          1
          1
          1
          1
          1
          1
   0.999998
   0.999989
   0.999954
   0.999826
     0.9994
   0.998252
   0.995451
    0.99013
   0.981214
   0.969867
   0.958492
   0.951795
    0.95148
   0.958707
   0.969698
   0.981328
   0.990008
   0.995508
   0.998242
   0.999404
   0.999823
   0.999954
   0.999989
   0.999998
          1
          1
          1
          1
          1
          1
          1
          1
          1
          1
          1
          1
          1
          1
          1
          1
          1
          1
          1
          1
          1
          1
          1
          1
          1
          1
          1
          1
          1
          1
          1
          1
          1
          1
          1
          1
   0.999998
   0.999992
   0.999966
   0.999869
   0.999562
   0.998698
   0.996715
   0.992701
   0.986365
   0.977932
   0.969871
   0.964476
   0.964709
   0.969696
   0.978053
    0.98629
   0.992746
   0.996695
   0.998709
   0.999559
    0.99987
   0.999966
   0.999992
   0.999998
          1
          1
          1
          1
          1
          1
          1
          1
          1
          1
          1
          1
          1
          1
          1
          1
          1
          1
          1
          1
          1
          1
          1
          1
          1
          1
          1
          1
          1
          1
          1
          1
          1
          1
          1
          1
   0.999999
   0.999995
   0.999978
   0.999917
   0.999721
   0.999186
   0.997897
   0.995486
   0.991426
    0.98629
   0.981108
   0.977997
   0.977798
   0.981262
   0.986229
   0.991465
   0.995437
   0.997922
   0.999182
   0.999722
   0.999917
   0.999978
   0.999995
   0.999999
          1
          1
          1
          1
          1
          1
          1
          1
          1
          1
          1
          1
          1
          1
          1
          1
          1
          1
          1
          1
          1
          1
          1
          1
          1
          1
          1
          1
          1
          1
          1
          1
          1
          1
          1
          1
   0.999999
   0.999997
   0.999988
   0.999954
   0.999847
   0.999556
   0.998886
   0.997552
   0.995465
   0.992688
   0.990019
   0.988284
   0.988285
   0.989956
   0.992747
   0.995451
   0.997566
   0.998884
   0.999557
   0.999847
   0.999954
   0.999987
   0.999997
   0.999999
          1
          1
          1
          1
          1
          1
          1
          1
          1
          1
          1
          1
          1
          1
          1
          1
          1
          1
          1
          1
          1
          1
          1
          1
          1
          1
          1
          1
          1
          1
          1
          1
          1
          1
          1
          1
          1
   0.999998
   0.999994
   0.999978
   0.999927
   0.999793
   0.999478
   0.998891
   0.997908
   0.996675
   0.995443
   0.994674
   0.994658
   0.995478
   0.996653
   0.997928
   0.998883
   0.999483
   0.999793
   0.999927
   0.999978
   0.999994
   0.999998
          1
          1
          1
          1
          1
          1
          1
          1
          1
          1
          1
          1
          1
          1
          1
          1
          1
          1
          1
          1
          1
          1
          1
          1
          1
          1
          1
          1
          1
          1
          1
          1
          1
          1
          1
          1
          1
          1
   0.999999
   0.999997
   0.999991
    0.99997
   0.999916
   0.999793
   0.999558
   0.999186
   0.998696
   0.998229
   0.997919
   0.997925
   0.998221
   0.998706
   0.999184
   0.999558
   0.999794
   0.999917
    0.99997
   0.999991
   0.999997
   0.999999
          1
          1
          1
          1
          1
          1
          1
          1
          1
          1
          1
          1
          1
          1
          1
          1
          1
          1
          1
          1
          1
          1
          1
          1
          1
          1
          1
          1
          1
          1
          1
          1
          1
          1
          1
          1
          1
          1
          1
   0.999999
   0.999997
   0.999989
    0.99997
   0.999927
   0.999848
   0.999721
   0.999557
   0.999398
   0.999299
   0.999291
   0.999399
   0.999556
   0.999721
   0.999847
   0.999927
    0.99997
   0.999989
   0.999997
   0.999999
          1
          1
          1
          1
          1
          1
          1
          1
          1
          1
          1
          1
          1
          1
          1
          1
          1
          1
          1
          1
          1
          1
          1
          1
          1
          1
          1
          1
          1
          1
          1
          1
          1
          1
          1
          1
          1
          1
          1
          1
          1
   0.999999
   0.999997
   0.999991
   0.999978
   0.999954
   0.999916
   0.999868
   0.999822
   0.999793
   0.999794
   0.999821
   0.999869
   0.999917
   0.999953
   0.999978
    0.99999
   0.999997
   0.999999
          1
          1
          1
          1
          1
          1
          1
          1
          1
          1
          1
          1
          1
          1
          1
          1
          1
          1
          1
          1
          1
          1
          1
          1
          1
          1
          1
          1
          1
          1
          1
          1
          1
          1
          1
          1
          1
          1
          1
          1
          1
          1
          1
   0.999999
   0.999997
   0.999994
   0.999987
   0.999978
   0.999965
   0.999954
   0.999946
   0.999946
   0.999954
   0.999965
   0.999977
   0.999987
   0.999994
   0.999997
   0.999999
          1
          1
          1
          1
          1
          1
          1
          1
          1
          1
          1
          1
          1
          1
          1
          1
          1
          1
          1
          1
          1
          1
          1
          1
          1
          1
          1
          1
          1
          1
          1
          1
          1
          1
          1
          1
          1
          1
          1
          1
          1
          1
          1
          1
          1
   0.999999
   0.999998
   0.999997
   0.999995
   0.999992
   0.999989
   0.999987
   0.999987
   0.999989
   0.999992
   0.999995
   0.999997
   0.999998
   0.999999
          1
          1
          1
          1
          1
          1
          1
          1
          1
          1
          1
          1
          1
          1
          1
          1
          1
          1
          1
          1
          1
          1
          1
          1
          1
          1
          1
          1
          1
          1
          1
          1
          1
          1
          1
          1
          1
          1
          1
          1
          1
          1
          1
          1
          1
          1
          1
          1
   0.999999
   0.999999
   0.999998
   0.999998
   0.999997
   0.999997
   0.999998
   0.999998
   0.999999
   0.999999
          1
          1
          1
          1
          1
          1
          1
          1
          1
          1
          1
          1
          1
          1
          1
          1
          1
          1
          1
          1
          1
          1
          1
          1
          1
          1
          1
          1
          1
          1
          1
          1
          1
          1
          1
          1
          1
          1
          1
          1
          1
          1
          1
          1
          1
          1
          1
          1
          1
          1
          1
          1
          1
          1
   0.999999
   0.999999
          1
          1
          1
          1
          1
          1
          1
          1
          1
          1
          1
          1
          1
          1
          1
          1
          1
          1
          1
          1
          1
          1
          1
          1
          1
          1
          1
          1
          1
          1
          1
          1
          1
          1
          1
          1
          1
          1
          1
          1
          1
          1
          1
          1
          1
          1
          1
          1
          1
          1
          1
          1
          1
          1
          1
          1
          1
          1
          1
          1
          1
          1
          1
          1
          1
          1
          1
          1
          1
          1
          1
          1
          1
          1
          1
          1
          1
          1
          1
          1
          1
          1
          1
          1
          1
          1
          1
          1
          1
          1
          1
          1
          1
          1
          1
          1
          1
          1
          1
          1
          1
          1
          1
          1
          1
          1
          1
          1
          1
          1
          1
          1
          1
          1
          1
          1
          1
          1
          1
          1
          1
          1
          1
          1
          1
          1
          1
          1
          1
          1
          1
          1
          1
          1
          1
          1
          1
          1
          1
          1
          1
          1
          1
          1
          1
          1
          1
          1
          1
          1
          1
          1
          1
          1
          1
          1
          1
          1
          1
          1
          1
          1
          1
          1
          1
          1
          1
          1
          1
          1
          1
          1
          1
          1
          1
          1
          1
          1
          1
          1
          1
          1
          1
          1
          1
          1
          1
          1
          1
          1
          1
          1
          1
          1
          1
          1
          1
          1
          1
          1
          1
          1
          1
          1
          1
          1
          1
          1
          1
          1
          1
          1
          1
          1
          1
          1
          1
          1
          1
          1
          1
          1
          1
          1
          1
          1
          1
          1
          1
          1
          1
          1
          1
          1
          1
          1
          1
          1
          1
          1
          1
          1
          1
          1
          1
          1
          1
          1
          1
          1
          1
          1
          1
          1
          1
          1
          1
          1
          1
          1
          1
          1
          1
          1
          1
          1
          1
          1
          1
          1
          1
          1
          1
          1
          1
          1
          1
          1
          1
          1
          1
          1
          1
          1
          1
          1
          1
          1
          1
          1
          1
          1
          1
          1
          1
          1
          1
          1
          1
          1
          1
          1
          1
          1
          1
          1
          1
          1
          1
          1
          1
          1
          1
          1
          1
          1
          1
          1
          1
          1
          1
          1
          1
          1
          1
          1
          1
          1
          1
          1
          1
          1
          1
          1
          1
          1
          1
          1
          1
          1
          1
          1
          1
          1
          1
          1
          1
          1
          1
          1
          1
          1
          1
          1
          1
          1
          1
          1
          1
          1
          1
          1
          1
          1
          1
          1
          1
          1
          1
          1
          1
          1
          1
          1
          1
          1
          1
          1
          1
          1
          1
          1
          1
          1
          1
          1
          1
          1
          1
          1
          1
          1
          1
          1
          1
          1
          1
          1
          1
          1
          1
          1
          1
          1
          1
          1
          1
          1
          1
          1
          1
          1
          1
          1
          1
          1
          1
          1
          1
          1
          1
          1
          1
          1
          1
          1
          1
          1
          1
          1
          1
          1
          1
          1
          1
          1
          1
          1
          1
          1
          1
          1
          1
          1
          1
          1
          1
          1
          1
          1
          1
          1
          1
          1
          1
          1
          1
          1
          1
          1
          1
          1
          1
          1
          1
          1
          1
          1
          1
          1
          1
          1
          1
          1
          1
          1
          1
          1
          1
          1
          1
          1
          1
          1
          1
          1
          1
          1
          1
          1
          1
          1
          1
          1
          1
          1
          1
          1
          1
          1
          1
          1
          1
          1
          1
          1
          1
          1
          1
          1
          1
          1
          1
          1
          1
          1
          1
          1
          1
          1
          1
          1
          1
          1
          1
          1
          1
          1
          1
          1
          1
          1
          1
          1
          1
          1
          1
          1
          1
          1
          1
          1
          1
          1
          1
          1
          1
          1
          1
          1
          1
          1
          1
          1
          1
          1
          1
          1
          1
          1
          1
          1
          1
          1
          1
          1
          1
          1
          1
          1
          1
          1
          1
          1
          1
          1
          1
          1
          1
          1
          1
          1
          1
          1
          1
          1
          1
          1
          1
          1
          1
          1
          1
          1
          1
          1
          1
          1
          1
          1
          1
          1
          1
          1
          1
          1
          1
          1
          1
          1
          1
          1
          1
          1
          1
          1
          1
          1
          1
          1
          1
          1
          1
          1
          1
          1
          1
          1
          1
          1
          1
          1
          1
          1
          1
          1
          1
          1
          1
          1
          1
          1
          1
          1
          1
          1
          1
          1
          1
          1
          1
          1
          1
          1
          1
          1
          1
          1
          1
          1
          1
          1
          1
          1
          1
          1
          1
          1
          1
          1
          1
          1
          1
          1
          1
          1
          1
          1
          1
          1
          1
          1
          1
          1
          1
          1
          1
          1
          1
          1
          1
          1
          1
          1
          1
          1
          1
          1
          1
          1
          1
          1
          1
          1
          1
          1
          1
          1
          1
          1
          1
          1
          1
          1
          1
          1
          1
          1
          1
          1
          1
          1
          1
          1
          1
          1
          1
          1
          1
          1
          1
          1
          1
          1
          1
          1
          1
          1
          1
          1
          1
          1
          1
          1
          1
          1
          1
          1
          1
          1
          1
          1
          1
          1
          1
          1
          1
          1
          1
          1
          1
          1
          1
          1
          1
          1
          1
          1
          1
          1
          1
          1
          1
          1
          1
          1
          1
          1
          1
          1
          1
          1
          1
          1
          1
          1
          1
          1
          1
          1
          1
          1
          1
          1
          1
          1
          1
          1
          1
          1
          1
          1
          1
          1
          1
          1
          1
          1
          1
          1
          1
          1
          1
          1
          1
          1
          1
          1
          1
          1
          1
          1
          1
          1
          1
          1
          1
          1
          1
          1
          1
          1
          1
          1
          1
          1
          1
          1
          1
          1
          1
          1
          1
          1
          1
          1
          1
          1
          1
          1
          1
          1
          1
          1
          1
          1
          1
          1
          1
          1
          1
          1
          1
          1
          1
          1
          1
          1
          1
          1
          1
          1
          1
          1
          1
          1
          1
          1
          1
          1
          1
          1
          1
          1
          1
          1
          1
          1
          1
          1
          1
          1
          1
          1
          1
          1
          1
          1
          1
          1
          1
          1
          1
          1
          1
          1
          1
          1
          1
          1
          1
          1
          1
          1
          1
          1
          1
          1
          1
          1
          1
          1
          1
          1
          1
          1
          1
          1
          1
          1
          1
          1
          1
          1
          1
          1
          1
          1
          1
          1
          1
          1
          1
          1
          1
          1
          1
          1
          1
          1
          1
          1
          1
          1
          1
          1
          1
          1
          1
          1
          1
          1
          1
          1
          1
          1
          1
          1
          1
          1
          1
          1
          1
          1
          1
          1
          1
          1
          1
          1
          1
          1
          1
          1
          1
          1
          1
          1
          1
          1
          1
          1
          1
          1
          1
          1
          1
          1
          1
          1
          1
          1
          1
          1
          1
          1
          1
          1
          1
          1
          1
          1
          1
          1
          1
          1
          1
          1
          1
          1
          1
          1
          1
          1
          1
          1
          1
          1
          1
          1
          1
          1
          1
          1
          1
          1
          1
          1
          1
          1
          1
          1
          1
          1
          1
          1
          1
          1
          1
          1
          1
          1
          1
          1
          1
          1
          1
          1
          1
          1
          1
          1
          1
          1
          1
          1
          1
          1
          1
          1
          1
          1
          1
          1
          1
          1
          1
          1
          1
          1
          1
          1
          1
          1
          1
          1
          1
          1
          1
          1
          1
          1
          1
          1
          1
          1
          1
          1
          1
          1
          1
          1
          1
          1
          1
          1
          1
          1
          1
          1
          1
          1
          1
          1
          1
          1
          1
          1
          1
          1
          1
          1
          1
          1
          1
          1
          1
          1
          1
          1
          1
          1
          1
          1
          1
          1
          1
          1
          1
          1
          1
          1
          1
          1
          1
          1
          1
          1
          1
          1
          1
          1
          1
          1
          1
          1
          1
          1
          1
          1
          1
          1
          1
          1
          1
          1
          1
          1
          1
          1
          1
          1
          1
          1
          1
          1
          1
          1
          1
          1
          1
          1
          1
          1
          1
          1
          1
          1
          1
          1
          1
          1
          1
          1
          1
          1
          1
          1
          1
          1
          1
          1
          1
          1
          1
          1
          1
          1
          1
          1
          1
          1
          1
          1
          1
          1
          1
          1
          1
          1
          1
          1
          1
          1
          1
          1
          1
          1
          1
          1
          1
          1
          1
          1
          1
          1
          1
          1
          1
          1
          1
          1
          1
          1
          1
          1
          1
          1
          1
          1
          1
          1
          1
          1
          1
          1
          1
          1
          1
          1
          1
          1
          1
          1
          1
          1
          1
          1
          1
          1
          1
          1
          1
          1
          1
          1
          1
          1
          1
          1
          1
          1
          1
          1
          1
          1
          1
          1
          1
          1
          1
          1
          1
          1
          1
          1
          1
          1
          1
          1
          1
          1
          1
          1
          1
          1
          1
          1
          1
          1
          1
          1
          1
          1
          1
          1
          1
          1
          1
          1
          1
          1
          1
          1
          1
          1
          1
          1
          1
          1
          1
          1
          1
          1
          1
          1
          1
          1
          1
          1
          1
          1
          1
          1
          1
          1
          1
          1
          1
          1
          1
          1
          1
          1
          1
          1
          1
          1
          1
          1
          1
          1
          1
          1
          1
          1
          1
          1
          1
          1
          1
          1
          1
          1
          1
          1
          1
          1
          1
          1
          1
          1
          1
          1
          1
          1
          1
          1
          1
          1
          1
          1
          1
          1
          1
          1
          1
          1
          1
          1
          1
          1
          1
          1
          1
          1
          1
          1
          1
          1
          1
          1
          1
          1
          1
          1
          1
          1
          1
          1
          1
          1
          1
          1
          1
          1
          1
          1
          1
          1
          1
          1
          1
          1
          1
          1
          1
          1
          1
          1
          1
          1
          1
          1
          1
          1
          1
          1
          1
          1
          1
          1
          1
          1
          1
          1
          1
          1
          1
          1
          1
          1
          1
          1
          1
          1
          1
          1
          1
          1
          1
          1
          1
          1
          1
          1
          1
          1
          1
          1
          1
          1
          1
          1
          1
          1
          1
          1
          1
          1
          1
          1
          1
          1
          1
          1
          1
          1
          1
          1
          1
          1
          1
          1
          1
          1
          1
          1
          1
          1
          1
          1
          1
          1
          1
          1
          1
          1
          1
          1
          1
          1
          1
          1
          1
          1
          1
          1
          1
          1
          1
          1
          1
          1
          1
          1
          1
          1
          1
          1
          1
          1
          1
          1
          1
          1
          1
          1
          1
          1
          1
          1
          1
          1
          1
          1
          1
          1
          1
          1
          1
          1
          1
          1
          1
          1
          1
          1
          1
          1
          1
          1
          1
          1
          1
          1
          1
          1
          1
          1
          1
          1
          1
          1
          1
          1
          1
          1
          1
          1
          1
          1
          1
          1
          1
          1
          1
          1
          1
          1
          1
          1
          1
          1
          1
          1
          1
          1
          1
          1
          1
          1
          1
          1
          1
          1
          1
          1
          1
          1
          1
          1
          1
          1
          1
          1
          1
          1
          1
          1
          1
          1
          1
          1
          1
          1
          1
          1
          1
          1
          1
          1
          1
          1
          1
          1
          1
          1
          1
          1
          1
          1
          1
          1
          1
          1
          1
          1
          1
          1
          1
          1
          1
          1
          1
          1
          1
          1
          1
          1
          1
          1
          1
          1
          1
          1
          1
          1
          1
          1
          1
          1
          1
          1
          1
          1
          1
          1
          1
          1
          1
          1
          1
          1
          1
          1
          1
          1
          1
          1
          1
          1
          1
          1
          1
          1
          1
          1
          1
          1
          1
          1
          1
          1
          1
          1
          1
          1
          1
          1
          1
          1
          1
          1
          1
          1
          1
          1
          1
          1
          1
          1
          1
          1
          1
          1
          1
          1
          1
          1
          1
          1
          1
          1
          1
          1
          1
          1
          1
          1
          1
          1
          1
          1
          1
          1
          1
          1
          1
          1
          1
          1
          1
          1
          1
          1
          1
          1
          1
          1
          1
          1
          1
          1
          1
          1
          1
          1
          1
          1
          1
          1
          1
          1
          1
          1
          1
          1
          1
          1
          1
          1
          1
          1
          1
          1
          1
          1
          1
          1
          1
          1
          1
          1
          1
          1
          1
          1
          1
          1
          1
          1
          1
          1
          1
          1
          1
          1
          1
          1
          1
          1
          1
          1
          1
          1
          1
          1
          1
          1
          1
          1
          1
          1
          1
          1
          1
          1
          1
          1
          1
          1
          1
          1
          1
          1
          1
          1
          1
          1
          1
          1
          1
          1
          1
          1
          1
          1
          1
          1
          1
          1
          1
          1
          1
          1
          1
          1
          1
          1
          1
          1
          1
          1
          1
          1
          1
          1
          1
          1
          1
          1
          1
          1
          1
          1
          1
          1
          1
          1
          1
          1
          1
          1
          1
          1
          1
          1
          1
          1
          1
          1
          1
          1
          1
          1
          1
          1
          1
          1
          1
          1
          1
          1
          1
          1
          1
          1
          1
          1
          1
          1
          1
          1
          1
          1
          1
          1
          1
          1
          1
          1
          1
          1
          1
          1
          1
          1
          1
          1
          1
          1
          1
          1
          1
          1
          1
          1
          1
          1
          1
          1
          1
          1
          1
          1
          1
          1
          1
          1
          1
          1
          1
          1
          1
          1
          1
          1
          1
          1
          1
          1
          1
          1
          1
          1
          1
          1
          1
          1
          1
          1
          1
          1
          1
          1
          1
          1
          1
          1
          1
          1
          1
          1
          1
          1
          1
          1
          1
          1
          1
          1
          1
          1
          1
          1
          1
          1
          1
          1
          1
          1
          1
          1
          1
          1
          1
          1
          1
          1
          1
          1
          1
          1
          1
          1
          1
          1
          1
          1
          1
          1
          1
          1
          1
   0.999999
   0.999999
   0.999999
   0.999999
   0.999999
   0.999999
   0.999999
   0.999999
          1
          1
          1
          1
          1
          1
          1
          1
          1
          1
          1
          1
          1
          1
          1
          1
          1
          1
          1
          1
          1
          1
          1
          1
          1
          1
          1
          1
          1
          1
          1
          1
          1
          1
          1
          1
          1
          1
          1
          1
          1
          1
          1
          1
          1
          1
          1
          1
          1
          1
   0.999999
   0.999998
   0.999996
   0.999995
   0.999993
   0.999992
   0.999992
   0.999993
   0.999995
   0.999997
   0.999998
   0.999999
          1
          1
          1
          1
          1
          1
          1
          1
          1
          1
          1
          1
          1
          1
          1
          1
          1
          1
          1
          1
          1
          1
          1
          1
          1
          1
          1
          1
          1
          1
          1
          1
          1
          1
          1
          1
          1
          1
          1
          1
          1
          1
          1
          1
          1
          1
   0.999999
   0.999998
   0.999995
   0.999989
   0.999981
    0.99997
    0.99996
   0.999953
   0.999954
    0.99996
    0.99997
   0.999981
   0.999989
   0.999995
   0.999998
   0.999999
          1
          1
          1
          1
          1
          1
          1
          1
          1
          1
          1
          1
          1
          1
          1
          1
          1
          1
          1
          1
          1
          1
          1
          1
          1
          1
          1
          1
          1
          1
          1
          1
          1
          1
          1
          1
          1
          1
          1
          1
          1
          1
          1
   0.999999
   0.999996
   0.999989
   0.999974
   0.999947
   0.999903
    0.99985
   0.999793
   0.999762
   0.999761
   0.999794
   0.999849
   0.999903
   0.999947
   0.999974
   0.999989
   0.999996
   0.999999
          1
          1
          1
          1
          1
          1
          1
          1
          1
          1
          1
          1
          1
          1
          1
          1
          1
          1
          1
          1
          1
          1
          1
          1
          1
          1
          1
          1
          1
          1
          1
          1
          1
          1
          1
          1
          1
          1
          1
          1
          1
   0.999999
   0.999995
   0.999984
   0.999954
   0.999889
   0.999762
   0.999565
   0.999306
   0.999054
   0.998888
   0.998894
   0.999051
   0.999306
   0.999562
   0.999763
   0.999887
   0.999954
   0.999984
   0.999995
   0.999999
          1
          1
          1
          1
          1
          1
          1
          1
          1
          1
          1
          1
          1
          1
          1
          1
          1
          1
          1
          1
          1
          1
          1
          1
          1
          1
          1
          1
          1
          1
          1
          1
          1
          1
          1
          1
          1
          1
          1
   0.999999
   0.999995
   0.999981
   0.999939
   0.999827
   0.999566
   0.999069
   0.998264
   0.997235
   0.996183
   0.995532
   0.995545
   0.996187
   0.997228
   0.998268
   0.999066
   0.999565
   0.999826
    0.99994
   0.999981
   0.999995
   0.999999
          1
          1
          1
          1
          1
          1
          1
          1
          1
          1
          1
          1
          1
          1
          1
          1
          1
          1
          1
          1
          1
          1
          1
          1
          1
          1
          1
          1
          1
          1
          1
          1
          1
          1
          1
          1
          1
   0.999999
   0.999996
   0.999984
   0.999939
     0.9998
   0.999413
    0.99852
   0.996758
   0.993903
   0.990175
   0.986515
   0.984164
   0.984202
   0.986489
   0.990202
   0.993878
   0.996779
   0.998513
   0.999415
     0.9998
    0.99994
   0.999984
   0.999996
   0.999999
          1
          1
          1
          1
          1
          1
          1
          1
          1
          1
          1
          1
          1
          1
          1
          1
          1
          1
          1
          1
          1
          1
          1
          1
          1
          1
          1
          1
          1
          1
          1
          1
          1
          1
          1
          1
   0.999998
    0.99999
   0.999955
   0.999828
   0.999421
   0.998278
   0.995611
   0.990261
   0.981655
   0.970442
    0.95943
   0.952494
   0.952655
   0.959414
    0.97048
   0.981655
    0.99027
   0.995601
   0.998284
    0.99942
   0.999827
   0.999955
    0.99999
   0.999998
          1
          1
          1
          1
          1
          1
          1
          1
          1
          1
          1
          1
          1
          1
          1
          1
          1
          1
          1
          1
          1
          1
          1
          1
          1
          1
          1
          1
          1
          1
          1
          1
          1
          1
          1
   0.999999
   0.999995
   0.999975
   0.999891
    0.99957
   0.998536
   0.995614
    0.98859
   0.974865
   0.952575
    0.92488
   0.898004
   0.881688
   0.881754
   0.898213
   0.924828
   0.952723
    0.97484
   0.988638
   0.995626
   0.998545
   0.999573
   0.999892
   0.999975
   0.999995
   0.999999
          1
          1
          1
          1
          1
          1
          1
          1
          1
          1
          1
          1
          1
          1
          1
          1
          1
          1
          1
          1
          1
          1
          1
          1
          1
          1
          1
          1
          1
          1
          1
          1
          1
          1
   0.999998
   0.999989
   0.999949
    0.99977
   0.999078
   0.996809
   0.990277
   0.974961
   0.944628
   0.898841
   0.842975
   0.793665
    0.76441
   0.764784
   0.793345
   0.843617
   0.898641
    0.94496
   0.974964
   0.990362
   0.996825
   0.999082
   0.999769
   0.999949
   0.999989
   0.999998
          1
          1
          1
          1
          1
          1
          1
          1
          1
          1
          1
          1
          1
          1
          1
          1
          1
          1
          1
          1
          1
          1
          1
          1
          1
          1
          1
          1
          1
          1
          1
          1
          1
   0.999999
   0.999997
   0.999982
   0.999907
    0.99958
   0.998298
   0.994009
   0.981812
     0.9528
     0.8991
   0.819944
   0.733706
   0.661867
   0.623237
   0.623379
   0.662571
   0.733563
   0.820135
   0.899061
   0.953029
   0.981907
   0.994054
   0.998313
    0.99958
   0.999908
   0.999981
   0.999997
   0.999999
          1
          1
          1
          1
          1
          1
          1
          1
          1
          1
          1
          1
          1
          1
          1
          1
          1
          1
          1
          1
          1
          1
          1
          1
          1
          1
          1
          1
          1
          1
          1
          1
   0.999999
   0.999995
   0.999971
   0.999854
   0.999331
   0.997266
   0.990403
   0.970579
   0.925563
   0.843031
   0.734104
   0.623701
   0.541213
   0.497889
   0.498615
    0.54095
   0.623972
   0.733868
   0.843655
   0.925549
   0.970727
   0.990434
   0.997292
   0.999334
   0.999855
   0.999971
   0.999995
   0.999999
          1
          1
          1
          1
          1
          1
          1
          1
          1
          1
          1
          1
          1
          1
          1
          1
          1
          1
          1
          1
          1
          1
          1
          1
          1
          1
          1
          1
          1
          1
          1
          1
   0.999999
   0.999993
   0.999962
   0.999803
   0.999087
   0.996294
   0.986786
   0.960076
   0.898992
   0.795162
   0.662634
   0.541918
   0.456634
   0.414326
   0.414422
   0.456645
   0.541984
   0.663209
   0.795025
    0.89934
   0.960175
   0.986906
   0.996326
   0.999097
   0.999806
   0.999961
   0.999993
   0.999999
          1
          1
          1
          1
          1
          1
          1
          1
          1
          1
          1
          1
          1
          1
          1
          1
          1
          1
          1
          1
          1
          1
          1
          1
          1
          1
          1
          1
          1
          1
          1
          1
   0.999999
   0.999992
   0.999956
   0.999773
   0.998946
   0.995634
   0.984639
   0.953018
   0.883425
   0.765536
   0.624719
   0.498935
    0.41473
   0.373989
   0.373826
    0.41475
   0.499646
   0.624086
   0.765871
   0.883146
    0.95331
   0.984631
   0.995676
   0.998945
   0.999774
   0.999956
   0.999992
   0.999999
          1
          1
          1
          1
          1
          1
          1
          1
          1
          1
          1
          1
          1
          1
          1
          1
          1
          1
          1
          1
          1
          1
          1
          1
          1
          1
          1
          1
          1
          1
          1
          1
   0.999999
   0.999992
   0.999956
   0.999773
    0.99894
   0.995669
   0.984521
    0.95341
   0.882991
   0.766268
   0.624319
   0.499745
    0.41495
   0.373892
   0.374341
   0.415149
   0.499191
   0.624697
   0.766089
   0.883376
     0.9534
   0.984695
    0.99568
   0.998948
   0.999774
   0.999955
   0.999992
   0.999999
          1
          1
          1
          1
          1
          1
          1
          1
          1
          1
          1
          1
          1
          1
          1
          1
          1
          1
          1
          1
          1
          1
          1
          1
          1
          1
          1
          1
          1
          1
          1
          1
   0.999999
   0.999993
   0.999962
   0.999803
   0.999092
   0.996259
   0.986872
    0.95972
    0.89945
   0.793992
   0.663249
   0.541286
   0.456596
   0.413923
   0.414437
   0.456362
   0.541958
   0.662359
   0.794896
    0.89914
   0.960058
   0.986867
   0.996314
   0.999092
   0.999804
   0.999962
   0.999993
   0.999999
          1
          1
          1
          1
          1
          1
          1
          1
          1
          1
          1
          1
          1
          1
          1
          1
          1
          1
          1
          1
          1
          1
          1
          1
          1
          1
          1
          1
          1
          1
          1
          1
   0.999999
   0.999995
   0.999971
   0.999854
   0.999326
   0.997279
   0.990331
   0.970784
   0.924976
    0.84391
    0.73338
   0.623985
    0.54089
    0.49867
   0.498046
   0.541333
   0.623662
   0.733971
    0.84355
    0.92549
   0.970767
   0.990433
   0.997293
   0.999332
   0.999855
   0.999971
   0.999995
   0.999999
          1
          1
          1
          1
          1
          1
          1
          1
          1
          1
          1
          1
          1
          1
          1
          1
          1
          1
          1
          1
          1
          1
          1
          1
          1
          1
          1
          1
          1
          1
          1
          1
   0.999999
   0.999997
   0.999981
   0.999907
    0.99958
   0.998281
   0.994023
    0.98165
   0.953118
    0.89828
   0.820257
   0.733181
   0.662355
    0.62286
   0.623734
   0.661507
   0.733895
   0.819827
   0.898825
   0.952874
   0.981807
   0.994019
   0.998295
   0.999577
   0.999908
   0.999981
   0.999997
   0.999999
          1
          1
          1
          1
          1
          1
          1
          1
          1
          1
          1
          1
          1
          1
          1
          1
          1
          1
          1
          1
          1
          1
          1
          1
          1
          1
          1
          1
          1
          1
          1
          1
          1
   0.999998
    0.99999
   0.999948
   0.999768
   0.999074
   0.996784
    0.99032
   0.974746
   0.945054
   0.898377
   0.843379
   0.793192
   0.764516
   0.764483
   0.794002
   0.843015
   0.898787
   0.944823
   0.974969
   0.990335
   0.996813
   0.999083
    0.99977
   0.999949
   0.999989
   0.999998
          1
          1
          1
          1
          1
          1
          1
          1
          1
          1
          1
          1
          1
          1
          1
          1
          1
          1
          1
          1
          1
          1
          1
          1
          1
          1
          1
          1
          1
          1
          1
          1
          1
          1
   0.999999
   0.999995
   0.999975
   0.999891
   0.999565
   0.998534
   0.995553
    0.98862
   0.974651
   0.952769
   0.924613
   0.898116
    0.88145
   0.881907
   0.897801
   0.925026
   0.952491
   0.974849
   0.988555
   0.995594
   0.998528
   0.999568
    0.99989
   0.999975
   0.999995
   0.999999
          1
          1
          1
          1
          1
          1
          1
          1
          1
          1
          1
          1
          1
          1
          1
          1
          1
          1
          1
          1
          1
          1
          1
          1
          1
          1
          1
          1
          1
          1
          1
          1
          1
          1
          1
   0.999998
   0.999989
   0.999955
   0.999826
   0.999415
    0.99828
   0.995553
   0.990271
   0.981538
   0.970402
   0.959194
   0.952433
   0.952332
   0.959431
   0.970272
   0.981625
    0.99024
   0.995594
   0.998271
   0.999418
   0.999828
   0.999955
    0.99999
   0.999998
          1
          1
          1
          1
          1
          1
          1
          1
          1
          1
          1
          1
          1
          1
          1
          1
          1
          1
          1
          1
          1
          1
          1
          1
          1
          1
          1
          1
          1
          1
          1
          1
          1
          1
          1
          1
   0.999999
   0.999996
   0.999984
   0.999938
   0.999798
   0.999406
   0.998508
    0.99673
   0.993877
   0.990142
   0.986456
   0.984085
   0.984189
   0.986407
   0.990197
   0.993857
   0.996748
   0.998511
   0.999411
   0.999799
   0.999938
   0.999984
   0.999996
   0.999999
          1
          1
          1
          1
          1
          1
          1
          1
          1
          1
          1
          1
          1
          1
          1
          1
          1
          1
          1
          1
          1
          1
          1
          1
          1
          1
          1
          1
          1
          1
          1
          1
          1
          1
          1
          1
          1
   0.999999
   0.999995
   0.999981
   0.999939
   0.999825
   0.999559
   0.999059
    0.99824
   0.997204
   0.996144
   0.995509
    0.99547
   0.996179
   0.997193
   0.998248
   0.999061
   0.999563
   0.999825
   0.999939
   0.999982
   0.999995
   0.999999
          1
          1
          1
          1
          1
          1
          1
          1
          1
          1
          1
          1
          1
          1
          1
          1
          1
          1
          1
          1
          1
          1
          1
          1
          1
          1
          1
          1
          1
          1
          1
          1
          1
          1
          1
          1
          1
          1
          1
   0.999999
   0.999995
   0.999983
   0.999953
   0.999886
    0.99976
   0.999558
     0.9993
   0.999043
    0.99888
   0.998889
   0.999039
   0.999304
   0.999559
   0.999761
   0.999887
   0.999953
   0.999984
   0.999995
   0.999999
          1
          1
          1
          1
          1
          1
          1
          1
          1
          1
          1
          1
          1
          1
          1
          1
          1
          1
          1
          1
          1
          1
          1
          1
          1
          1
          1
          1
          1
          1
          1
          1
          1
          1
          1
          1
          1
          1
          1
          1
          1
   0.999999
   0.999996
   0.999989
   0.999974
   0.999946
   0.999902
   0.999846
    0.99979
   0.999758
   0.999756
   0.999791
   0.999846
   0.999902
   0.999947
   0.999974
   0.999989
   0.999996
   0.999999
          1
          1
          1
          1
          1
          1
          1
          1
          1
          1
          1
          1
          1
          1
          1
          1
          1
          1
          1
          1
          1
          1
          1
          1
          1
          1
          1
          1
          1
          1
          1
          1
          1
          1
          1
          1
          1
          1
          1
          1
          1
          1
          1
   0.999999
   0.999998
   0.999995
   0.999989
   0.999981
    0.99997
    0.99996
   0.999953
   0.999953
    0.99996
    0.99997
   0.999981
   0.999989
   0.999995
   0.999998
   0.999999
          1
          1
          1
          1
          1
          1
          1
          1
          1
          1
          1
          1
          1
          1
          1
          1
          1
          1
          1
          1
          1
          1
          1
          1
          1
          1
          1
          1
          1
          1
          1
          1
          1
          1
          1
          1
          1
          1
          1
          1
          1
          1
          1
          1
          1
          1
   0.999999
   0.999998
   0.999996
   0.999995
   0.999993
   0.999992
   0.999992
   0.999993
   0.999995
   0.999996
   0.999998
   0.999999
          1
          1
          1
          1
          1
          1
          1
          1
          1
          1
          1
          1
          1
          1
          1
          1
          1
          1
          1
          1
          1
          1
          1
          1
          1
          1
          1
          1
          1
          1
          1
          1
          1
          1
          1
          1
          1
          1
          1
          1
          1
          1
          1
          1
          1
          1
          1
          1
          1
          1
   0.999999
   0.999999
   0.999999
   0.999999
   0.999999
   0.999999
   0.999999
   0.999999
          1
          1
          1
          1
          1
          1
          1
          1
          1
          1
          1
          1
          1
          1
          1
          1
          1
          1
          1
          1
          1
          1
          1
          1
          1
          1
          1
          1
          1
          1
          1
          1
          1
          1
          1
          1
          1
          1
          1
          1
          1
          1
          1
          1
          1
          1
          1
          1
          1
          1
          1
          1
          1
          1
          1
          1
          1
          1
          1
          1
          1
          1
          1
          1
          1
          1
          1
          1
          1
          1
          1
          1
          1
          1
          1
          1
          1
          1
          1
          1
          1
          1
          1
          1
          1
          1
          1
          1
          1
          1
          1
          1
          1
          1
          1
          1
          1
          1
          1
          1
          1
          1
          1
          1
          1
          1
          1
          1
          1
          1
          1
          1
          1
          1
          1
          1
          1
          1
          1
          1
          1
          1
          1
          1
          1
          1
          1
          1
          1
          1
          1
          1
          1
          1
          1
          1
          1
          1
          1
          1
          1
          1
          1
          1
          1
          1
          1
          1
          1
          1
          1
          1
          1
          1
          1
          1
          1
          1
          1
          1
          1
          1
          1
          1
          1
          1
          1
          1
          1
          1
          1
          1
          1
          1
          1
          1
          1
          1
          1
          1
          1
          1
          1
          1
          1
          1
          1
          1
          1
          1
          1
          1
          1
          1
          1
          1
          1
          1
          1
          1
          1
          1
          1
          1
          1
          1
          1
          1
          1
          1
          1
          1
          1
          1
          1
          1
          1
          1
          1
          1
          1
          1
          1
          1
          1
          1
          1
          1
          1
          1
          1
          1
          1
          1
          1
          1
          1
          1
          1
          1
          1
          1
          1
          1
          1
          1
          1
          1
          1
          1
          1
          1
          1
          1
          1
          1
          1
          1
          1
          1
          1
          1
          1
          1
          1
          1
          1
          1
          1
          1
          1
          1
          1
          1
          1
          1
          1
          1
          1
          1
          1
          1
          1
          1
          1
          1
          1
          1
          1
          1
          1
          1
          1
          1
          1
          1
          1
          1
          1
          1
          1
          1
          1
          1
          1
          1
          1
          1
          1
          1
          1
          1
          1
          1
          1
          1
          1
          1
          1
          1
          1
          1
          1
          1
          1
          1
          1
          1
          1
          1
          1
          1
          1
          1
          1
          1
          1
          1
          1
          1
          1
          1
          1
          1
          1
          1
          1
          1
          1
          1
          1
          1
          1
          1
          1
          1
          1
          1
          1
          1
          1
          1
          1
          1
          1
          1
          1
          1
          1
          1
          1
          1
          1
          1
          1
          1
          1
          1
          1
          1
          1
          1
          1
          1
          1
          1
          1
          1
          1
          1
          1
          1
          1
          1
          1
          1
          1
          1
          1
          1
          1
          1
          1
          1
          1
          1
          1
          1
          1
          1
          1
          1
          1
          1
          1
          1
          1
          1
          1
          1
          1
          1
          1
          1
          1
          1
          1
          1
          1
          1
          1
          1
          1
          1
          1
          1
          1
          1
          1
          1
          1
          1
          1
          1
          1
          1
          1
          1
          1
          1
          1
          1
          1
          1
          1
          1
          1
          1
          1
          1
          1
          1
          1
          1
          1
          1
          1
          1
          1
          1
          1
          1
          1
          1
          1
          1
          1
          1
          1
          1
          1
          1
          1
          1
          1
          1
          1
          1
          1
          1
          1
          1
          1
          1
          1
          1
          1
          1
          1
          1
          1
          1
          1
          1
          1
          1
          1
          1
          1
          1
          1
          1
          1
          1
          1
          1
          1
          1
          1
          1
          1
          1
          1
          1
          1
          1
          1
          1
          1
          1
          1
          1
          1
          1
          1
          1
          1
          1
          1
          1
          1
          1
          1
          1
          1
          1
          1
          1
          1
          1
          1
          1
          1
          1
          1
          1
          1
          1
          1
          1
          1
          1
          1
          1
          1
          1
          1
          1
          1
          1
          1
          1
          1
          1
          1
          1
          1
          1
          1
          1
          1
          1
          1
          1
          1
          1
          1
          1
          1
          1
          1
          1
          1
          1
          1
          1
          1
          1
          1
          1
          1
          1
          1
          1
          1
          1
          1
          1
          1
          1
          1
          1
          1
          1
          1
          1
          1
          1
          1
          1
          1
          1
          1
          1
          1
          1
          1
          1
          1
          1
          1
          1
          1
          1
          1
          1
          1
          1
          1
          1
          1
          1
          1
          1
          1
          1
          1
          1
          1
          1
          1
          1
          1
          1
          1
          1
          1
          1
          1
          1
          1
          1
          1
          1
          1
          1
          1
          1
          1
          1
          1
          1
          1
          1
          1
          1
          1
          1
          1
          1
          1
          1
          1
          1
          1
          1
          1
          1
          1
          1
          1
          1
          1
          1
          1
          1
          1
          1
          1
          1
          1
          1
          1
          1
          1
          1
          1
          1
          1
          1
          1
          1
          1
          1
          1
          1
          1
          1
          1
          1
          1
          1
          1
          1
          1
          1
          1
          1
          1
          1
          1
          1
          1
          1
          1
          1
          1
          1
          1
          1
          1
          1
          1
          1
          1
          1
          1
          1
          1
          1
          1
          1
          1
          1
          1
          1
          1
          1
          1
          1
          1
          1
          1
          1
          1
          1
          1
          1
          1
          1
          1
          1
          1
          1
          1
          1
          1
          1
          1
          1
          1
          1
          1
          1
          1
          1
          1
          1
          1
          1
          1
          1
          1
          1
          1
          1
          1
          1
          1
          1
          1
          1
          1
          1
          1
          1
          1
          1
          1
          1
          1
          1
          1
          1
          1
          1
          1
          1
          1
          1
          1
          1
          1
          1
          1
          1
          1
          1
          1
          1
          1
          1
          1
          1
          1
          1
          1
          1
          1
          1
          1
          1
          1
          1
          1
          1
          1
          1
          1
          1
          1
          1
          1
          1
          1
          1
          1
          1
          1
          1
          1
          1
          1
          1
          1
          1
          1
          1
          1
          1
          1
          1
          1
          1
          1
          1
          1
          1
          1
          1
          1
          1
          1
          1
          1
          1
          1
          1
          1
          1
          1
          1
          1
          1
          1
          1
          1
          1
          1
          1
          1
          1
          1
          1
          1
          1
          1
          1
          1
          1
          1
          1
          1
          1
          1
          1
          1
          1
          1
          1
          1
          1
          1
          1
          1
          1
          1
          1
          1
          1
          1
          1
          1
          1
          1
          1
          1
          1
          1
          1
          1
          1
          1
          1
          1
          1
          1
          1
          1
          1
          1
          1
          1
          1
          1
          1
          1
          1
          1
          1
          1
          1
          1
          1
          1
          1
          1
          1
          1
          1
          1
          1
          1
          1
          1
          1
          1
          1
          1
          1
          1
          1
          1
          1
          1
          1
          1
          1
          1
          1
          1
          1
          1
          1
          1
          1
          1
          1
          1
          1
          1
          1
          1
          1
          1
          1
          1
          1
          1
          1
          1
          1
          1
          1
          1
          1
          1
          1
          1
          1
          1
          1
          1
          1
          1
          1
          1
          1
          1
          1
          1
          1
          1
          1
          1
          1
          1
          1
          1
          1
          1
          1
          1
          1
          1
          1
          1
          1
          1
          1
          1
          1
          1
          1
          1
          1
          1
          1
          1
          1
          1
          1
          1
          1
          1
          1
          1
          1
          1
          1
          1
          1
          1
          1
          1
          1
          1
          1
          1
          1
          1
          1
          1
          1
          1
          1
          1
          1
          1
          1
          1
          1
          1
          1
          1
          1
          1
          1
          1
          1
          1
          1
          1
          1
          1
          1
          1
          1
          1
          1
          1
          1
          1
          1
          1
          1
          1
          1
          1
          1
          1
          1
          1
          1
          1
          1
          1
          1
          1
          1
          1
          1
          1
          1
          1
          1
          1
          1
          1
          1
          1
          1
          1
          1
          1
          1
          1
          1
          1
          1
          1
          1
          1
          1
          1
          1
          1
          1
          1
          1
          1
          1
          1
          1
          1
          1
          1
          1
          1
          1
          1
          1
          1
          1
          1
          1
          1
          1
          1
          1
          1
          1
          1
          1
          1
          1
          1
          1
          1
          1
          1
          1
          1
          1
          1
          1
          1
          1
          1
          1
          1
          1
          1
          1
          1
          1
          1
          1
          1
          1
          1
          1
          1
          1
          1
          1
          1
          1
          1
          1
          1
          1
          1
          1
          1
          1
          1
          1
          1
          1
          1
          1
          1
          1
          1
          1
          1
          1
          1
          1
          1
          1
          1
          1
          1
          1
          1
          1
          1
          1
          1
          1
          1
          1
          1
          1
          1
          1
          1
          1
          1
          1
          1
          1
          1
          1
          1
          1
          1
          1
          1
          1
          1
          1
          1
          1
          1
          1
          1
          1
          1
          1
          1
          1
          1
          1
          1
          1
          1
          1
          1
          1
          1
          1
          1
          1
          1
          1
          1
          1
          1
          1
          1
          1
          1
          1
          1
          1
          1
          1
          1
          1
          1
          1
          1
          1
          1
          1
          1
          1
          1
          1
          1
          1
          1
          1
          1
          1
          1
          1
          1
          1
          1
          1
          1
          1
          1
          1
          1
          1
          1
          1
          1
          1
          1
          1
          1
          1
          1
          1
          1
          1
          1
          1
          1
          1
          1
          1
          1
          1
          1
          1
          1
          1
          1
          1
          1
          1
          1
          1
          1
          1
          1
          1
          1
          1
          1
          1
          1
          1
          1
          1
          1
          1
          1
          1
          1
          1
          1
          1
          1
          1
          1
          1
          1
          1
          1
          1
          1
          1
          1
          1
          1
          1
          1
          1
          1
          1
          1
          1
          1
          1
          1
          1
          1
          1
          1
          1
          1
          1
          1
          1
          1
          1
          1
          1
          1
          1
          1
          1
          1
          1
          1
          1
          1
          1
          1
          1
          1
          1
          1
          1
          1
          1
          1
          1
          1
          1
          1
          1
          1
          1
          1
          1
          1
          1
          1
          1
          1
          1
          1
          1
          1
          1
          1
          1
          1
          1
          1
          1
          1
          1
          1
          1
          1
          1
          1
          1
          1
          1
          1
          1
          1
          1
          1
          1
          1
          1
          1
          1
          1
          1
          1
          1
          1
          1
          1
          1
          1
          1
          1
          1
          1
          1
          1
          1
          1
          1
          1
          1
          1
          1
          1
          1
          1
          1
          1
          1
          1
          1
          1
          1
          1
          1
          1
          1
          1
          1
          1
          1
          1
          1
          1
          1
          1
          1
          1
          1
          1
          1
          1
          1
          1
          1
          1
          1
          1
          1
          1
          1
          1
          1
          1
          1
          1
          1
          1
          1
          1
          1
          1
          1
          1
          1
          1
          1
          1
          1
          1
          1
          1
          1
          1
          1
          1
          1
          1
          1
          1
          1
          1
          1
          1
          1
          1
          1
          1
          1
          1
          1
          1
          1
          1
          1
          1
          1
          1
          1
          1
          1
          1
          1
          1
          1
          1
          1
          1
          1
          1
          1
          1
          1
          1
          1
          1
          1
          1
          1
          1
          1
          1
          1
          1
          1
          1
          1
          1
          1
          1
          1
          1
          1
          1
          1
          1
          1
          1
          1
          1
          1
          1
          1
          1
          1
          1
          1
          1
          1
          1
          1
          1
          1
          1
          1
          1
          1
          1
          1
          1
          1
          1
          1
          1
          1
          1
          1
          1
          1
          1
          1
          1
          1
          1
          1
          1
          1
          1
          1
          1
          1
          1
          1
          1
          1
          1
          1
          1
          1
          1
          1
          1
          1
          1
          1
          1
          1
          1
          1
          1
          1
          1
          1
          1
          1
          1
          1
          1
          1
          1
          1
          1
          1
          1
          1
          1
          1
          1
          1
          1
          1
          1
          1
          1
          1
          1
          1
          1
          1
          1
          1
          1
          1
          1
          1
          1
          1
          1
          1
          1
          1
          1
          1
          1
          1
          1
          1
          1
          1
          1
          1
          1
          1
          1
          1
          1
          1
          1
          1
          1
          1
          1
          1
          1
          1
          1
          1
          1
          1
          1
          1
          1
          1
          1
          1
          1
          1
          1
          1
          1
          1
          1
          1
          1
          1
          1
          1
          1
          1
          1
          1
          1
          1
          1
          1
          1
          1
          1
          1
          1
          1
          1
          1
          1
          1
          1
          1
          1
          1
          1
          1
          1
          1
          1
          1
          1
          1
          1
          1
          1
          1
          1
          1
          1
          1
          1
          1
          1
          1
          1
          1
          1
          1
          1
          1
          1
          1
          1
          1
          1
          1
          1
          1
          1
          1
          1
          1
          1
          1
          1
          1
          1
          1
          1
          1
          1
          1
          1
          1
          1
          1
          1
          1
          1
          1
          1
          1
          1
          1
          1
          1
          1
          1
          1
          1
          1
          1
          1
          1
          1
          1
          1
          1
          1
          1
          1
          1
          1
          1
          1
          1
          1
          1
          1
          1
          1
          1
          1
          1
          1
          1
          1
          1
          1
          1
          1
          1
          1
          1
          1
          1
          1
   0.999999
   0.999999
   0.999998
   0.999998
   0.999997
   0.999997
   0.999998
   0.999998
   0.999999
   0.999999
          1
          1
          1
          1
          1
          1
          1
          1
          1
          1
          1
          1
          1
          1
          1
          1
          1
          1
          1
          1
          1
          1
          1
          1
          1
          1
          1
          1
          1
          1
          1
          1
          1
          1
          1
          1
          1
          1
          1
          1
          1
          1
          1
          1
          1
          1
          1
          1
   0.999999
   0.999998
   0.999996
   0.999992
   0.999988
   0.999984
   0.999981
   0.999981
   0.999984
   0.999988
   0.999992
   0.999996
   0.999998
   0.999999
          1
          1
          1
          1
          1
          1
          1
          1
          1
          1
          1
          1
          1
          1
          1
          1
          1
          1
          1
          1
          1
          1
          1
          1
          1
          1
          1
          1
          1
          1
          1
          1
          1
          1
          1
          1
          1
          1
          1
          1
          1
          1
          1
          1
   0.999999
   0.999998
   0.999994
   0.999986
   0.999971
   0.999949
   0.999918
   0.999891
   0.999872
   0.999872
    0.99989
   0.999918
   0.999948
   0.999971
   0.999986
   0.999994
   0.999998
   0.999999
          1
          1
          1
          1
          1
          1
          1
          1
          1
          1
          1
          1
          1
          1
          1
          1
          1
          1
          1
          1
          1
          1
          1
          1
          1
          1
          1
          1
          1
          1
          1
          1
          1
          1
          1
          1
          1
          1
          1
          1
          1
   0.999999
   0.999996
   0.999988
   0.999967
   0.999919
   0.999831
   0.999689
   0.999508
   0.999329
   0.999217
   0.999216
   0.999327
   0.999508
   0.999688
   0.999832
    0.99992
   0.999967
   0.999988
   0.999996
   0.999999
          1
          1
          1
          1
          1
          1
          1
          1
          1
          1
          1
          1
          1
          1
          1
          1
          1
          1
          1
          1
          1
          1
          1
          1
          1
          1
          1
          1
          1
          1
          1
          1
          1
          1
          1
          1
          1
          1
          1
   0.999999
   0.999995
   0.999982
   0.999941
    0.99983
    0.99958
   0.999098
   0.998324
   0.997299
   0.996317
   0.995661
   0.995659
   0.996299
   0.997302
   0.998314
   0.999093
   0.999582
    0.99983
    0.99994
   0.999982
   0.999995
   0.999999
          1
          1
          1
          1
          1
          1
          1
          1
          1
          1
          1
          1
          1
          1
          1
          1
          1
          1
          1
          1
          1
          1
          1
          1
          1
          1
          1
          1
          1
          1
          1
          1
          1
          1
          1
          1
          1
   0.999999
   0.999995
   0.999979
   0.999921
   0.999734
   0.999225
   0.998039
   0.995734
    0.99199
   0.987068
   0.982239
   0.979163
   0.979095
   0.982236
   0.987045
   0.991996
   0.995723
   0.998047
   0.999227
   0.999736
    0.99992
   0.999979
   0.999995
   0.999999
          1
          1
          1
          1
          1
          1
          1
          1
          1
          1
          1
          1
          1
          1
          1
          1
          1
          1
          1
          1
          1
          1
          1
          1
          1
          1
          1
          1
          1
          1
          1
          1
          1
          1
          1
   0.999999
   0.999996
   0.999982
   0.999922
   0.999696
    0.99896
   0.996893
   0.991979
   0.982299
   0.966731
   0.946446
   0.927196
   0.914951
   0.914848
   0.927019
   0.946614
   0.966548
   0.982349
   0.992005
   0.996895
   0.998958
   0.999698
   0.999922
   0.999982
   0.999996
   0.999999
          1
          1
          1
          1
          1
          1
          1
          1
          1
          1
          1
          1
          1
          1
          1
          1
          1
          1
          1
          1
          1
          1
          1
          1
          1
          1
          1
          1
          1
          1
          1
          1
          1
          1
   0.999998
   0.999988
   0.999942
    0.99974
   0.998971
   0.996409
   0.989074
   0.971645
   0.937803
   0.886061
   0.824729
    0.77025
   0.739459
   0.738841
   0.770522
   0.824329
   0.886362
   0.937567
   0.971791
   0.989071
   0.996409
   0.998962
   0.999741
   0.999941
   0.999988
   0.999998
          1
          1
          1
          1
          1
          1
          1
          1
          1
          1
          1
          1
          1
          1
          1
          1
          1
          1
          1
          1
          1
          1
          1
          1
          1
          1
          1
          1
          1
          1
          1
          1
          1
   0.999999
   0.999994
   0.999967
   0.999835
   0.999244
   0.996941
   0.989137
   0.967134
   0.915721
   0.825581
   0.706356
   0.590999
   0.507105
   0.463785
   0.463491
   0.506734
   0.591053
   0.706365
   0.825489
   0.915909
   0.967143
   0.989186
   0.996962
   0.999251
   0.999835
   0.999968
   0.999994
   0.999999
          1
          1
          1
          1
          1
          1
          1
          1
          1
          1
          1
          1
          1
          1
          1
          1
          1
          1
          1
          1
          1
          1
          1
          1
          1
          1
          1
          1
          1
          1
          1
          1
   0.999998
   0.999987
   0.999922
   0.999594
   0.998104
   0.992139
    0.97197
   0.915991
   0.800593
    0.63172
   0.465001
   0.341898
    0.26944
   0.236695
   0.236626
   0.269392
   0.341772
   0.464592
   0.632035
   0.800602
   0.916078
   0.971962
   0.992164
   0.998099
   0.999593
   0.999922
   0.999987
   0.999998
          1
          1
          1
          1
          1
          1
          1
          1
          1
          1
          1
          1
          1
          1
          1
          1
          1
          1
          1
          1
          1
          1
          1
          1
          1
          1
          1
          1
          1
          1
          1
   0.999999
   0.999996
   0.999972
   0.999835
   0.999134
   0.995842
   0.982736
   0.938456
   0.826773
   0.632473
   0.423934
   0.270077
   0.181275
   0.135751
   0.116773
    0.11661
   0.135706
   0.181011
    0.26993
   0.423008
    0.63302
   0.826379
   0.938348
   0.982758
   0.995864
   0.999125
   0.999835
   0.999972
   0.999996
   0.999999
          1
          1
          1
          1
          1
          1
          1
          1
          1
          1
          1
          1
          1
          1
          1
          1
          1
          1
          1
          1
          1
          1
          1
          1
          1
          1
          1
          1
          1
          1
   0.999999
   0.999992
    0.99995
   0.999701
   0.998381
   0.992223
   0.967439
   0.887656
   0.708385
   0.466585
   0.270345
   0.157543
   0.100621
   0.073805
  0.0629661
  0.0629202
  0.0737004
    0.10048
   0.157383
   0.270121
   0.466188
   0.707847
   0.887531
   0.967343
   0.992241
   0.998378
   0.999701
    0.99995
   0.999992
   0.999999
          1
          1
          1
          1
          1
          1
          1
          1
          1
          1
          1
          1
          1
          1
          1
          1
          1
          1
          1
          1
          1
          1
          1
          1
          1
          1
          1
          1
          1
          1
   0.999998
   0.999989
   0.999923
   0.999527
   0.997439
   0.987423
   0.948128
   0.827051
   0.595007
    0.34414
   0.182293
   0.100957
  0.0632793
  0.0460319
  0.0392643
  0.0392258
  0.0460164
  0.0631662
   0.100795
    0.18204
   0.344251
   0.594752
   0.827029
   0.948088
   0.987499
   0.997428
   0.999527
   0.999923
   0.999988
   0.999998
          1
          1
          1
          1
          1
          1
          1
          1
          1
          1
          1
          1
          1
          1
          1
          1
          1
          1
          1
          1
          1
          1
          1
          1
          1
          1
          1
          1
          1
          1
   0.999998
   0.999985
   0.999895
   0.999363
   0.996461
   0.982872
   0.929048
    0.77435
   0.510896
   0.272029
   0.136533
   0.074177
  0.0460572
  0.0335259
  0.0286212
  0.0285796
  0.0335015
   0.045999
  0.0740197
   0.136329
   0.271859
   0.510427
   0.773754
    0.92894
   0.982823
   0.996466
   0.999362
   0.999895
   0.999985
   0.999998
          1
          1
          1
          1
          1
          1
          1
          1
          1
          1
          1
          1
          1
          1
          1
          1
          1
          1
          1
          1
          1
          1
          1
          1
          1
          1
          1
          1
          1
          1
   0.999998
   0.999982
   0.999879
   0.999247
   0.995885
   0.979716
   0.917459
   0.742994
   0.469033
   0.239036
   0.117831
  0.0632905
  0.0393258
   0.028659
  0.0244715
  0.0244571
  0.0286082
  0.0392918
  0.0632514
   0.117579
   0.239226
   0.468623
   0.743346
   0.917234
   0.979903
   0.995878
   0.999253
    0.99988
   0.999982
   0.999998
          1
          1
          1
          1
          1
          1
          1
          1
          1
          1
          1
          1
          1
          1
          1
          1
          1
          1
          1
          1
          1
          1
          1
          1
          1
          1
          1
          1
          1
          1
   0.999998
   0.999982
   0.999878
   0.999255
    0.99585
   0.979862
   0.917296
   0.743805
   0.467938
    0.23936
   0.117636
  0.0633085
  0.0393079
  0.0286185
  0.0244626
  0.0244399
   0.028619
  0.0392567
  0.0631854
   0.117575
    0.23901
   0.468258
   0.742949
   0.917313
    0.97981
   0.995873
   0.999258
   0.999878
   0.999982
   0.999998
          1
          1
          1
          1
          1
          1
          1
          1
          1
          1
          1
          1
          1
          1
          1
          1
          1
          1
          1
          1
          1
          1
          1
          1
          1
          1
          1
          1
          1
          1
   0.999998
   0.999985
   0.999896
   0.999354
   0.996498
   0.982758
   0.929296
    0.77365
   0.511622
   0.271409
   0.136701
  0.0741014
  0.0461014
   0.033521
  0.0286102
  0.0286032
  0.0335099
  0.0460235
  0.0740874
   0.136314
    0.27183
   0.510864
   0.773926
   0.928917
   0.982883
   0.996477
   0.999359
   0.999896
   0.999985
   0.999998
          1
          1
          1
          1
          1
          1
          1
          1
          1
          1
          1
          1
          1
          1
          1
          1
          1
          1
          1
          1
          1
          1
          1
          1
          1
          1
          1
          1
          1
          1
   0.999998
   0.999988
   0.999922
    0.99953
   0.997422
   0.987544
    0.94807
   0.827787
   0.594501
   0.344952
   0.181983
   0.101052
  0.0631864
  0.0460392
  0.0392383
   0.039219
  0.0459733
  0.0631857
   0.100813
   0.181932
   0.344166
   0.594531
   0.827209
   0.948046
   0.987498
   0.997428
   0.999532
   0.999922
   0.999989
   0.999998
          1
          1
          1
          1
          1
          1
          1
          1
          1
          1
          1
          1
          1
          1
          1
          1
          1
          1
          1
          1
          1
          1
          1
          1
          1
          1
          1
          1
          1
          1
   0.999999
   0.999992
    0.99995
   0.999697
   0.998388
   0.992171
   0.967585
   0.887459
   0.709216
    0.46593
    0.27109
   0.157542
   0.100738
  0.0738027
  0.0630084
  0.0629219
    0.07384
   0.100575
   0.157483
   0.270527
    0.46689
   0.708269
   0.887621
   0.967595
   0.992259
   0.998382
   0.999699
    0.99995
   0.999992
   0.999999
          1
          1
          1
          1
          1
          1
          1
          1
          1
          1
          1
          1
          1
          1
          1
          1
          1
          1
          1
          1
          1
          1
          1
          1
          1
          1
          1
          1
          1
          1
   0.999999
   0.999996
   0.999972
   0.999836
    0.99913
   0.995867
   0.982715
   0.938865
   0.826534
   0.633947
   0.423092
   0.270552
   0.181072
   0.135834
    0.11669
   0.116695
   0.135501
   0.181012
   0.269751
   0.423789
   0.632457
   0.826611
   0.938502
   0.982697
   0.995852
   0.999127
   0.999836
   0.999972
   0.999996
   0.999999
          1
          1
          1
          1
          1
          1
          1
          1
          1
          1
          1
          1
          1
          1
          1
          1
          1
          1
          1
          1
          1
          1
          1
          1
          1
          1
          1
          1
          1
          1
          1
   0.999998
   0.999986
   0.999921
   0.999596
   0.998092
   0.992173
   0.971877
   0.916655
   0.800617
   0.633181
   0.465154
   0.342705
   0.269687
   0.237143
   0.236732
   0.269763
   0.341963
   0.465538
   0.631924
   0.801309
   0.916289
   0.972011
   0.992177
   0.998102
   0.999591
   0.999921
   0.999987
   0.999998
          1
          1
          1
          1
          1
          1
          1
          1
          1
          1
          1
          1
          1
          1
          1
          1
          1
          1
          1
          1
          1
          1
          1
          1
          1
          1
          1
          1
          1
          1
          1
          1
   0.999999
   0.999994
   0.999967
   0.999835
   0.999249
   0.996945
   0.989213
   0.966987
   0.916318
   0.825489
   0.707508
   0.591489
    0.50761
   0.463756
   0.464352
   0.506811
   0.591565
   0.706266
   0.825821
   0.915979
   0.967197
   0.989159
   0.996949
   0.999248
   0.999834
   0.999968
   0.999994
   0.999999
          1
          1
          1
          1
          1
          1
          1
          1
          1
          1
          1
          1
          1
          1
          1
          1
          1
          1
          1
          1
          1
          1
          1
          1
          1
          1
          1
          1
          1
          1
          1
          1
          1
   0.999998
   0.999988
   0.999942
   0.999738
   0.998967
   0.996412
   0.989153
   0.971755
   0.938214
   0.886795
   0.825356
   0.771403
   0.740142
   0.739269
   0.771441
   0.824812
   0.886554
   0.938053
   0.971831
   0.989137
   0.996419
   0.998981
   0.999739
   0.999942
   0.999988
   0.999998
          1
          1
          1
          1
          1
          1
          1
          1
          1
          1
          1
          1
          1
          1
          1
          1
          1
          1
          1
          1
          1
          1
          1
          1
          1
          1
          1
          1
          1
          1
          1
          1
          1
          1
   0.999999
   0.999996
   0.999982
   0.999922
   0.999694
   0.998961
   0.996885
   0.992025
   0.982342
   0.966903
   0.946625
   0.927595
    0.91509
   0.915515
   0.926978
   0.946875
   0.966719
   0.982372
   0.992001
   0.996896
    0.99896
   0.999693
   0.999922
   0.999982
   0.999996
   0.999999
          1
          1
          1
          1
          1
          1
          1
          1
          1
          1
          1
          1
          1
          1
          1
          1
          1
          1
          1
          1
          1
          1
          1
          1
          1
          1
          1
          1
          1
          1
          1
          1
          1
          1
          1
   0.999999
   0.999995
   0.999979
   0.999921
   0.999735
   0.999229
    0.99805
   0.995745
   0.992021
   0.987131
   0.982289
   0.979292
   0.979099
   0.982367
   0.987065
   0.992015
   0.995729
   0.998057
   0.999231
   0.999734
   0.999922
   0.999979
   0.999995
   0.999999
          1
          1
          1
          1
          1
          1
          1
          1
          1
          1
          1
          1
          1
          1
          1
          1
          1
          1
          1
          1
          1
          1
          1
          1
          1
          1
          1
          1
          1
          1
          1
          1
          1
          1
          1
          1
          1
   0.999999
   0.999995
   0.999981
    0.99994
   0.999829
    0.99958
   0.999095
   0.998325
   0.997298
   0.996339
   0.995672
   0.995709
   0.996306
   0.997324
   0.998317
   0.999101
   0.999577
    0.99983
    0.99994
   0.999982
   0.999995
   0.999999
          1
          1
          1
          1
          1
          1
          1
          1
          1
          1
          1
          1
          1
          1
          1
          1
          1
          1
          1
          1
          1
          1
          1
          1
          1
          1
          1
          1
          1
          1
          1
          1
          1
          1
          1
          1
          1
          1
          1
   0.999999
   0.999996
   0.999988
   0.999967
    0.99992
   0.999831
   0.999689
   0.999505
   0.999326
   0.999218
   0.999213
   0.999328
   0.999505
   0.999688
   0.999831
    0.99992
   0.999967
   0.999988
   0.999996
   0.999999
          1
          1
          1
          1
          1
          1
          1
          1
          1
          1
          1
          1
          1
          1
          1
          1
          1
          1
          1
          1
          1
          1
          1
          1
          1
          1
          1
          1
          1
          1
          1
          1
          1
          1
          1
          1
          1
          1
          1
          1
          1
   0.999999
   0.999998
   0.999994
   0.999986
   0.999971
   0.999948
   0.999919
   0.999891
   0.999873
   0.999873
   0.999891
   0.999919
   0.999949
   0.999972
   0.999986
   0.999994
   0.999998
   0.999999
          1
          1
          1
          1
          1
          1
          1
          1
          1
          1
          1
          1
          1
          1
          1
          1
          1
          1
          1
          1
          1
          1
          1
          1
          1
          1
          1
          1
          1
          1
          1
          1
          1
          1
          1
          1
          1
          1
          1
          1
          1
          1
          1
          1
   0.999999
   0.999998
   0.999996
   0.999992
   0.999988
   0.999984
   0.999981
   0.999981
   0.999984
   0.999988
   0.999992
   0.999996
   0.999998
   0.999999
          1
          1
          1
          1
          1
          1
          1
          1
          1
          1
          1
          1
          1
          1
          1
          1
          1
          1
          1
          1
          1
          1
          1
          1
          1
          1
          1
          1
          1
          1
          1
          1
          1
          1
          1
          1
          1
          1
          1
          1
          1
          1
          1
          1
          1
          1
          1
          1
   0.999999
   0.999999
   0.999998
   0.999998
   0.999997
   0.999997
   0.999998
   0.999998
   0.999999
   0.999999
          1
          1
          1
          1
          1
          1
          1
          1
          1
          1
          1
          1
          1
          1
          1
          1
          1
          1
          1
          1
          1
          1
          1
          1
          1
          1
          1
          1
          1
          1
          1
          1
          1
          1
          1
          1
          1
          1
          1
          1
          1
          1
          1
          1
          1
          1
          1
          1
          1
          1
          1
          1
          1
          1
          1
          1
          1
          1
          1
          1
          1
          1
          1
          1
          1
          1
          1
          1
          1
          1
          1
          1
          1
          1
          1
          1
          1
          1
          1
          1
          1
          1
          1
          1
          1
          1
          1
          1
          1
          1
          1
          1
          1
          1
          1
          1
          1
          1
          1
          1
          1
          1
          1
          1
          1
          1
          1
          1
          1
          1
          1
          1
          1
          1
          1
          1
          1
          1
          1
          1
          1
          1
          1
          1
          1
          1
          1
          1
          1
          1
          1
          1
          1
          1
          1
          1
          1
          1
          1
          1
          1
          1
          1
          1
          1
          1
          1
          1
          1
          1
          1
          1
          1
          1
          1
          1
          1
          1
          1
          1
          1
          1
          1
          1
          1
          1
          1
          1
          1
          1
          1
          1
          1
          1
          1
          1
          1
          1
          1
          1
          1
          1
          1
          1
          1
          1
          1
          1
          1
          1
          1
          1
          1
          1
          1
          1
          1
          1
          1
          1
          1
          1
          1
          1
          1
          1
          1
          1
          1
          1
          1
          1
          1
          1
          1
          1
          1
          1
          1
          1
          1
          1
          1
          1
          1
          1
          1
          1
          1
          1
          1
          1
          1
          1
          1
          1
          1
          1
          1
          1
          1
          1
          1
          1
          1
          1
          1
          1
          1
          1
          1
          1
          1
          1
          1
          1
          1
          1
          1
          1
          1
          1
          1
          1
          1
          1
          1
          1
          1
          1
          1
          1
          1
          1
          1
          1
          1
          1
          1
          1
          1
          1
          1
          1
          1
          1
          1
          1
          1
          1
          1
          1
          1
          1
          1
          1
          1
          1
          1
          1
          1
          1
          1
          1
          1
          1
          1
          1
          1
          1
          1
          1
          1
          1
          1
          1
          1
          1
          1
          1
          1
          1
          1
          1
          1
          1
          1
          1
          1
          1
          1
          1
          1
          1
          1
          1
          1
          1
          1
          1
          1
          1
          1
          1
          1
          1
          1
          1
          1
          1
          1
          1
          1
          1
          1
          1
          1
          1
          1
          1
          1
          1
          1
          1
          1
          1
          1
          1
          1
          1
          1
          1
          1
          1
          1
          1
          1
          1
          1
          1
          1
          1
          1
          1
          1
          1
          1
          1
          1
          1
          1
          1
          1
          1
          1
          1
          1
          1
          1
          1
          1
          1
          1
          1
          1
          1
          1
          1
          1
          1
          1
          1
          1
          1
          1
          1
          1
          1
          1
          1
          1
          1
          1
          1
          1
          1
          1
          1
          1
          1
          1
          1
          1
          1
          1
          1
          1
          1
          1
          1
          1
          1
          1
          1
          1
          1
          1
          1
          1
          1
          1
          1
          1
          1
          1
          1
          1
          1
          1
          1
          1
          1
          1
          1
          1
          1
          1
          1
          1
          1
          1
          1
          1
          1
          1
          1
          1
          1
          1
          1
          1
          1
          1
          1
          1
          1
          1
          1
          1
          1
          1
          1
          1
          1
          1
          1
          1
          1
          1
          1
          1
          1
          1
          1
          1
          1
          1
          1
          1
          1
          1
          1
          1
          1
          1
          1
          1
          1
          1
          1
          1
          1
          1
          1
          1
          1
          1
          1
          1
          1
          1
          1
          1
          1
          1
          1
          1
          1
          1
          1
          1
          1
          1
          1
          1
          1
          1
          1
          1
          1
          1
          1
          1
          1
          1
          1
          1
          1
          1
          1
          1
          1
          1
          1
          1
          1
          1
          1
          1
          1
          1
          1
          1
          1
          1
          1
          1
          1
          1
          1
          1
          1
          1
          1
          1
          1
          1
          1
          1
          1
          1
          1
          1
          1
          1
          1
          1
          1
          1
          1
          1
          1
          1
          1
          1
          1
          1
          1
          1
          1
          1
          1
          1
          1
          1
          1
          1
          1
          1
          1
          1
          1
          1
          1
          1
          1
          1
          1
          1
          1
          1
          1
          1
          1
          1
          1
          1
          1
          1
          1
          1
          1
          1
          1
          1
          1
          1
          1
          1
          1
          1
          1
          1
          1
          1
          1
          1
          1
          1
          1
          1
          1
          1
          1
          1
          1
          1
          1
          1
          1
          1
          1
          1
          1
          1
          1
          1
          1
          1
          1
          1
          1
          1
          1
          1
          1
          1
          1
          1
          1
          1
          1
          1
          1
          1
          1
          1
          1
          1
          1
          1
          1
          1
          1
          1
          1
          1
          1
          1
          1
          1
          1
          1
          1
          1
          1
          1
          1
          1
          1
          1
          1
          1
          1
          1
          1
          1
          1
          1
          1
          1
          1
          1
          1
          1
          1
          1
          1
          1
          1
          1
          1
          1
          1
          1
          1
          1
          1
          1
          1
          1
          1
          1
          1
          1
          1
          1
          1
          1
          1
          1
          1
          1
          1
          1
          1
          1
          1
          1
          1
          1
          1
          1
          1
          1
          1
          1
          1
          1
          1
          1
          1
          1
          1
          1
          1
          1
          1
          1
          1
          1
          1
          1
          1
          1
          1
          1
          1
          1
          1
          1
          1
          1
          1
          1
          1
          1
          1
          1
          1
          1
          1
          1
          1
          1
          1
          1
          1
          1
          1
          1
          1
          1
          1
          1
          1
          1
          1
          1
          1
          1
          1
          1
          1
          1
          1
          1
          1
          1
          1
          1
          1
          1
          1
          1
          1
          1
          1
          1
          1
          1
          1
          1
          1
          1
          1
          1
          1
          1
          1
          1
          1
          1
          1
          1
          1
          1
          1
          1
          1
          1
          1
          1
          1
          1
          1
          1
          1
          1
          1
          1
          1
          1
          1
          1
          1
          1
          1
          1
          1
          1
          1
          1
          1
          1
          1
          1
          1
          1
          1
          1
          1
          1
          1
          1
          1
          1
          1
          1
          1
          1
          1
          1
          1
          1
          1
          1
          1
          1
          1
          1
          1
          1
          1
          1
          1
          1
          1
          1
          1
          1
          1
          1
          1
          1
          1
          1
          1
          1
          1
          1
          1
          1
          1
          1
          1
          1
          1
          1
          1
          1
          1
          1
          1
          1
          1
          1
          1
          1
          1
          1
          1
          1
          1
          1
          1
          1
          1
          1
          1
          1
          1
          1
          1
          1
          1
          1
          1
          1
          1
          1
          1
          1
          1
          1
          1
          1
          1
          1
          1
          1
          1
          1
          1
          1
          1
          1
          1
          1
          1
          1
          1
          1
          1
          1
          1
          1
          1
          1
          1
          1
          1
          1
          1
          1
          1
          1
          1
          1
          1
          1
          1
          1
          1
          1
          1
          1
          1
          1
          1
          1
          1
          1
          1
          1
          1
          1
          1
          1
          1
          1
          1
          1
          1
          1
          1
          1
          1
          1
          1
          1
          1
          1
          1
          1
          1
          1
          1
          1
          1
          1
          1
          1
          1
          1
          1
          1
          1
          1
          1
          1
          1
          1
          1
          1
          1
          1
          1
          1
          1
          1
          1
          1
          1
          1
          1
          1
          1
          1
          1
          1
          1
          1
          1
          1
          1
          1
          1
          1
          1
          1
          1
          1
          1
          1
          1
          1
          1
          1
          1
          1
          1
          1
          1
          1
          1
          1
          1
          1
          1
          1
          1
          1
          1
          1
          1
          1
          1
          1
          1
          1
          1
          1
          1
          1
          1
          1
          1
          1
          1
          1
          1
          1
          1
          1
          1
          1
          1
          1
          1
          1
          1
          1
          1
          1
          1
          1
          1
          1
          1
          1
          1
          1
          1
          1
          1
          1
          1
          1
          1
          1
          1
          1
          1
          1
          1
          1
          1
          1
          1
          1
          1
          1
          1
          1
          1
          1
          1
          1
          1
          1
          1
          1
          1
          1
          1
          1
          1
          1
          1
          1
          1
          1
          1
          1
          1
          1
          1
          1
          1
          1
          1
          1
          1
          1
          1
          1
          1
          1
          1
          1
          1
          1
          1
          1
          1
          1
          1
          1
          1
          1
          1
          1
          1
          1
          1
          1
          1
          1
          1
          1
          1
          1
          1
          1
          1
          1
          1
          1
          1
          1
          1
          1
          1
          1
          1
          1
          1
          1
          1
          1
          1
          1
          1
          1
          1
          1
          1
          1
          1
          1
          1
          1
          1
          1
          1
          1
          1
          1
          1
          1
          1
          1
          1
          1
          1
          1
          1
          1
          1
          1
          1
          1
          1
          1
          1
          1
          1
          1
          1
          1
          1
          1
          1
          1
          1
          1
          1
          1
          1
          1
          1
          1
          1
          1
          1
          1
          1
          1
          1
          1
          1
          1
          1
          1
          1
          1
          1
          1
          1
          1
          1
          1
          1
          1
          1
          1
          1
          1
          1
          1
          1
          1
          1
          1
          1
          1
          1
          1
          1
          1
          1
          1
          1
          1
          1
          1
          1
          1
          1
          1
          1
          1
          1
          1
          1
          1
          1
          1
          1
          1
          1
          1
          1
          1
          1
          1
          1
          1
          1
          1
          1
          1
          1
          1
          1
          1
          1
          1
          1
          1
          1
          1
          1
          1
          1
          1
          1
          1
          1
          1
          1
          1
          1
          1
          1
          1
          1
          1
          1
          1
          1
          1
          1
          1
          1
          1
          1
          1
          1
          1
          1
          1
          1
          1
          1
          1
          1
          1
          1
          1
          1
          1
          1
          1
          1
          1
          1
          1
          1
          1
          1
          1
          1
          1
          1
          1
          1
          1
          1
          1
          1
          1
          1
          1
          1
          1
          1
          1
          1
          1
          1
          1
          1
          1
          1
          1
          1
          1
          1
          1
          1
          1
          1
          1
          1
          1
          1
          1
          1
          1
          1
          1
          1
          1
          1
          1
          1
          1
          1
          1
          1
          1
          1
          1
          1
          1
          1
          1
          1
          1
          1
          1
          1
          1
          1
          1
          1
          1
          1
          1
          1
          1
          1
          1
          1
          1
          1
          1
          1
          1
          1
          1
          1
          1
          1
          1
          1
          1
          1
          1
          1
          1
          1
          1
          1
          1
          1
          1
          1
          1
          1
          1
          1
          1
          1
          1
          1
          1
          1
          1
          1
          1
          1
          1
          1
          1
          1
          1
          1
          1
          1
          1
          1
          1
          1
          1
          1
          1
          1
          1
          1
          1
          1
          1
          1
          1
          1
          1
          1
          1
          1
          1
          1
          1
          1
          1
          1
          1
          1
          1
          1
          1
          1
          1
          1
          1
          1
          1
          1
          1
          1
          1
          1
          1
          1
          1
          1
          1
          1
          1
          1
          1
          1
          1
          1
          1
          1
          1
          1
          1
          1
          1
          1
          1
          1
          1
          1
          1
          1
          1
          1
          1
          1
          1
          1
          1
          1
          1
          1
          1
          1
          1
          1
          1
          1
          1
          1
          1
          1
          1
          1
          1
          1
          1
          1
          1
          1
          1
          1
          1
          1
          1
          1
          1
          1
          1
          1
          1
          1
          1
          1
          1
          1
          1
          1
          1
          1
          1
          1
          1
          1
          1
          1
          1
          1
          1
          1
          1
          1
          1
          1
          1
          1
          1
          1
          1
          1
          1
          1
          1
          1
          1
          1
          1
          1
          1
          1
          1
          1
          1
          1
          1
          1
          1
          1
          1
          1
          1
          1
          1
          1
          1
          1
          1
          1
          1
          1
          1
          1
          1
          1
          1
          1
          1
          1
          1
          1
          1
          1
          1
          1
          1
          1
          1
          1
          1
          1
          1
          1
          1
          1
          1
          1
          1
          1
          1
          1
          1
          1
          1
          1
          1
          1
          1
          1
          1
          1
          1
          1
          1
          1
          1
          1
          1
          1
          1
          1
          1
          1
          1
          1
          1
          1
          1
          1
          1
          1
          1
   0.999999
   0.999999
   0.999998
   0.999997
   0.999996
   0.999996
   0.999996
   0.999996
   0.999997
   0.999998
   0.999999
   0.999999
          1
          1
          1
          1
          1
          1
          1
          1
          1
          1
          1
          1
          1
          1
          1
          1
          1
          1
          1
          1
          1
          1
          1
          1
          1
          1
          1
          1
          1
          1
          1
          1
          1
          1
          1
          1
          1
          1
          1
          1
          1
          1
          1
          1
          1
          1
   0.999999
   0.999998
   0.999996
   0.999992
   0.999986
   0.999978
   0.999971
   0.999967
   0.999966
   0.999971
   0.999978
   0.999986
   0.999992
   0.999996
   0.999998
   0.999999
          1
          1
          1
          1
          1
          1
          1
          1
          1
          1
          1
          1
          1
          1
          1
          1
          1
          1
          1
          1
          1
          1
          1
          1
          1
          1
          1
          1
          1
          1
          1
          1
          1
          1
          1
          1
          1
          1
          1
          1
          1
          1
          1
   0.999999
   0.999996
   0.999988
   0.999972
    0.99994
   0.999892
    0.99983
   0.999775
   0.999736
   0.999737
    0.99977
   0.999831
   0.999892
    0.99994
   0.999971
   0.999988
   0.999996
   0.999999
          1
          1
          1
          1
          1
          1
          1
          1
          1
          1
          1
          1
          1
          1
          1
          1
          1
          1
          1
          1
          1
          1
          1
          1
          1
          1
          1
          1
          1
          1
          1
          1
          1
          1
          1
          1
          1
          1
          1
          1
   0.999999
   0.999997
   0.999991
   0.999972
   0.999922
   0.999807
   0.999591
   0.999244
   0.998812
   0.998373
   0.998117
   0.998104
   0.998381
   0.998803
   0.999249
   0.999593
   0.999809
   0.999922
   0.999972
   0.999991
   0.999998
   0.999999
          1
          1
          1
          1
          1
          1
          1
          1
          1
          1
          1
          1
          1
          1
          1
          1
          1
          1
          1
          1
          1
          1
          1
          1
          1
          1
          1
          1
          1
          1
          1
          1
          1
          1
          1
          1
          1
   0.999999
   0.999997
   0.999986
    0.99995
   0.999838
   0.999533
   0.998816
   0.997425
    0.99518
   0.992284
   0.989431
   0.987605
   0.987588
   0.989398
   0.992266
   0.995187
   0.997426
   0.998827
   0.999533
   0.999839
    0.99995
   0.999987
   0.999997
   0.999999
          1
          1
          1
          1
          1
          1
          1
          1
          1
          1
          1
          1
          1
          1
          1
          1
          1
          1
          1
          1
          1
          1
          1
          1
          1
          1
          1
          1
          1
          1
          1
          1
          1
          1
          1
   0.999999
   0.999997
   0.999985
   0.999932
   0.999745
   0.999141
   0.997449
   0.993421
   0.985481
   0.972667
   0.956251
   0.940137
   0.930334
   0.930257
   0.940205
   0.956035
   0.972782
   0.985536
   0.993445
   0.997453
   0.999147
   0.999745
   0.999933
   0.999985
   0.999997
   0.999999
          1
          1
          1
          1
          1
          1
          1
          1
          1
          1
          1
          1
          1
          1
          1
          1
          1
          1
          1
          1
          1
          1
          1
          1
          1
          1
          1
          1
          1
          1
          1
          1
          1
          1
   0.999997
   0.999986
   0.999933
   0.999705
   0.998832
   0.995922
   0.987747
   0.968106
   0.930472
   0.873166
    0.80677
   0.748354
    0.71497
   0.714881
   0.748321
   0.806806
   0.872886
   0.930658
   0.968179
   0.987767
   0.995939
   0.998846
   0.999705
   0.999934
   0.999986
   0.999998
          1
          1
          1
          1
          1
          1
          1
          1
          1
          1
          1
          1
          1
          1
          1
          1
          1
          1
          1
          1
          1
          1
          1
          1
          1
          1
          1
          1
          1
          1
          1
          1
          1
   0.999999
   0.999991
    0.99995
   0.999749
   0.998841
   0.995254
   0.983202
   0.949164
   0.873226
   0.748499
   0.601853
   0.475977
   0.391506
   0.351627
    0.35139
   0.391683
   0.475437
   0.602621
   0.748296
   0.873459
    0.94918
   0.983333
   0.995263
   0.998842
    0.99975
    0.99995
   0.999991
   0.999999
          1
          1
          1
          1
          1
          1
          1
          1
          1
          1
          1
          1
          1
          1
          1
          1
          1
          1
          1
          1
          1
          1
          1
          1
          1
          1
          1
          1
          1
          1
          1
   0.999999
   0.999996
   0.999972
   0.999839
   0.999154
   0.995964
   0.983298
   0.941032
    0.83308
   0.642687
   0.434311
   0.278988
   0.188254
   0.141495
   0.121934
   0.121838
   0.141249
   0.188338
   0.278716
    0.43482
   0.642654
   0.833022
   0.940977
    0.98344
   0.995983
   0.999157
    0.99984
   0.999972
   0.999996
   0.999999
          1
          1
          1
          1
          1
          1
          1
          1
          1
          1
          1
          1
          1
          1
          1
          1
          1
          1
          1
          1
          1
          1
          1
          1
          1
          1
          1
          1
          1
          1
   0.999998
   0.999988
   0.999923
   0.999547
   0.997501
   0.987958
    0.94977
   0.834031
   0.604812
   0.354365
   0.188552
   0.105274
  0.0664075
  0.0485758
  0.0415302
   0.041549
  0.0485566
  0.0663253
   0.105169
   0.188596
   0.353752
   0.604364
   0.833457
    0.94976
   0.987902
   0.997516
   0.999542
   0.999923
   0.999988
   0.999998
          1
          1
          1
          1
          1
          1
          1
          1
          1
          1
          1
          1
          1
          1
          1
          1
          1
          1
          1
          1
          1
          1
          1
          1
          1
          1
          1
          1
          1
          1
   0.999996
   0.999972
   0.999813
   0.998847
   0.993643
   0.968798
   0.875477
   0.645349
   0.356055
   0.164501
  0.0779162
  0.0416796
   0.026249
  0.0193642
  0.0166932
  0.0166842
  0.0193655
  0.0262141
  0.0416649
  0.0777403
   0.164476
   0.355003
   0.645001
   0.875162
   0.968873
   0.993619
   0.998849
   0.999813
   0.999972
   0.999996
          1
          1
          1
          1
          1
          1
          1
          1
          1
          1
          1
          1
          1
          1
          1
          1
          1
          1
          1
          1
          1
          1
          1
          1
          1
          1
          1
          1
          1
   0.999999
   0.999992
   0.999942
   0.999595
   0.997519
   0.985853
   0.932135
   0.752173
   0.438299
   0.190155
  0.0781895
  0.0357657
  0.0194296
  0.0125493
 0.00950789
 0.00831031
 0.00831881
 0.00950457
  0.0125355
  0.0193943
  0.0357872
  0.0779518
   0.189955
   0.437752
   0.751717
   0.931989
   0.985925
   0.997518
     0.9996
   0.999943
   0.999992
   0.999999
          1
          1
          1
          1
          1
          1
          1
          1
          1
          1
          1
          1
          1
          1
          1
          1
          1
          1
          1
          1
          1
          1
          1
          1
          1
          1
          1
          1
   0.999998
   0.999987
   0.999896
   0.999271
   0.995323
   0.973505
   0.876097
   0.607413
   0.282576
   0.106635
  0.0419922
  0.0194775
  0.0109237
 0.00734302
 0.00574492
 0.00511886
 0.00511466
 0.00574166
 0.00734165
  0.0109146
  0.0194613
  0.0419681
   0.106494
   0.282121
   0.607599
   0.875956
   0.973518
   0.995348
   0.999272
   0.999896
   0.999987
   0.999998
          1
          1
          1
          1
          1
          1
          1
          1
          1
          1
          1
          1
          1
          1
          1
          1
          1
          1
          1
          1
          1
          1
          1
          1
          1
          1
          1
          1
   0.999997
    0.99998
   0.999838
   0.998834
   0.992595
   0.957272
   0.811404
   0.481541
    0.19142
  0.0673405
  0.0264798
  0.0126008
 0.00735327
 0.00512857
 0.00413949
 0.00374598
  0.0037449
 0.00413459
 0.00512663
 0.00734837
  0.0125929
    0.02644
  0.0672328
   0.191039
   0.481292
   0.810921
   0.957533
   0.992587
   0.998846
   0.999838
   0.999979
   0.999997
          1
          1
          1
          1
          1
          1
          1
          1
          1
          1
          1
          1
          1
          1
          1
          1
          1
          1
          1
          1
          1
          1
          1
          1
          1
          1
          1
          1
   0.999997
   0.999972
   0.999782
   0.998443
   0.989759
   0.942274
   0.753585
   0.398056
   0.144087
  0.0494381
  0.0195668
 0.00956305
 0.00575607
  0.0041449
 0.00341554
 0.00312751
 0.00312901
 0.00341485
 0.00414039
 0.00575331
 0.00956405
  0.0195673
  0.0493631
   0.143917
   0.397626
   0.754254
   0.942139
   0.989834
    0.99844
   0.999781
   0.999972
   0.999997
          1
          1
          1
          1
          1
          1
          1
          1
          1
          1
          1
          1
          1
          1
          1
          1
          1
          1
          1
          1
          1
          1
          1
          1
          1
          1
          1
          1
   0.999996
   0.999969
   0.999747
    0.99816
   0.988156
   0.932313
    0.72235
   0.357612
     0.1247
   0.042272
  0.0169025
 0.00837308
 0.00513571
 0.00375412
 0.00313189
 0.00288408
 0.00288445
 0.00313228
 0.00374954
 0.00512981
 0.00837207
  0.0168755
   0.042251
   0.124338
   0.357571
   0.720727
   0.932728
   0.988139
    0.99817
   0.999748
   0.999968
   0.999996
          1
          1
          1
          1
          1
          1
          1
          1
          1
          1
          1
          1
          1
          1
          1
          1
          1
          1
          1
          1
          1
          1
          1
          1
          1
          1
          1
          1
   0.999996
   0.999968
   0.999747
   0.998179
   0.988036
   0.932831
    0.72159
   0.358164
   0.124422
  0.0423546
  0.0168831
 0.00837776
 0.00513285
 0.00375264
 0.00313268
  0.0028859
 0.00288452
 0.00312951
 0.00375386
 0.00513235
 0.00836715
  0.0168849
  0.0422745
   0.124499
   0.357208
   0.721985
   0.932566
   0.988131
   0.998184
   0.999746
   0.999968
   0.999996
          1
          1
          1
          1
          1
          1
          1
          1
          1
          1
          1
          1
          1
          1
          1
          1
          1
          1
          1
          1
          1
          1
          1
          1
          1
          1
          1
          1
   0.999997
   0.999973
   0.999783
   0.998422
    0.98988
   0.941799
    0.75438
   0.397706
   0.144293
  0.0493697
  0.0196009
 0.00956326
 0.00576013
  0.0041424
 0.00341746
 0.00312949
 0.00312908
 0.00341585
 0.00413922
 0.00575582
 0.00956389
  0.0195617
  0.0493642
   0.143897
   0.398054
   0.753366
   0.942321
   0.989869
   0.998434
   0.999783
   0.999972
   0.999997
          1
          1
          1
          1
          1
          1
          1
          1
          1
          1
          1
          1
          1
          1
          1
          1
          1
          1
          1
          1
          1
          1
          1
          1
          1
          1
          1
          1
   0.999997
   0.999979
   0.999838
   0.998855
   0.992539
   0.957593
   0.810656
    0.48162
   0.191053
  0.0674018
  0.0264326
  0.0125962
 0.00734239
 0.00513105
 0.00413521
 0.00374395
 0.00374411
 0.00413491
 0.00512543
 0.00734061
   0.012592
  0.0264421
  0.0672302
   0.190954
   0.481026
    0.81138
   0.957438
   0.992577
   0.998849
   0.999837
   0.999979
   0.999997
          1
          1
          1
          1
          1
          1
          1
          1
          1
          1
          1
          1
          1
          1
          1
          1
          1
          1
          1
          1
          1
          1
          1
          1
          1
          1
          1
          1
   0.999998
   0.999987
   0.999897
   0.999264
   0.995384
   0.973444
   0.876425
   0.607144
   0.282859
   0.106473
  0.0420078
  0.0194561
   0.010924
 0.00733511
  0.0057425
 0.00511398
 0.00511353
 0.00573919
 0.00733078
  0.0109136
  0.0194564
  0.0419184
   0.106427
   0.282309
   0.607019
   0.875802
   0.973532
   0.995356
   0.999272
   0.999896
   0.999986
   0.999998
          1
          1
          1
          1
          1
          1
          1
          1
          1
          1
          1
          1
          1
          1
          1
          1
          1
          1
          1
          1
          1
          1
          1
          1
          1
          1
          1
          1
   0.999999
   0.999992
   0.999942
   0.999602
   0.997502
    0.98595
   0.932006
   0.752275
   0.436982
   0.190009
  0.0778405
  0.0357765
  0.0193615
  0.0125386
 0.00948691
 0.00830622
 0.00829968
  0.0094943
  0.0125269
  0.0193856
   0.035697
  0.0781112
   0.189627
   0.437631
   0.752235
   0.932329
   0.985915
   0.997519
   0.999603
   0.999942
   0.999992
   0.999999
          1
          1
          1
          1
          1
          1
          1
          1
          1
          1
          1
          1
          1
          1
          1
          1
          1
          1
          1
          1
          1
          1
          1
          1
          1
          1
          1
          1
          1
   0.999996
   0.999973
   0.999812
   0.998862
     0.9936
   0.968919
   0.875274
   0.646115
    0.35487
   0.164474
  0.0776569
  0.0416612
  0.0261779
  0.0193466
  0.0166484
  0.0166644
  0.0193293
  0.0261702
  0.0416277
  0.0778456
   0.164076
   0.355526
   0.645228
   0.875423
   0.968829
   0.993674
   0.998855
   0.999811
   0.999972
   0.999996
          1
          1
          1
          1
          1
          1
          1
          1
          1
          1
          1
          1
          1
          1
          1
          1
          1
          1
          1
          1
          1
          1
          1
          1
          1
          1
          1
          1
          1
          1
   0.999998
   0.999988
   0.999924
   0.999542
   0.997525
   0.987898
   0.949904
   0.833568
   0.605509
   0.353259
   0.188634
   0.104955
  0.0663961
  0.0484869
  0.0415311
  0.0414582
  0.0485373
  0.0662747
   0.105163
   0.188212
   0.354234
   0.604527
   0.833803
   0.949775
   0.987987
   0.997514
   0.999541
   0.999923
   0.999988
   0.999998
          1
          1
          1
          1
          1
          1
          1
          1
          1
          1
          1
          1
          1
          1
          1
          1
          1
          1
          1
          1
          1
          1
          1
          1
          1
          1
          1
          1
          1
          1
   0.999999
   0.999996
   0.999972
   0.999841
   0.999159
      0.996
    0.98342
   0.941176
   0.833118
   0.642996
   0.433898
   0.278562
   0.187935
   0.141112
   0.121621
   0.121775
   0.141046
   0.187882
   0.278464
   0.434121
   0.642866
   0.832936
   0.941285
   0.983376
   0.996003
   0.999154
    0.99984
   0.999972
   0.999996
   0.999999
          1
          1
          1
          1
          1
          1
          1
          1
          1
          1
          1
          1
          1
          1
          1
          1
          1
          1
          1
          1
          1
          1
          1
          1
          1
          1
          1
          1
          1
          1
          1
   0.999999
   0.999991
    0.99995
    0.99975
   0.998836
   0.995291
   0.983255
   0.949487
   0.873524
   0.748934
    0.60155
    0.47636
   0.391516
   0.352192
   0.350833
   0.392217
   0.475143
    0.60229
   0.748577
   0.873813
   0.949206
    0.98332
   0.995299
   0.998835
   0.999748
    0.99995
   0.999991
   0.999999
          1
          1
          1
          1
          1
          1
          1
          1
          1
          1
          1
          1
          1
          1
          1
          1
          1
          1
          1
          1
          1
          1
          1
          1
          1
          1
          1
          1
          1
          1
          1
          1
          1
   0.999997
   0.999987
   0.999934
   0.999705
   0.998835
   0.995968
   0.987735
   0.968182
   0.930594
   0.873244
   0.806413
   0.748744
   0.714301
   0.715453
   0.747578
   0.806874
   0.872991
   0.930727
   0.968096
   0.987813
   0.995971
   0.998831
   0.999705
   0.999934
   0.999986
   0.999997
          1
          1
          1
          1
          1
          1
          1
          1
          1
          1
          1
          1
          1
          1
          1
          1
          1
          1
          1
          1
          1
          1
          1
          1
          1
          1
          1
          1
          1
          1
          1
          1
          1
          1
   0.999999
   0.999997
   0.999985
   0.999932
   0.999746
   0.999142
   0.997473
   0.993466
   0.985628
   0.972869
   0.956622
   0.940268
   0.930677
   0.930195
   0.940592
   0.956224
   0.972873
   0.985524
   0.993542
   0.997458
   0.999145
   0.999743
   0.999934
   0.999984
   0.999997
   0.999999
          1
          1
          1
          1
          1
          1
          1
          1
          1
          1
          1
          1
          1
          1
          1
          1
          1
          1
          1
          1
          1
          1
          1
          1
          1
          1
          1
          1
          1
          1
          1
          1
          1
          1
          1
   0.999999
   0.999997
   0.999987
   0.999949
   0.999838
   0.999532
   0.998815
   0.997437
   0.995198
   0.992294
   0.989468
   0.987589
   0.987638
   0.989403
   0.992294
   0.995188
   0.997444
   0.998817
   0.999533
   0.999838
    0.99995
   0.999986
   0.999997
   0.999999
          1
          1
          1
          1
          1
          1
          1
          1
          1
          1
          1
          1
          1
          1
          1
          1
          1
          1
          1
          1
          1
          1
          1
          1
          1
          1
          1
          1
          1
          1
          1
          1
          1
          1
          1
          1
          1
   0.999999
   0.999998
   0.999991
   0.999972
   0.999922
    0.99981
   0.999592
   0.999252
   0.998814
   0.998388
   0.998109
    0.99811
   0.998375
   0.998809
   0.999247
   0.999592
   0.999808
   0.999922
   0.999972
   0.999991
   0.999997
   0.999999
          1
          1
          1
          1
          1
          1
          1
          1
          1
          1
          1
          1
          1
          1
          1
          1
          1
          1
          1
          1
          1
          1
          1
          1
          1
          1
          1
          1
          1
          1
          1
          1
          1
          1
          1
          1
          1
          1
          1
          1
   0.999999
   0.999996
   0.999988
   0.999971
    0.99994
   0.999891
   0.999832
   0.999773
   0.999738
   0.999737
   0.999772
   0.999831
   0.999892
    0.99994
   0.999971
   0.999988
   0.999996
   0.999999
          1
          1
          1
          1
          1
          1
          1
          1
          1
          1
          1
          1
          1
          1
          1
          1
          1
          1
          1
          1
          1
          1
          1
          1
          1
          1
          1
          1
          1
          1
          1
          1
          1
          1
          1
          1
          1
          1
          1
          1
          1
          1
          1
   0.999999
   0.999998
   0.999996
   0.999992
   0.999986
   0.999978
   0.999971
   0.999966
   0.999966
   0.999971
   0.999978
   0.999986
   0.999992
   0.999996
   0.999998
   0.999999
          1
          1
          1
          1
          1
          1
          1
          1
          1
          1
          1
          1
          1
          1
          1
          1
          1
          1
          1
          1
          1
          1
          1
          1
          1
          1
          1
          1
          1
          1
          1
          1
          1
          1
          1
          1
          1
          1
          1
          1
          1
          1
          1
          1
          1
          1
   0.999999
   0.999999
   0.999998
   0.999997
   0.999996
   0.999996
   0.999996
   0.999996
   0.999997
   0.999998
   0.999999
          1
          1
          1
          1
          1
          1
          1
          1
          1
          1
          1
          1
          1
          1
          1
          1
          1
          1
          1
          1
          1
          1
          1
          1
          1
          1
          1
          1
          1
          1
          1
          1
          1
          1
          1
          1
          1
          1
          1
          1
          1
          1
          1
          1
          1
          1
          1
          1
          1
          1
          1
          1
          1
          1
          1
          1
          1
          1
          1
          1
          1
          1
          1
          1
          1
          1
          1
          1
          1
          1
          1
          1
          1
          1
          1
          1
          1
          1
          1
          1
          1
          1
          1
          1
          1
          1
          1
          1
          1
          1
          1
          1
          1
          1
          1
          1
          1
          1
          1
          1
          1
          1
          1
          1
          1
          1
          1
          1
          1
          1
          1
          1
          1
          1
          1
          1
          1
          1
          1
          1
          1
          1
          1
          1
          1
          1
          1
          1
          1
          1
          1
          1
          1
          1
          1
          1
          1
          1
          1
          1
          1
          1
          1
          1
          1
          1
          1
          1
          1
          1
          1
          1
          1
          1
          1
          1
          1
          1
          1
          1
          1
          1
          1
          1
          1
          1
          1
          1
          1
          1
          1
          1
          1
          1
          1
          1
          1
          1
          1
          1
          1
          1
          1
          1
          1
          1
          1
          1
          1
          1
          1
          1
          1
          1
          1
          1
          1
          1
          1
          1
          1
          1
          1
          1
          1
          1
          1
          1
          1
          1
          1
          1
          1
          1
          1
          1
          1
          1
          1
          1
          1
          1
          1
          1
          1
          1
          1
          1
          1
          1
          1
          1
          1
          1
          1
          1
          1
          1
          1
          1
          1
          1
          1
          1
          1
          1
          1
          1
          1
          1
          1
          1
          1
          1
          1
          1
          1
          1
          1
          1
          1
          1
          1
          1
          1
          1
          1
          1
          1
          1
          1
          1
          1
          1
          1
          1
          1
          1
          1
          1
          1
          1
          1
          1
          1
          1
          1
          1
          1
          1
          1
          1
          1
          1
          1
          1
          1
          1
          1
          1
          1
          1
          1
          1
          1
          1
          1
          1
          1
          1
          1
          1
          1
          1
          1
          1
          1
          1
          1
          1
          1
          1
          1
          1
          1
          1
          1
          1
          1
          1
          1
          1
          1
          1
          1
          1
          1
          1
          1
          1
          1
          1
          1
          1
          1
          1
          1
          1
          1
          1
          1
          1
          1
          1
          1
          1
          1
          1
          1
          1
          1
          1
          1
          1
          1
          1
          1
          1
          1
          1
          1
          1
          1
          1
          1
          1
          1
          1
          1
          1
          1
          1
          1
          1
          1
          1
          1
          1
          1
          1
          1
          1
          1
          1
          1
          1
          1
          1
          1
          1
          1
          1
          1
          1
          1
          1
          1
          1
          1
          1
          1
          1
          1
          1
          1
          1
          1
          1
          1
          1
          1
          1
          1
          1
          1
          1
          1
          1
          1
          1
          1
          1
          1
          1
          1
          1
          1
          1
          1
          1
          1
          1
          1
          1
          1
          1
          1
          1
          1
          1
          1
          1
          1
          1
          1
          1
          1
          1
          1
          1
          1
          1
          1
          1
          1
          1
          1
          1
          1
          1
          1
          1
          1
          1
          1
          1
          1
          1
          1
          1
          1
          1
          1
          1
          1
          1
          1
          1
          1
          1
          1
          1
          1
          1
          1
          1
          1
          1
          1
          1
          1
          1
          1
          1
          1
          1
          1
          1
          1
          1
          1
          1
          1
          1
          1
          1
          1
          1
          1
          1
          1
          1
          1
          1
          1
          1
          1
          1
          1
          1
          1
          1
          1
          1
          1
          1
          1
          1
          1
          1
          1
          1
          1
          1
          1
          1
          1
          1
          1
          1
          1
          1
          1
          1
          1
          1
          1
          1
          1
          1
          1
          1
          1
          1
          1
          1
          1
          1
          1
          1
          1
          1
          1
          1
          1
          1
          1
          1
          1
          1
          1
          1
          1
          1
          1
          1
          1
          1
          1
          1
          1
          1
          1
          1
          1
          1
          1
          1
          1
          1
          1
          1
          1
          1
          1
          1
          1
          1
          1
          1
          1
          1
          1
          1
          1
          1
          1
          1
          1
          1
          1
          1
          1
          1
          1
          1
          1
          1
          1
          1
          1
          1
          1
          1
          1
          1
          1
          1
          1
          1
          1
          1
          1
          1
          1
          1
          1
          1
          1
          1
          1
          1
          1
          1
          1
          1
          1
          1
          1
          1
          1
          1
          1
          1
          1
          1
          1
          1
          1
          1
          1
          1
          1
          1
          1
          1
          1
          1
          1
          1
          1
          1
          1
          1
          1
          1
          1
          1
          1
          1
          1
          1
          1
          1
          1
          1
          1
          1
          1
          1
          1
          1
          1
          1
          1
          1
          1
          1
          1
          1
          1
          1
          1
          1
          1
          1
          1
          1
          1
          1
          1
          1
          1
          1
          1
          1
          1
          1
          1
          1
          1
          1
          1
          1
          1
          1
          1
          1
          1
          1
          1
          1
          1
          1
          1
          1
          1
          1
          1
          1
          1
          1
          1
          1
          1
          1
          1
          1
          1
          1
          1
          1
          1
          1
          1
          1
          1
          1
          1
          1
          1
          1
          1
          1
          1
          1
          1
          1
          1
          1
          1
          1
          1
          1
          1
          1
          1
          1
          1
          1
          1
          1
          1
          1
          1
          1
          1
          1
          1
          1
          1
          1
          1
          1
          1
          1
          1
          1
          1
          1
          1
          1
          1
          1
          1
          1
          1
          1
          1
          1
          1
          1
          1
          1
          1
          1
          1
          1
          1
          1
          1
          1
          1
          1
          1
          1
          1
          1
          1
          1
          1
          1
          1
          1
          1
          1
          1
          1
          1
          1
          1
          1
          1
          1
          1
          1
          1
          1
          1
          1
          1
          1
          1
          1
          1
          1
          1
          1
          1
          1
          1
          1
          1
          1
          1
          1
          1
          1
          1
          1
          1
          1
          1
          1
          1
          1
          1
          1
          1
          1
          1
          1
          1
          1
          1
          1
          1
          1
          1
          1
          1
          1
          1
          1
          1
          1
          1
          1
          1
          1
          1
          1
          1
          1
          1
          1
          1
          1
          1
          1
          1
          1
          1
          1
          1
          1
          1
          1
          1
          1
          1
          1
          1
          1
          1
          1
          1
          1
          1
          1
          1
          1
          1
          1
          1
          1
          1
          1
          1
          1
          1
          1
          1
          1
          1
          1
          1
          1
          1
          1
          1
          1
          1
          1
          1
          1
          1
          1
          1
          1
          1
          1
          1
          1
          1
          1
          1
          1
          1
          1
          1
          1
          1
          1
          1
          1
          1
          1
          1
          1
          1
          1
          1
          1
          1
          1
          1
          1
          1
          1
          1
          1
          1
          1
          1
          1
          1
          1
          1
          1
          1
          1
          1
          1
          1
          1
          1
          1
          1
          1
          1
          1
          1
          1
          1
          1
          1
          1
          1
          1
          1
          1
          1
          1
          1
          1
          1
          1
          1
          1
          1
          1
          1
          1
          1
          1
          1
          1
          1
          1
          1
          1
          1
          1
          1
          1
          1
          1
          1
          1
          1
          1
          1
          1
          1
          1
          1
          1
          1
          1
          1
          1
          1
          1
          1
          1
          1
          1
          1
          1
          1
          1
          1
          1
          1
          1
          1
          1
          1
          1
          1
          1
          1
          1
          1
          1
          1
          1
          1
          1
          1
          1
          1
          1
          1
          1
          1
          1
          1
          1
          1
          1
          1
          1
          1
          1
          1
          1
          1
          1
          1
          1
          1
          1
          1
          1
          1
          1
          1
          1
          1
          1
          1
          1
          1
          1
          1
          1
          1
          1
          1
          1
          1
          1
          1
          1
          1
          1
          1
          1
          1
          1
          1
          1
          1
          1
          1
          1
          1
          1
          1
          1
          1
          1
          1
          1
          1
          1
          1
          1
          1
          1
          1
          1
          1
          1
          1
          1
          1
          1
          1
          1
          1
          1
          1
          1
          1
          1
          1
          1
          1
          1
          1
          1
          1
          1
          1
          1
          1
          1
          1
          1
          1
          1
          1
          1
          1
          1
          1
          1
          1
          1
          1
          1
          1
          1
          1
          1
          1
          1
          1
          1
          1
          1
          1
          1
          1
          1
          1
          1
          1
          1
          1
          1
          1
          1
          1
          1
          1
          1
          1
          1
          1
          1
          1
          1
          1
          1
          1
          1
          1
          1
          1
          1
          1
          1
          1
          1
          1
          1
          1
          1
          1
          1
          1
          1
          1
          1
          1
          1
          1
          1
          1
          1
          1
          1
          1
          1
          1
          1
          1
          1
          1
          1
          1
          1
          1
          1
          1
          1
          1
          1
          1
          1
          1
          1
          1
          1
          1
          1
          1
          1
          1
          1
          1
          1
          1
          1
          1
          1
          1
          1
          1
          1
          1
          1
          1
          1
          1
          1
          1
          1
          1
          1
          1
          1
          1
          1
          1
          1
          1
          1
          1
          1
          1
          1
          1
          1
          1
          1
          1
          1
          1
          1
          1
          1
          1
          1
          1
          1
          1
          1
          1
          1
          1
          1
          1
          1
          1
          1
          1
          1
          1
          1
          1
          1
          1
          1
          1
          1
          1
          1
          1
          1
          1
          1
          1
          1
          1
          1
          1
          1
          1
          1
          1
          1
          1
          1
          1
          1
          1
          1
          1
          1
          1
          1
          1
          1
          1
          1
          1
          1
          1
          1
          1
          1
          1
          1
          1
          1
          1
          1
          1
          1
          1
          1
          1
          1
          1
          1
          1
          1
          1
          1
          1
          1
          1
          1
          1
          1
          1
          1
          1
          1
          1
          1
          1
          1
          1
          1
          1
          1
          1
          1
          1
          1
          1
          1
          1
          1
          1
          1
          1
          1
          1
          1
          1
          1
          1
          1
          1
          1
          1
          1
          1
          1
          1
          1
          1
          1
          1
          1
          1
          1
          1
          1
          1
          1
          1
          1
          1
          1
          1
          1
          1
          1
          1
          1
          1
          1
          1
          1
          1
          1
          1
          1
          1
          1
          1
          1
          1
          1
          1
          1
          1
          1
          1
          1
          1
          1
          1
          1
          1
          1
          1
          1
          1
          1
          1
          1
          1
          1
          1
          1
          1
          1
          1
          1
          1
          1
          1
          1
          1
          1
          1
          1
          1
          1
          1
          1
          1
          1
          1
          1
          1
          1
          1
          1
          1
          1
          1
          1
          1
          1
          1
          1
          1
          1
          1
          1
          1
          1
          1
          1
          1
          1
          1
          1
          1
          1
          1
          1
          1
          1
          1
          1
          1
          1
          1
          1
          1
          1
          1
          1
          1
          1
          1
          1
          1
          1
          1
          1
          1
          1
          1
          1
          1
          1
          1
          1
          1
          1
          1
          1
          1
          1
          1
          1
          1
          1
          1
          1
          1
          1
          1
          1
          1
          1
          1
          1
          1
          1
          1
          1
          1
          1
          1
          1
          1
          1
          1
          1
          1
          1
          1
          1
          1
          1
          1
          1
          1
          1
          1
          1
          1
          1
          1
          1
          1
          1
          1
          1
          1
          1
          1
          1
          1
          1
          1
          1
          1
          1
          1
          1
          1
          1
          1
          1
          1
   0.999999
   0.999999
   0.999998
   0.999997
   0.999996
   0.999995
   0.999995
   0.999996
   0.999997
   0.999998
   0.999999
   0.999999
          1
          1
          1
          1
          1
          1
          1
          1
          1
          1
          1
          1
          1
          1
          1
          1
          1
          1
          1
          1
          1
          1
          1
          1
          1
          1
          1
          1
          1
          1
          1
          1
          1
          1
          1
          1
          1
          1
          1
          1
          1
          1
          1
          1
          1
          1
   0.999999
   0.999998
   0.999995
   0.999989
   0.999981
    0.99997
    0.99996
   0.999954
   0.999954
   0.999961
    0.99997
   0.999981
   0.999989
   0.999995
   0.999998
   0.999999
          1
          1
          1
          1
          1
          1
          1
          1
          1
          1
          1
          1
          1
          1
          1
          1
          1
          1
          1
          1
          1
          1
          1
          1
          1
          1
          1
          1
          1
          1
          1
          1
          1
          1
          1
          1
          1
          1
          1
          1
          1
          1
   0.999999
   0.999998
   0.999993
   0.999981
   0.999956
   0.999907
   0.999833
   0.999734
   0.999647
   0.999584
   0.999587
    0.99964
   0.999738
    0.99983
   0.999907
   0.999954
   0.999981
   0.999993
   0.999998
   0.999999
          1
          1
          1
          1
          1
          1
          1
          1
          1
          1
          1
          1
          1
          1
          1
          1
          1
          1
          1
          1
          1
          1
          1
          1
          1
          1
          1
          1
          1
          1
          1
          1
          1
          1
          1
          1
          1
          1
          1
   0.999999
   0.999996
   0.999984
    0.99995
    0.99986
   0.999652
   0.999259
   0.998622
    0.99783
   0.997012
   0.996543
   0.996495
   0.997033
    0.99781
   0.998633
   0.999251
   0.999653
    0.99986
    0.99995
   0.999984
   0.999996
   0.999999
          1
          1
          1
          1
          1
          1
          1
          1
          1
          1
          1
          1
          1
          1
          1
          1
          1
          1
          1
          1
          1
          1
          1
          1
          1
          1
          1
          1
          1
          1
          1
          1
          1
          1
          1
          1
          1
   0.999999
   0.999993
   0.999973
   0.999897
   0.999659
   0.999012
   0.997489
   0.994481
   0.989662
   0.983333
   0.977227
   0.973183
   0.973215
    0.97704
   0.983411
   0.989621
   0.994495
   0.997485
   0.999012
    0.99966
   0.999898
   0.999972
   0.999993
   0.999999
          1
          1
          1
          1
          1
          1
          1
          1
          1
          1
          1
          1
          1
          1
          1
          1
          1
          1
          1
          1
          1
          1
          1
          1
          1
          1
          1
          1
          1
          1
          1
          1
          1
          1
          1
   0.999999
   0.999992
   0.999964
   0.999841
   0.999385
   0.997893
   0.993635
    0.98357
   0.963643
   0.932382
   0.893485
   0.857168
   0.835307
   0.835168
   0.856952
   0.893142
   0.932322
   0.963636
   0.983562
   0.993652
   0.997883
   0.999383
   0.999842
   0.999963
   0.999992
   0.999998
          1
          1
          1
          1
          1
          1
          1
          1
          1
          1
          1
          1
          1
          1
          1
          1
          1
          1
          1
          1
          1
          1
          1
          1
          1
          1
          1
          1
          1
          1
          1
          1
          1
   0.999999
   0.999993
   0.999963
   0.999814
   0.999162
   0.996627
   0.988096
     0.9639
   0.908307
   0.811734
   0.688007
   0.570578
   0.485834
   0.443037
   0.443039
   0.485403
   0.570774
   0.687144
   0.811992
   0.908646
   0.964118
   0.988061
   0.996654
   0.999164
   0.999813
   0.999962
   0.999993
   0.999999
          1
          1
          1
          1
          1
          1
          1
          1
          1
          1
          1
          1
          1
          1
          1
          1
          1
          1
          1
          1
          1
          1
          1
          1
          1
          1
          1
          1
          1
          1
          1
   0.999999
   0.999996
   0.999972
    0.99984
   0.999161
   0.996074
   0.983808
   0.942891
    0.83642
   0.651746
   0.444106
   0.288754
   0.195939
   0.148362
   0.128064
   0.128211
   0.148079
   0.196064
   0.288842
   0.444148
   0.651225
   0.836948
    0.94308
   0.983736
   0.996094
   0.999162
    0.99984
   0.999971
   0.999996
   0.999999
          1
          1
          1
          1
          1
          1
          1
          1
          1
          1
          1
          1
          1
          1
          1
          1
          1
          1
          1
          1
          1
          1
          1
          1
          1
          1
          1
          1
          1
          1
   0.999998
   0.999985
   0.999899
   0.999384
   0.996644
   0.983855
   0.933317
   0.787147
   0.530103
   0.288621
   0.148399
  0.0821755
   0.052135
  0.0385212
  0.0331515
  0.0331219
  0.0385083
   0.052161
  0.0821407
   0.148504
   0.288904
   0.530643
   0.786761
   0.933865
   0.983833
   0.996635
   0.999379
   0.999896
   0.999984
   0.999998
          1
          1
          1
          1
          1
          1
          1
          1
          1
          1
          1
          1
          1
          1
          1
          1
          1
          1
          1
          1
          1
          1
          1
          1
          1
          1
          1
          1
          1
   0.999999
   0.999993
   0.999951
   0.999662
   0.997899
   0.988195
   0.943112
    0.78813
   0.490371
   0.225385
  0.0959716
   0.044776
  0.0247593
  0.0161889
  0.0124062
  0.0109012
   0.010914
  0.0123911
  0.0161942
  0.0247403
  0.0448025
  0.0958415
     0.2253
   0.490351
   0.787636
   0.943305
    0.98819
   0.997885
   0.999662
    0.99995
   0.999993
   0.999999
          1
          1
          1
          1
          1
          1
          1
          1
          1
          1
          1
          1
          1
          1
          1
          1
          1
          1
          1
          1
          1
          1
          1
          1
          1
          1
          1
          1
   0.999998
   0.999982
   0.999861
   0.999043
    0.99371
   0.964569
   0.838902
   0.533329
   0.226742
  0.0829098
  0.0332498
  0.0161951
 0.00964071
 0.00686217
 0.00560768
 0.00511728
 0.00511346
 0.00561067
 0.00686096
 0.00965672
  0.0161815
  0.0333193
  0.0829617
   0.227041
   0.533529
   0.839387
   0.964446
    0.99374
   0.999029
   0.999862
   0.999982
   0.999998
          1
          1
          1
          1
          1
          1
          1
          1
          1
          1
          1
          1
          1
          1
          1
          1
          1
          1
          1
          1
          1
          1
          1
          1
          1
          1
          1
   0.999999
   0.999995
   0.999957
   0.999665
   0.997545
   0.983923
   0.910275
   0.656273
   0.292589
  0.0969542
  0.0334156
  0.0142156
 0.00763885
 0.00511839
 0.00401661
 0.00352766
 0.00333026
 0.00333364
 0.00352496
 0.00401791
 0.00511411
 0.00765808
  0.0142011
  0.0335247
  0.0970581
   0.292992
   0.656097
    0.91071
   0.983964
   0.997558
   0.999661
   0.999956
   0.999995
   0.999999
          1
          1
          1
          1
          1
          1
          1
          1
          1
          1
          1
          1
          1
          1
          1
          1
          1
          1
          1
          1
          1
          1
          1
          1
          1
          1
   0.999999
    0.99999
   0.999911
   0.999277
   0.994709
    0.96445
   0.816522
   0.450718
   0.151214
  0.0454482
  0.0163229
 0.00766495
  0.0046912
  0.0035213
 0.00302285
  0.0028038
  0.0027234
 0.00272144
 0.00280429
 0.00302333
 0.00352368
 0.00469006
 0.00768494
  0.0163362
  0.0455353
    0.15138
    0.45061
    0.81591
   0.964523
   0.994687
   0.999279
    0.99991
   0.999989
   0.999999
          1
          1
          1
          1
          1
          1
          1
          1
          1
          1
          1
          1
          1
          1
          1
          1
          1
          1
          1
          1
          1
          1
          1
          1
          1
          1
   0.999998
   0.999982
   0.999839
   0.998677
    0.98999
   0.934139
   0.694513
   0.293969
  0.0839748
  0.0251347
 0.00972646
 0.00513306
 0.00352567
 0.00290714
 0.00265439
 0.00255968
 0.00252665
  0.0025272
 0.00255856
 0.00265417
 0.00290698
 0.00352802
  0.0051347
 0.00974934
  0.0251906
  0.0840033
   0.294259
   0.694629
   0.934258
   0.990024
   0.998675
   0.999839
   0.999981
   0.999998
          1
          1
          1
          1
          1
          1
          1
          1
          1
          1
          1
          1
          1
          1
          1
          1
          1
          1
          1
          1
          1
          1
          1
          1
          1
          1
   0.999997
   0.999972
   0.999748
   0.997888
    0.98405
   0.896202
   0.579787
   0.200471
  0.0533846
  0.0164501
 0.00692414
 0.00403241
 0.00302615
 0.00265498
 0.00252864
   0.002492
 0.00248681
 0.00248737
 0.00249266
 0.00252722
  0.0026566
 0.00302865
 0.00403801
 0.00693169
  0.0164869
  0.0534283
   0.200909
   0.578508
   0.896319
   0.983986
   0.997897
   0.999748
   0.999972
   0.999997
          1
          1
          1
          1
          1
          1
          1
          1
          1
          1
          1
          1
          1
          1
          1
          1
          1
          1
          1
          1
          1
          1
          1
          1
          1
          1
   0.999996
   0.999962
   0.999661
   0.997122
   0.977999
   0.861707
    0.49412
   0.151948
  0.0394077
  0.0125984
 0.00565196
 0.00353821
 0.00280609
 0.00255953
 0.00249078
 0.00248931
 0.00249771
 0.00249751
 0.00248835
 0.00249085
 0.00255963
 0.00280794
 0.00353844
 0.00566202
  0.0126164
  0.0395227
   0.151828
   0.494788
   0.861479
   0.978011
   0.997132
    0.99966
   0.999962
   0.999996
          1
          1
          1
          1
          1
          1
          1
          1
          1
          1
          1
          1
          1
          1
          1
          1
          1
          1
          1
          1
          1
          1
          1
          1
          1
          1
   0.999995
   0.999956
   0.999602
    0.99664
   0.974367
   0.840046
   0.452899
   0.131501
  0.0339716
  0.0110726
 0.00516135
 0.00333917
 0.00272419
 0.00252606
 0.00248533
   0.002497
 0.00251284
 0.00251228
 0.00249569
 0.00248642
 0.00252727
 0.00272413
 0.00334251
  0.0051634
  0.0111016
   0.033975
   0.131882
   0.451925
   0.840087
   0.974359
   0.996653
   0.999607
   0.999956
   0.999995
          1
          1
          1
          1
          1
          1
          1
          1
          1
          1
          1
          1
          1
          1
          1
          1
          1
          1
          1
          1
          1
          1
          1
          1
          1
          1
   0.999995
   0.999956
   0.999606
   0.996625
   0.974289
   0.840543
   0.451977
    0.13151
  0.0339129
   0.011081
 0.00515227
 0.00334243
 0.00272186
 0.00252686
 0.00248629
 0.00249711
  0.0025117
 0.00251237
  0.0024974
 0.00248437
 0.00252648
 0.00272482
 0.00334152
 0.00516166
  0.0110922
  0.0340154
   0.131534
   0.452596
   0.840369
    0.97429
   0.996645
   0.999604
   0.999956
   0.999995
          1
          1
          1
          1
          1
          1
          1
          1
          1
          1
          1
          1
          1
          1
          1
          1
          1
          1
          1
          1
          1
          1
          1
          1
          1
          1
   0.999996
   0.999962
   0.999657
    0.99711
    0.97804
    0.86112
    0.49523
   0.151841
  0.0394514
  0.0125925
 0.00566213
 0.00353567
 0.00280745
 0.00255875
 0.00249244
  0.0024888
 0.00249689
 0.00249805
 0.00248863
 0.00249217
 0.00255895
 0.00280787
 0.00353915
 0.00566339
  0.0126202
  0.0394353
   0.152168
   0.493834
   0.861248
   0.978035
   0.997133
    0.99966
   0.999962
   0.999996
          1
          1
          1
          1
          1
          1
          1
          1
          1
          1
          1
          1
          1
          1
          1
          1
          1
          1
          1
          1
          1
          1
          1
          1
          1
          1
   0.999997
   0.999972
   0.999749
   0.997878
   0.983901
   0.896394
   0.578573
   0.200636
  0.0533484
  0.0164729
 0.00691694
 0.00403612
 0.00302697
 0.00265874
 0.00252755
 0.00249388
 0.00248819
 0.00248776
  0.0024929
  0.0025277
  0.0026581
 0.00302752
 0.00403616
 0.00693033
  0.0164875
  0.0534314
   0.200282
   0.579573
   0.896482
    0.98402
     0.9979
   0.999749
   0.999971
   0.999997
          1
          1
          1
          1
          1
          1
          1
          1
          1
          1
          1
          1
          1
          1
          1
          1
          1
          1
          1
          1
          1
          1
          1
          1
          1
          1
   0.999998
   0.999981
   0.999838
   0.998663
   0.990015
   0.933798
   0.694306
   0.293971
  0.0839401
  0.0251315
 0.00974483
 0.00513463
 0.00352849
 0.00290685
 0.00265725
 0.00255989
 0.00252868
  0.0025291
 0.00255944
 0.00265682
 0.00290718
 0.00353066
 0.00513968
 0.00974767
  0.0251621
  0.0840609
   0.294567
   0.693627
   0.934175
   0.990024
   0.998683
   0.999839
   0.999981
   0.999998
          1
          1
          1
          1
          1
          1
          1
          1
          1
          1
          1
          1
          1
          1
          1
          1
          1
          1
          1
          1
          1
          1
          1
          1
          1
          1
   0.999999
   0.999989
   0.999911
   0.999275
   0.994657
   0.964475
   0.815712
   0.449782
   0.150897
  0.0455062
  0.0163104
 0.00768303
 0.00468789
 0.00352803
 0.00302337
 0.00280925
 0.00272418
  0.0027261
 0.00280692
 0.00302322
   0.003526
 0.00469765
 0.00766894
  0.0163385
  0.0455143
   0.151338
   0.449428
   0.816358
   0.964437
   0.994687
    0.99928
    0.99991
   0.999989
   0.999999
          1
          1
          1
          1
          1
          1
          1
          1
          1
          1
          1
          1
          1
          1
          1
          1
          1
          1
          1
          1
          1
          1
          1
          1
          1
          1
   0.999999
   0.999995
   0.999957
    0.99966
   0.997555
   0.983827
   0.910411
   0.656119
   0.292215
  0.0968229
  0.0334897
  0.0141898
 0.00765133
 0.00511214
  0.0040217
 0.00352669
 0.00333516
 0.00333303
 0.00352728
 0.00402198
  0.0051162
 0.00764525
  0.0142123
  0.0334784
  0.0970547
   0.292243
   0.656856
   0.909986
   0.983942
   0.997561
   0.999662
   0.999956
   0.999995
   0.999999
          1
          1
          1
          1
          1
          1
          1
          1
          1
          1
          1
          1
          1
          1
          1
          1
          1
          1
          1
          1
          1
          1
          1
          1
          1
          1
          1
   0.999998
   0.999982
   0.999863
   0.999026
   0.993716
   0.964243
   0.838603
   0.532763
   0.226385
  0.0826976
  0.0333411
  0.0161614
 0.00966779
 0.00685861
  0.0056162
 0.00511455
 0.00512221
 0.00561111
 0.00686463
 0.00964687
  0.0161953
  0.0332743
  0.0829164
   0.226596
    0.53401
   0.838341
   0.964622
   0.993731
    0.99903
   0.999862
   0.999982
   0.999998
          1
          1
          1
          1
          1
          1
          1
          1
          1
          1
          1
          1
          1
          1
          1
          1
          1
          1
          1
          1
          1
          1
          1
          1
          1
          1
          1
          1
   0.999999
   0.999993
    0.99995
   0.999665
   0.997887
   0.988126
   0.943054
   0.786582
   0.489665
   0.224786
  0.0955273
  0.0447567
   0.024696
  0.0161723
  0.0123817
  0.0109036
  0.0108935
  0.0123883
  0.0161761
  0.0247068
  0.0447657
  0.0956402
    0.22509
   0.489763
   0.787701
    0.94313
   0.988173
   0.997886
   0.999662
    0.99995
   0.999993
   0.999999
          1
          1
          1
          1
          1
          1
          1
          1
          1
          1
          1
          1
          1
          1
          1
          1
          1
          1
          1
          1
          1
          1
          1
          1
          1
          1
          1
          1
          1
   0.999998
   0.999984
   0.999895
   0.999381
   0.996608
   0.983705
    0.93326
   0.786274
   0.529091
   0.288287
   0.147879
  0.0822148
  0.0520097
  0.0385324
  0.0330627
  0.0331121
  0.0384054
  0.0521275
  0.0820887
   0.148344
   0.287842
   0.530289
   0.786784
   0.933506
    0.98381
   0.996653
   0.999382
   0.999896
   0.999984
   0.999998
          1
          1
          1
          1
          1
          1
          1
          1
          1
          1
          1
          1
          1
          1
          1
          1
          1
          1
          1
          1
          1
          1
          1
          1
          1
          1
          1
          1
          1
          1
   0.999999
   0.999996
   0.999972
   0.999838
   0.999158
   0.996075
   0.983661
   0.942432
    0.83607
   0.649738
   0.442974
   0.287481
   0.195942
   0.147664
   0.128052
   0.127624
   0.148066
   0.195521
   0.288125
    0.44273
   0.651419
    0.83602
   0.942716
   0.983778
   0.996089
   0.999154
   0.999839
   0.999972
   0.999996
   0.999999
          1
          1
          1
          1
          1
          1
          1
          1
          1
          1
          1
          1
          1
          1
          1
          1
          1
          1
          1
          1
          1
          1
          1
          1
          1
          1
          1
          1
          1
          1
          1
   0.999999
   0.999993
   0.999963
   0.999811
   0.999158
   0.996621
   0.988032
   0.963722
   0.908172
    0.81099
   0.687013
   0.568403
   0.484783
   0.441682
   0.441966
   0.483878
   0.569612
   0.686303
   0.811552
   0.907729
   0.963977
   0.988071
   0.996662
   0.999153
   0.999816
   0.999963
   0.999993
   0.999999
          1
          1
          1
          1
          1
          1
          1
          1
          1
          1
          1
          1
          1
          1
          1
          1
          1
          1
          1
          1
          1
          1
          1
          1
          1
          1
          1
          1
          1
          1
          1
          1
          1
   0.999999
   0.999992
   0.999963
   0.999839
    0.99938
   0.997874
   0.993605
   0.983493
   0.963371
   0.931966
   0.893091
   0.856479
   0.834942
   0.834647
   0.856815
   0.892986
   0.932199
   0.963374
   0.983602
   0.993606
   0.997892
    0.99938
   0.999842
   0.999963
   0.999992
   0.999999
          1
          1
          1
          1
          1
          1
          1
          1
          1
          1
          1
          1
          1
          1
          1
          1
          1
          1
          1
          1
          1
          1
          1
          1
          1
          1
          1
          1
          1
          1
          1
          1
          1
          1
          1
   0.999999
   0.999993
   0.999972
   0.999896
   0.999658
   0.999015
   0.997452
   0.994477
   0.989552
   0.983254
   0.976972
   0.973113
   0.972977
    0.97702
   0.983254
   0.989559
   0.994472
   0.997467
   0.999014
   0.999656
   0.999897
   0.999973
   0.999993
   0.999999
          1
          1
          1
          1
          1
          1
          1
          1
          1
          1
          1
          1
          1
          1
          1
          1
          1
          1
          1
          1
          1
          1
          1
          1
          1
          1
          1
          1
          1
          1
          1
          1
          1
          1
          1
          1
          1
   0.999999
   0.999996
   0.999984
   0.999949
   0.999858
   0.999653
   0.999248
   0.998632
   0.997805
   0.997024
   0.996513
   0.996507
   0.997011
   0.997815
   0.998627
   0.999251
   0.999654
   0.999858
    0.99995
   0.999984
   0.999996
   0.999999
          1
          1
          1
          1
          1
          1
          1
          1
          1
          1
          1
          1
          1
          1
          1
          1
          1
          1
          1
          1
          1
          1
          1
          1
          1
          1
          1
          1
          1
          1
          1
          1
          1
          1
          1
          1
          1
          1
          1
   0.999999
   0.999998
   0.999993
   0.999981
   0.999954
   0.999906
    0.99983
   0.999735
   0.999643
   0.999585
   0.999584
   0.999641
   0.999736
   0.999829
   0.999906
   0.999954
   0.999981
   0.999993
   0.999998
   0.999999
          1
          1
          1
          1
          1
          1
          1
          1
          1
          1
          1
          1
          1
          1
          1
          1
          1
          1
          1
          1
          1
          1
          1
          1
          1
          1
          1
          1
          1
          1
          1
          1
          1
          1
          1
          1
          1
          1
          1
          1
          1
          1
   0.999999
   0.999998
   0.999995
   0.999989
   0.999981
    0.99997
    0.99996
   0.999954
   0.999954
    0.99996
    0.99997
   0.999981
   0.999989
   0.999995
   0.999998
   0.999999
          1
          1
          1
          1
          1
          1
          1
          1
          1
          1
          1
          1
          1
          1
          1
          1
          1
          1
          1
          1
          1
          1
          1
          1
          1
          1
          1
          1
          1
          1
          1
          1
          1
          1
          1
          1
          1
          1
          1
          1
          1
          1
          1
          1
          1
          1
   0.999999
   0.999999
   0.999998
   0.999997
   0.999996
   0.999995
   0.999995
   0.999996
   0.999997
   0.999998
   0.999999
   0.999999
          1
          1
          1
          1
          1
          1
          1
          1
          1
          1
          1
          1
          1
          1
          1
          1
          1
          1
          1
          1
          1
          1
          1
          1
          1
          1
          1
          1
          1
          1
          1
          1
          1
          1
          1
          1
          1
          1
          1
          1
          1
          1
          1
          1
          1
          1
          1
          1
          1
          1
          1
          1
          1
          1
          1
          1
          1
          1
          1
          1
          1
          1
          1
          1
          1
          1
          1
          1
          1
          1
          1
          1
          1
          1
          1
          1
          1
          1
          1
          1
          1
          1
          1
          1
          1
          1
          1
          1
          1
          1
          1
          1
          1
          1
          1
          1
          1
          1
          1
          1
          1
          1
          1
          1
          1
          1
          1
          1
          1
          1
          1
          1
          1
          1
          1
          1
          1
          1
          1
          1
          1
          1
          1
          1
          1
          1
          1
          1
          1
          1
          1
          1
          1
          1
          1
          1
          1
          1
          1
          1
          1
          1
          1
          1
          1
          1
          1
          1
          1
          1
          1
          1
          1
          1
          1
          1
          1
          1
          1
          1
          1
          1
          1
          1
          1
          1
          1
          1
          1
          1
          1
          1
          1
          1
          1
          1
          1
          1
          1
          1
          1
          1
          1
          1
          1
          1
          1
          1
          1
          1
          1
          1
          1
          1
          1
          1
          1
          1
          1
          1
          1
          1
          1
          1
          1
          1
          1
          1
          1
          1
          1
          1
          1
          1
          1
          1
          1
          1
          1
          1
          1
          1
          1
          1
          1
          1
          1
          1
          1
          1
          1
          1
          1
          1
          1
          1
          1
          1
          1
          1
          1
          1
          1
          1
          1
          1
          1
          1
          1
          1
          1
          1
          1
          1
          1
          1
          1
          1
          1
          1
          1
          1
          1
          1
          1
          1
          1
          1
          1
          1
          1
          1
          1
          1
          1
          1
          1
          1
          1
          1
          1
          1
          1
          1
          1
          1
          1
          1
          1
          1
          1
          1
          1
          1
          1
          1
          1
          1
          1
          1
          1
          1
          1
          1
          1
          1
          1
          1
          1
          1
          1
          1
          1
          1
          1
          1
          1
          1
          1
          1
          1
          1
          1
          1
          1
          1
          1
          1
          1
          1
          1
          1
          1
          1
          1
          1
          1
          1
          1
          1
          1
          1
          1
          1
          1
          1
          1
          1
          1
          1
          1
          1
          1
          1
          1
          1
          1
          1
          1
          1
          1
          1
          1
          1
          1
          1
          1
          1
          1
          1
          1
          1
          1
          1
          1
          1
          1
          1
          1
          1
          1
          1
          1
          1
          1
          1
          1
          1
          1
          1
          1
          1
          1
          1
          1
          1
          1
          1
          1
          1
          1
          1
          1
          1
          1
          1
          1
          1
          1
          1
          1
          1
          1
          1
          1
          1
          1
          1
          1
          1
          1
          1
          1
          1
          1
          1
          1
          1
          1
          1
          1
          1
          1
          1
          1
          1
          1
          1
          1
          1
          1
          1
          1
          1
          1
          1
          1
          1
          1
          1
          1
          1
          1
          1
          1
          1
          1
          1
          1
          1
          1
          1
          1
          1
          1
          1
          1
          1
          1
          1
          1
          1
          1
          1
          1
          1
          1
          1
          1
          1
          1
          1
          1
          1
          1
          1
          1
          1
          1
          1
          1
          1
          1
          1
          1
          1
          1
          1
          1
          1
          1
          1
          1
          1
          1
          1
          1
          1
          1
          1
          1
          1
          1
          1
          1
          1
          1
          1
          1
          1
          1
          1
          1
          1
          1
          1
          1
          1
          1
          1
          1
          1
          1
          1
          1
          1
          1
          1
          1
          1
          1
          1
          1
          1
          1
          1
          1
          1
          1
          1
          1
          1
          1
          1
          1
          1
          1
          1
          1
          1
          1
          1
          1
          1
          1
          1
          1
          1
          1
          1
          1
          1
          1
          1
          1
          1
          1
          1
          1
          1
          1
          1
          1
          1
          1
          1
          1
          1
          1
          1
          1
          1
          1
          1
          1
          1
          1
          1
          1
          1
          1
          1
          1
          1
          1
          1
          1
          1
          1
          1
          1
          1
          1
          1
          1
          1
          1
          1
          1
          1
          1
          1
          1
          1
          1
          1
          1
          1
          1
          1
          1
          1
          1
          1
          1
          1
          1
          1
          1
          1
          1
          1
          1
          1
          1
          1
          1
          1
          1
          1
          1
          1
          1
          1
          1
          1
          1
          1
          1
          1
          1
          1
          1
          1
          1
          1
          1
          1
          1
          1
          1
          1
          1
          1
          1
          1
          1
          1
          1
          1
          1
          1
          1
          1
          1
          1
          1
          1
          1
          1
          1
          1
          1
          1
          1
          1
          1
          1
          1
          1
          1
          1
          1
          1
          1
          1
          1
          1
          1
          1
          1
          1
          1
          1
          1
          1
          1
          1
          1
          1
          1
          1
          1
          1
          1
          1
          1
          1
          1
          1
          1
          1
          1
          1
          1
          1
          1
          1
          1
          1
          1
          1
          1
          1
          1
          1
          1
          1
          1
          1
          1
          1
          1
          1
          1
          1
          1
          1
          1
          1
          1
          1
          1
          1
          1
          1
          1
          1
          1
          1
          1
          1
          1
          1
          1
          1
          1
          1
          1
          1
          1
          1
          1
          1
          1
          1
          1
          1
          1
          1
          1
          1
          1
          1
          1
          1
          1
          1
          1
          1
          1
          1
          1
          1
          1
          1
          1
          1
          1
          1
          1
          1
          1
          1
          1
          1
          1
          1
          1
          1
          1
          1
          1
          1
          1
          1
          1
          1
          1
          1
          1
          1
          1
          1
          1
          1
          1
          1
          1
          1
          1
          1
          1
          1
          1
          1
          1
          1
          1
          1
          1
          1
          1
          1
          1
          1
          1
          1
          1
          1
          1
          1
          1
          1
          1
          1
          1
          1
          1
          1
          1
          1
          1
          1
          1
          1
          1
          1
          1
          1
          1
          1
          1
          1
          1
          1
          1
          1
          1
          1
          1
          1
          1
          1
          1
          1
          1
          1
          1
          1
          1
          1
          1
          1
          1
          1
          1
          1
          1
          1
          1
          1
          1
          1
          1
          1
          1
          1
          1
          1
          1
          1
          1
          1
          1
          1
          1
          1
          1
          1
          1
          1
          1
          1
          1
          1
          1
          1
          1
          1
          1
          1
          1
          1
          1
          1
          1
          1
          1
          1
          1
          1
          1
          1
          1
          1
          1
          1
          1
          1
          1
          1
          1
          1
          1
          1
          1
          1
          1
          1
          1
          1
          1
          1
          1
          1
          1
          1
          1
          1
          1
          1
          1
          1
          1
          1
          1
          1
          1
          1
          1
          1
          1
          1
          1
          1
          1
          1
          1
          1
          1
          1
          1
          1
          1
          1
          1
          1
          1
          1
          1
          1
          1
          1
          1
          1
          1
          1
          1
          1
          1
          1
          1
          1
          1
          1
          1
          1
          1
          1
          1
          1
          1
          1
          1
          1
          1
          1
          1
          1
          1
          1
          1
          1
          1
          1
          1
          1
          1
          1
          1
          1
          1
          1
          1
          1
          1
          1
          1
          1
          1
          1
          1
          1
          1
          1
          1
          1
          1
          1
          1
          1
          1
          1
          1
          1
          1
          1
          1
          1
          1
          1
          1
          1
          1
          1
          1
          1
          1
          1
          1
          1
          1
          1
          1
          1
          1
          1
          1
          1
          1
          1
          1
          1
          1
          1
          1
          1
          1
          1
          1
          1
          1
          1
          1
          1
          1
          1
          1
          1
          1
          1
          1
          1
          1
          1
          1
          1
          1
          1
          1
          1
          1
          1
          1
          1
          1
          1
          1
          1
          1
          1
          1
          1
          1
          1
          1
          1
          1
          1
          1
          1
          1
          1
          1
          1
          1
          1
          1
          1
          1
          1
          1
          1
          1
          1
          1
          1
          1
          1
          1
          1
          1
          1
          1
          1
          1
          1
          1
          1
          1
          1
          1
          1
          1
          1
          1
          1
          1
          1
          1
          1
          1
          1
          1
          1
          1
          1
          1
          1
          1
          1
          1
          1
          1
          1
          1
          1
          1
          1
          1
          1
          1
          1
          1
          1
          1
          1
          1
          1
          1
          1
          1
          1
          1
          1
          1
          1
          1
          1
          1
          1
          1
          1
          1
          1
          1
          1
          1
          1
          1
          1
          1
          1
          1
          1
          1
          1
          1
          1
          1
          1
          1
          1
          1
          1
          1
          1
          1
          1
          1
          1
          1
          1
          1
          1
          1
          1
          1
          1
          1
          1
          1
          1
          1
          1
          1
          1
          1
          1
          1
          1
          1
          1
          1
          1
          1
          1
          1
          1
          1
          1
          1
          1
          1
          1
          1
          1
          1
          1
          1
          1
          1
          1
          1
          1
          1
          1
          1
          1
          1
          1
          1
          1
          1
          1
          1
          1
          1
          1
          1
          1
          1
          1
          1
          1
          1
          1
          1
          1
          1
          1
          1
          1
          1
          1
          1
          1
          1
          1
          1
          1
          1
          1
          1
          1
          1
          1
          1
          1
          1
          1
          1
          1
          1
          1
          1
          1
          1
          1
          1
          1
          1
          1
          1
          1
          1
          1
          1
          1
          1
          1
          1
          1
          1
          1
          1
          1
          1
          1
          1
          1
          1
          1
          1
          1
          1
          1
          1
          1
          1
          1
          1
          1
          1
          1
          1
          1
          1
          1
          1
          1
          1
          1
          1
          1
          1
          1
          1
          1
          1
          1
          1
          1
          1
          1
          1
          1
          1
          1
          1
          1
          1
          1
          1
          1
          1
          1
          1
          1
          1
          1
          1
          1
          1
          1
          1
          1
          1
          1
          1
          1
          1
          1
          1
          1
          1
          1
          1
          1
          1
          1
          1
          1
          1
          1
          1
          1
          1
          1
          1
          1
          1
          1
          1
          1
          1
          1
          1
          1
          1
          1
          1
          1
          1
          1
          1
          1
          1
          1
          1
          1
          1
          1
          1
          1
          1
          1
          1
          1
          1
          1
          1
          1
          1
          1
          1
          1
          1
          1
          1
          1
          1
          1
          1
          1
          1
          1
          1
          1
          1
          1
          1
          1
          1
          1
          1
          1
          1
          1
          1
          1
          1
          1
          1
          1
          1
          1
          1
          1
          1
          1
          1
          1
          1
          1
          1
          1
          1
          1
          1
          1
          1
          1
          1
          1
          1
          1
   0.999999
   0.999999
   0.999998
   0.999997
   0.999996
   0.999995
   0.999995
   0.999996
   0.999997
   0.999998
   0.999999
   0.999999
          1
          1
          1
          1
          1
          1
          1
          1
          1
          1
          1
          1
          1
          1
          1
          1
          1
          1
          1
          1
          1
          1
          1
          1
          1
          1
          1
          1
          1
          1
          1
          1
          1
          1
          1
          1
          1
          1
          1
          1
          1
          1
          1
          1
          1
          1
   0.999999
   0.999997
   0.999994
   0.999988
   0.999979
   0.999967
   0.999956
    0.99995
   0.999949
   0.999957
   0.999967
   0.999979
   0.999988
   0.999994
   0.999997
   0.999999
          1
          1
          1
          1
          1
          1
          1
          1
          1
          1
          1
          1
          1
          1
          1
          1
          1
          1
          1
          1
          1
          1
          1
          1
          1
          1
          1
          1
          1
          1
          1
          1
          1
          1
          1
          1
          1
          1
          1
          1
          1
          1
   0.999999
   0.999997
   0.999992
   0.999976
   0.999945
   0.999886
   0.999792
    0.99967
    0.99956
   0.999483
   0.999488
   0.999556
   0.999674
    0.99979
   0.999887
   0.999944
   0.999977
   0.999991
   0.999997
   0.999999
          1
          1
          1
          1
          1
          1
          1
          1
          1
          1
          1
          1
          1
          1
          1
          1
          1
          1
          1
          1
          1
          1
          1
          1
          1
          1
          1
          1
          1
          1
          1
          1
          1
          1
          1
          1
          1
          1
          1
   0.999998
   0.999994
   0.999978
   0.999929
   0.999801
   0.999506
   0.998947
   0.998042
   0.996889
   0.995717
   0.995021
   0.994979
   0.995748
   0.996873
    0.99806
   0.998941
   0.999512
     0.9998
    0.99993
   0.999977
   0.999994
   0.999998
          1
          1
          1
          1
          1
          1
          1
          1
          1
          1
          1
          1
          1
          1
          1
          1
          1
          1
          1
          1
          1
          1
          1
          1
          1
          1
          1
          1
          1
          1
          1
          1
          1
          1
          1
          1
          1
   0.999998
   0.999989
   0.999955
   0.999832
   0.999442
   0.998373
   0.995878
   0.990967
   0.982963
   0.972477
   0.962492
   0.955996
   0.956032
   0.962328
   0.972689
   0.982961
   0.991002
   0.995882
   0.998381
   0.999447
   0.999835
   0.999955
   0.999989
   0.999998
          1
          1
          1
          1
          1
          1
          1
          1
          1
          1
          1
          1
          1
          1
          1
          1
          1
          1
          1
          1
          1
          1
          1
          1
          1
          1
          1
          1
          1
          1
          1
          1
          1
          1
          1
   0.999997
   0.999986
   0.999933
   0.999704
   0.998835
   0.995965
   0.987888
   0.968857
   0.932011
   0.876286
   0.811066
   0.754696
   0.722369
   0.722213
    0.75416
   0.810867
   0.875947
   0.931984
   0.968867
   0.987906
   0.995962
    0.99883
   0.999707
   0.999931
   0.999986
   0.999997
          1
          1
          1
          1
          1
          1
          1
          1
          1
          1
          1
          1
          1
          1
          1
          1
          1
          1
          1
          1
          1
          1
          1
          1
          1
          1
          1
          1
          1
          1
          1
          1
          1
   0.999998
   0.999986
   0.999923
   0.999606
   0.998186
   0.992551
   0.973603
   0.922221
   0.813543
   0.654483
   0.490591
   0.368203
   0.293445
   0.260496
   0.259923
   0.293777
   0.367852
    0.49066
   0.653464
   0.814397
   0.922395
   0.973822
   0.992572
   0.998183
   0.999608
   0.999922
   0.999986
   0.999998
          1
          1
          1
          1
          1
          1
          1
          1
          1
          1
          1
          1
          1
          1
          1
          1
          1
          1
          1
          1
          1
          1
          1
          1
          1
          1
          1
          1
          1
          1
          1
   0.999999
    0.99999
   0.999933
   0.999604
   0.997891
   0.989893
   0.958442
   0.861031
   0.656987
   0.411172
   0.230668
   0.133922
  0.0864209
  0.0645446
  0.0555746
  0.0556236
   0.064369
  0.0864848
   0.133636
   0.230926
   0.410439
   0.657139
   0.861463
   0.958306
   0.989918
   0.997888
    0.99961
   0.999932
    0.99999
   0.999999
          1
          1
          1
          1
          1
          1
          1
          1
          1
          1
          1
          1
          1
          1
          1
          1
          1
          1
          1
          1
          1
          1
          1
          1
          1
          1
          1
          1
          1
   0.999999
   0.999994
   0.999956
   0.999707
   0.998195
   0.989973
   0.951716
   0.817039
   0.537503
    0.26379
    0.11615
  0.0558333
  0.0311426
  0.0207109
  0.0159753
  0.0141712
  0.0141292
  0.0160113
   0.020674
  0.0311908
  0.0556426
   0.116589
   0.263313
   0.537822
   0.817532
   0.951629
   0.989953
   0.998184
   0.999709
   0.999956
   0.999994
   0.999999
          1
          1
          1
          1
          1
          1
          1
          1
          1
          1
          1
          1
          1
          1
          1
          1
          1
          1
          1
          1
          1
          1
          1
          1
          1
          1
          1
          1
   0.999997
   0.999979
   0.999838
   0.998846
   0.992622
   0.958746
   0.817127
    0.49758
   0.203849
  0.0751365
  0.0313482
  0.0159794
  0.0100712
 0.00751113
  0.0063748
 0.00591753
  0.0059201
 0.00636682
 0.00751311
  0.0100574
  0.0159705
   0.031266
  0.0751439
   0.204111
   0.495954
   0.817686
   0.958731
   0.992666
   0.998857
   0.999838
   0.999979
   0.999997
          1
          1
          1
          1
          1
          1
          1
          1
          1
          1
          1
          1
          1
          1
          1
          1
          1
          1
          1
          1
          1
          1
          1
          1
          1
          1
          1
   0.999999
   0.999992
   0.999934
   0.999464
   0.996065
   0.974218
   0.862516
   0.540651
   0.204829
  0.0650434
  0.0238107
  0.0112005
 0.00689059
 0.00517545
 0.00446617
 0.00415406
 0.00404538
 0.00403873
 0.00415746
 0.00446386
 0.00518306
 0.00687909
  0.0112171
   0.023759
  0.0650408
   0.204914
   0.539616
   0.862393
   0.974264
   0.996062
   0.999469
   0.999934
   0.999992
   0.999999
          1
          1
          1
          1
          1
          1
          1
          1
          1
          1
          1
          1
          1
          1
          1
          1
          1
          1
          1
          1
          1
          1
          1
          1
          1
          1
   0.999998
   0.999979
   0.999814
   0.998468
   0.988236
   0.924283
   0.661691
   0.266014
  0.0758514
  0.0238549
   0.010089
 0.00590934
  0.0044538
 0.00394106
 0.00377157
 0.00374022
 0.00374239
 0.00374294
 0.00373839
 0.00377269
  0.0039354
 0.00445673
 0.00589835
  0.0100889
  0.0238317
  0.0759144
   0.265826
   0.661807
   0.924269
   0.988353
   0.998446
   0.999817
   0.999979
   0.999998
          1
          1
          1
          1
          1
          1
          1
          1
          1
          1
          1
          1
          1
          1
          1
          1
          1
          1
          1
          1
          1
          1
          1
          1
          1
   0.999999
   0.999995
   0.999949
   0.999546
   0.996085
   0.970019
   0.819194
   0.417401
   0.118395
  0.0317388
  0.0112781
 0.00592363
 0.00428309
 0.00381015
 0.00372885
 0.00380292
 0.00389444
 0.00396011
  0.0039576
 0.00389738
 0.00380157
 0.00373086
 0.00380287
 0.00428884
 0.00591197
  0.0112938
  0.0316565
   0.118369
   0.415811
   0.818843
   0.970019
   0.996104
   0.999545
    0.99995
   0.999995
   0.999999
          1
          1
          1
          1
          1
          1
          1
          1
          1
          1
          1
          1
          1
          1
          1
          1
          1
          1
          1
          1
          1
          1
          1
          1
   0.999999
   0.999989
   0.999896
    0.99902
    0.99148
   0.934345
   0.663089
   0.235605
  0.0568333
  0.0161928
 0.00692341
  0.0044603
 0.00380646
 0.00373954
 0.00388856
 0.00409074
 0.00426624
 0.00436215
 0.00436365
 0.00426522
 0.00408928
 0.00388697
 0.00374022
 0.00380066
 0.00446202
 0.00691819
  0.0161976
  0.0567764
   0.235847
   0.662457
   0.934696
   0.991441
   0.999031
   0.999895
   0.999989
   0.999999
          1
          1
          1
          1
          1
          1
          1
          1
          1
          1
          1
          1
          1
          1
          1
          1
          1
          1
          1
          1
          1
          1
          1
          1
   0.999998
   0.999981
    0.99981
    0.99819
   0.983946
   0.881025
   0.501719
   0.137288
  0.0318822
  0.0101823
 0.00520131
 0.00394415
 0.00372884
 0.00388796
 0.00416621
 0.00446086
 0.00468941
 0.00481728
 0.00481509
  0.0046887
 0.00446148
   0.004167
 0.00388545
 0.00372968
 0.00393867
 0.00520028
  0.0101792
   0.031852
   0.136986
   0.500816
   0.880961
   0.983936
   0.998203
   0.999811
    0.99998
   0.999998
          1
          1
          1
          1
          1
          1
          1
          1
          1
          1
          1
          1
          1
          1
          1
          1
          1
          1
          1
          1
          1
          1
          1
          1
   0.999997
    0.99997
   0.999704
   0.997118
   0.974258
   0.818759
   0.378794
  0.0889334
  0.0211356
 0.00758195
 0.00447409
 0.00376848
 0.00379596
 0.00408659
 0.00445664
  0.0048077
 0.00508176
 0.00523064
 0.00522858
 0.00508053
 0.00480821
 0.00445522
 0.00408445
 0.00379432
 0.00376905
 0.00447182
 0.00758504
  0.0210973
  0.0890958
    0.37784
   0.818849
   0.974155
   0.997122
   0.999704
    0.99997
   0.999997
          1
          1
          1
          1
          1
          1
          1
          1
          1
          1
          1
          1
          1
          1
          1
          1
          1
          1
          1
          1
          1
          1
          1
          1
   0.999996
    0.99996
     0.9996
    0.99603
   0.964835
   0.764289
   0.303862
  0.0665639
  0.0163351
 0.00642138
 0.00415657
 0.00373563
 0.00388631
 0.00425834
 0.00468215
 0.00508002
 0.00537783
  0.0055421
 0.00554333
 0.00537808
 0.00507861
 0.00468178
 0.00425623
 0.00388697
 0.00373166
 0.00415571
 0.00641249
  0.0163324
   0.066291
    0.30328
   0.764105
   0.964622
   0.996061
   0.999598
    0.99996
   0.999996
          1
          1
          1
          1
          1
          1
          1
          1
          1
          1
          1
          1
          1
          1
          1
          1
          1
          1
          1
          1
          1
          1
          1
          1
   0.999996
   0.999954
   0.999534
   0.995398
   0.958843
   0.733611
   0.270114
  0.0573902
  0.0144654
 0.00595395
 0.00404027
 0.00373041
 0.00394742
 0.00435071
 0.00480432
 0.00522372
 0.00553879
 0.00570906
   0.005708
 0.00553995
 0.00522066
 0.00480342
 0.00435028
 0.00394453
 0.00373067
 0.00403634
 0.00595935
  0.0144326
  0.0574384
   0.269607
   0.733362
   0.958611
   0.995395
   0.999533
   0.999954
   0.999996
          1
          1
          1
          1
          1
          1
          1
          1
          1
          1
          1
          1
          1
          1
          1
          1
          1
          1
          1
          1
          1
          1
          1
          1
   0.999996
   0.999954
   0.999536
   0.995359
   0.959032
   0.733453
   0.270111
  0.0575016
  0.0144563
 0.00596435
 0.00403793
 0.00373443
 0.00394416
 0.00435387
 0.00480395
 0.00522262
  0.0055395
 0.00570981
 0.00570915
  0.0055373
 0.00522488
 0.00480402
 0.00434905
 0.00394499
 0.00373147
 0.00403708
   0.005952
  0.0144514
  0.0573251
    0.26943
   0.733296
   0.958779
   0.995392
   0.999535
   0.999953
   0.999996
          1
          1
          1
          1
          1
          1
          1
          1
          1
          1
          1
          1
          1
          1
          1
          1
          1
          1
          1
          1
          1
          1
          1
          1
   0.999996
    0.99996
   0.999598
   0.996062
   0.964799
    0.76463
   0.304114
  0.0664222
  0.0163435
 0.00641493
 0.00415865
 0.00373036
 0.00388705
 0.00425524
 0.00468105
 0.00507712
 0.00537676
 0.00554227
 0.00554006
 0.00537687
 0.00507498
 0.00468162
   0.004254
 0.00388444
 0.00372998
 0.00415342
 0.00641794
  0.0163132
  0.0665366
   0.303496
   0.764099
   0.964534
   0.996062
   0.999598
    0.99996
   0.999996
          1
          1
          1
          1
          1
          1
          1
          1
          1
          1
          1
          1
          1
          1
          1
          1
          1
          1
          1
          1
          1
          1
          1
          1
   0.999997
    0.99997
   0.999705
   0.997093
   0.974334
   0.819438
   0.378675
  0.0891756
  0.0211225
 0.00758858
 0.00447212
 0.00377341
 0.00379471
 0.00408572
 0.00445343
 0.00480966
 0.00507972
 0.00522844
 0.00522955
 0.00507988
 0.00480844
 0.00445341
 0.00408484
 0.00379444
 0.00376847
 0.00446894
 0.00757871
  0.0211232
  0.0887693
   0.377921
   0.818494
   0.974191
   0.997113
   0.999704
    0.99997
   0.999997
          1
          1
          1
          1
          1
          1
          1
          1
          1
          1
          1
          1
          1
          1
          1
          1
          1
          1
          1
          1
          1
          1
          1
          1
   0.999998
    0.99998
   0.999811
   0.998197
   0.983956
   0.881088
   0.502042
   0.137416
  0.0318864
  0.0101851
 0.00520508
 0.00393816
 0.00372786
 0.00388598
 0.00416622
 0.00445713
 0.00468834
 0.00481385
 0.00481221
 0.00468849
 0.00445595
 0.00416575
 0.00388397
 0.00372588
 0.00393724
 0.00520215
  0.0101722
  0.0318019
    0.13736
   0.500708
   0.881073
   0.983815
   0.998197
   0.999811
    0.99998
   0.999998
          1
          1
          1
          1
          1
          1
          1
          1
          1
          1
          1
          1
          1
          1
          1
          1
          1
          1
          1
          1
          1
          1
          1
          1
   0.999999
   0.999989
   0.999896
   0.999018
   0.991502
   0.934808
   0.662925
   0.236409
  0.0569643
   0.016227
 0.00692437
  0.0044674
 0.00380211
  0.0037427
 0.00388507
 0.00409128
  0.0042626
 0.00436357
 0.00436041
 0.00426267
 0.00409034
 0.00388619
 0.00373767
 0.00380531
 0.00445898
 0.00692065
  0.0161783
  0.0568806
   0.234918
    0.66284
   0.934437
    0.99145
    0.99903
   0.999896
   0.999989
   0.999999
          1
          1
          1
          1
          1
          1
          1
          1
          1
          1
          1
          1
          1
          1
          1
          1
          1
          1
          1
          1
          1
          1
          1
          1
   0.999999
   0.999995
    0.99995
   0.999545
   0.996104
   0.970101
   0.819679
   0.417229
   0.118481
  0.0317439
  0.0112901
 0.00591307
  0.0042889
 0.00380415
 0.00373286
 0.00380022
 0.00389688
 0.00395737
 0.00395822
 0.00389521
 0.00379922
 0.00373035
 0.00380532
 0.00428289
 0.00591771
  0.0112741
   0.031719
   0.118033
   0.417409
   0.818841
   0.970009
   0.996082
   0.999547
    0.99995
   0.999995
   0.999999
          1
          1
          1
          1
          1
          1
          1
          1
          1
          1
          1
          1
          1
          1
          1
          1
          1
          1
          1
          1
          1
          1
          1
          1
          1
   0.999998
   0.999979
   0.999814
   0.998453
    0.98834
   0.924341
    0.66302
   0.266751
  0.0759897
  0.0238857
  0.0101103
 0.00590196
 0.00446538
 0.00393457
 0.00377596
 0.00373905
 0.00374491
 0.00374121
 0.00373989
 0.00377315
 0.00394042
 0.00445399
 0.00590896
  0.0100977
  0.0238746
  0.0757207
   0.266789
   0.660692
   0.924263
   0.988309
    0.99845
   0.999817
   0.999979
   0.999998
          1
          1
          1
          1
          1
          1
          1
          1
          1
          1
          1
          1
          1
          1
          1
          1
          1
          1
          1
          1
          1
          1
          1
          1
          1
          1
   0.999999
   0.999992
   0.999934
   0.999469
   0.996062
   0.974298
   0.862876
    0.54025
   0.205372
  0.0650309
  0.0237914
   0.011235
 0.00688194
 0.00518609
 0.00446356
 0.00416063
 0.00404228
  0.0040432
  0.0041538
 0.00446453
  0.0051788
 0.00688266
  0.0112123
  0.0237618
   0.064994
   0.204872
    0.53959
   0.862196
   0.974346
   0.996073
   0.999469
   0.999934
   0.999992
   0.999999
          1
          1
          1
          1
          1
          1
          1
          1
          1
          1
          1
          1
          1
          1
          1
          1
          1
          1
          1
          1
          1
          1
          1
          1
          1
          1
          1
   0.999997
   0.999979
   0.999838
   0.998862
   0.992637
   0.958958
   0.818317
    0.49732
   0.204453
  0.0753651
   0.031294
  0.0160185
  0.0100483
 0.00752087
  0.0063654
 0.00592514
 0.00591305
 0.00636989
  0.0075102
  0.0100659
  0.0159646
  0.0313464
  0.0751193
    0.20437
   0.496549
   0.817351
   0.958639
   0.992641
   0.998859
   0.999837
   0.999979
   0.999997
          1
          1
          1
          1
          1
          1
          1
          1
          1
          1
          1
          1
          1
          1
          1
          1
          1
          1
          1
          1
          1
          1
          1
          1
          1
          1
          1
          1
   0.999999
   0.999994
   0.999956
   0.999707
   0.998195
   0.989941
   0.951648
   0.817704
   0.538537
   0.263389
   0.116823
  0.0557695
  0.0313084
  0.0206761
  0.0160586
  0.0141518
  0.0141787
  0.0159806
  0.0207117
  0.0311623
  0.0558399
   0.116085
   0.263963
   0.537161
   0.816928
   0.951577
   0.989932
   0.998195
   0.999705
   0.999956
   0.999994
   0.999999
          1
          1
          1
          1
          1
          1
          1
          1
          1
          1
          1
          1
          1
          1
          1
          1
          1
          1
          1
          1
          1
          1
          1
          1
          1
          1
          1
          1
          1
   0.999999
    0.99999
   0.999933
   0.999608
   0.997909
   0.989957
   0.958518
    0.86149
   0.658091
   0.410599
   0.231314
   0.133567
  0.0867232
  0.0643827
  0.0556655
  0.0555684
  0.0645379
  0.0864435
   0.133727
    0.23051
   0.411418
   0.657151
   0.860992
   0.958318
   0.989972
   0.997877
   0.999606
   0.999933
    0.99999
   0.999998
          1
          1
          1
          1
          1
          1
          1
          1
          1
          1
          1
          1
          1
          1
          1
          1
          1
          1
          1
          1
          1
          1
          1
          1
          1
          1
          1
          1
          1
          1
          1
   0.999998
   0.999986
   0.999922
   0.999606
   0.998183
     0.9926
   0.973773
   0.922372
    0.81455
   0.654324
   0.491783
   0.367701
   0.294378
    0.26033
    0.26044
   0.293569
   0.368064
   0.490693
   0.654384
   0.813441
   0.922246
   0.973669
   0.992604
   0.998176
   0.999607
   0.999922
   0.999986
   0.999998
          1
          1
          1
          1
          1
          1
          1
          1
          1
          1
          1
          1
          1
          1
          1
          1
          1
          1
          1
          1
          1
          1
          1
          1
          1
          1
          1
          1
          1
          1
          1
          1
          1
   0.999997
   0.999986
   0.999932
   0.999707
   0.998828
   0.995973
   0.987821
    0.96897
   0.931935
   0.875935
   0.811032
   0.754534
   0.722156
   0.722504
   0.754227
   0.811335
   0.876099
   0.931866
   0.968924
     0.9879
   0.995988
   0.998836
   0.999705
   0.999933
   0.999986
   0.999997
          1
          1
          1
          1
          1
          1
          1
          1
          1
          1
          1
          1
          1
          1
          1
          1
          1
          1
          1
          1
          1
          1
          1
          1
          1
          1
          1
          1
          1
          1
          1
          1
          1
          1
          1
   0.999998
   0.999989
   0.999955
   0.999834
   0.999444
   0.998388
   0.995866
   0.991042
   0.982959
   0.972698
   0.962392
   0.956144
   0.955969
   0.962499
    0.97255
   0.982977
   0.990999
   0.995882
   0.998393
   0.999444
   0.999833
   0.999956
   0.999989
   0.999998
          1
          1
          1
          1
          1
          1
          1
          1
          1
          1
          1
          1
          1
          1
          1
          1
          1
          1
          1
          1
          1
          1
          1
          1
          1
          1
          1
          1
          1
          1
          1
          1
          1
          1
          1
          1
          1
   0.999998
   0.999994
   0.999977
   0.999929
   0.999799
   0.999511
   0.998947
    0.99806
   0.996889
   0.995758
    0.99502
   0.995021
   0.995749
   0.996892
   0.998063
    0.99895
   0.999515
   0.999801
    0.99993
   0.999978
   0.999994
   0.999998
          1
          1
          1
          1
          1
          1
          1
          1
          1
          1
          1
          1
          1
          1
          1
          1
          1
          1
          1
          1
          1
          1
          1
          1
          1
          1
          1
          1
          1
          1
          1
          1
          1
          1
          1
          1
          1
          1
          1
   0.999999
   0.999997
   0.999991
   0.999977
   0.999945
   0.999886
   0.999794
   0.999676
   0.999561
   0.999487
    0.99949
   0.999562
   0.999677
   0.999793
   0.999887
   0.999945
   0.999977
   0.999991
   0.999997
   0.999999
          1
          1
          1
          1
          1
          1
          1
          1
          1
          1
          1
          1
          1
          1
          1
          1
          1
          1
          1
          1
          1
          1
          1
          1
          1
          1
          1
          1
          1
          1
          1
          1
          1
          1
          1
          1
          1
          1
          1
          1
          1
          1
   0.999999
   0.999997
   0.999994
   0.999988
   0.999979
   0.999968
   0.999956
    0.99995
    0.99995
   0.999956
   0.999967
   0.999979
   0.999988
   0.999994
   0.999997
   0.999999
          1
          1
          1
          1
          1
          1
          1
          1
          1
          1
          1
          1
          1
          1
          1
          1
          1
          1
          1
          1
          1
          1
          1
          1
          1
          1
          1
          1
          1
          1
          1
          1
          1
          1
          1
          1
          1
          1
          1
          1
          1
          1
          1
          1
          1
          1
   0.999999
   0.999999
   0.999998
   0.999997
   0.999996
   0.999995
   0.999995
   0.999996
   0.999997
   0.999998
   0.999999
   0.999999
          1
          1
          1
          1
          1
          1
          1
          1
          1
          1
          1
          1
          1
          1
          1
          1
          1
          1
          1
          1
          1
          1
          1
          1
          1
          1
          1
          1
          1
          1
          1
          1
          1
          1
          1
          1
          1
          1
          1
          1
          1
          1
          1
          1
          1
          1
          1
          1
          1
          1
          1
          1
          1
          1
          1
          1
          1
          1
          1
          1
          1
          1
          1
          1
          1
          1
          1
          1
          1
          1
          1
          1
          1
          1
          1
          1
          1
          1
          1
          1
          1
          1
          1
          1
          1
          1
          1
          1
          1
          1
          1
          1
          1
          1
          1
          1
          1
          1
          1
          1
          1
          1
          1
          1
          1
          1
          1
          1
          1
          1
          1
          1
          1
          1
          1
          1
          1
          1
          1
          1
          1
          1
          1
          1
          1
          1
          1
          1
          1
          1
          1
          1
          1
          1
          1
          1
          1
          1
          1
          1
          1
          1
          1
          1
          1
          1
          1
          1
          1
          1
          1
          1
          1
          1
          1
          1
          1
          1
          1
          1
          1
          1
          1
          1
          1
          1
          1
          1
          1
          1
          1
          1
          1
          1
          1
          1
          1
          1
          1
          1
          1
          1
          1
          1
          1
          1
          1
          1
          1
          1
          1
          1
          1
          1
          1
          1
          1
          1
          1
          1
          1
          1
          1
          1
          1
          1
          1
          1
          1
          1
          1
          1
          1
          1
          1
          1
          1
          1
          1
          1
          1
          1
          1
          1
          1
          1
          1
          1
          1
          1
          1
          1
          1
          1
          1
          1
          1
          1
          1
          1
          1
          1
          1
          1
          1
          1
          1
          1
          1
          1
          1
          1
          1
          1
          1
          1
          1
          1
          1
          1
          1
          1
          1
          1
          1
          1
          1
          1
          1
          1
          1
          1
          1
          1
          1
          1
          1
          1
          1
          1
          1
          1
          1
          1
          1
          1
          1
          1
          1
          1
          1
          1
          1
          1
          1
          1
          1
          1
          1
          1
          1
          1
          1
          1
          1
          1
          1
          1
          1
          1
          1
          1
          1
          1
          1
          1
          1
          1
          1
          1
          1
          1
          1
          1
          1
          1
          1
          1
          1
          1
          1
          1
          1
          1
          1
          1
          1
          1
          1
          1
          1
          1
          1
          1
          1
          1
          1
          1
          1
          1
          1
          1
          1
          1
          1
          1
          1
          1
          1
          1
          1
          1
          1
          1
          1
          1
          1
          1
          1
          1
          1
          1
          1
          1
          1
          1
          1
          1
          1
          1
          1
          1
          1
          1
          1
          1
          1
          1
          1
          1
          1
          1
          1
          1
          1
          1
          1
          1
          1
          1
          1
          1
          1
          1
          1
          1
          1
          1
          1
          1
          1
          1
          1
          1
          1
          1
          1
          1
          1
          1
          1
          1
          1
          1
          1
          1
          1
          1
          1
          1
          1
          1
          1
          1
          1
          1
          1
          1
          1
          1
          1
          1
          1
          1
          1
          1
          1
          1
          1
          1
          1
          1
          1
          1
          1
          1
          1
          1
          1
          1
          1
          1
          1
          1
          1
          1
          1
          1
          1
          1
          1
          1
          1
          1
          1
          1
          1
          1
          1
          1
          1
          1
          1
          1
          1
          1
          1
          1
          1
          1
          1
          1
          1
          1
          1
          1
          1
          1
          1
          1
          1
          1
          1
          1
          1
          1
          1
          1
          1
          1
          1
          1
          1
          1
          1
          1
          1
          1
          1
          1
          1
          1
          1
          1
          1
          1
          1
          1
          1
          1
          1
          1
          1
          1
          1
          1
          1
          1
          1
          1
          1
          1
          1
          1
          1
          1
          1
          1
          1
          1
          1
          1
          1
          1
          1
          1
          1
          1
          1
          1
          1
          1
          1
          1
          1
          1
          1
          1
          1
          1
          1
          1
          1
          1
          1
          1
          1
          1
          1
          1
          1
          1
          1
          1
          1
          1
          1
          1
          1
          1
          1
          1
          1
          1
          1
          1
          1
          1
          1
          1
          1
          1
          1
          1
          1
          1
          1
          1
          1
          1
          1
          1
          1
          1
          1
          1
          1
          1
          1
          1
          1
          1
          1
          1
          1
          1
          1
          1
          1
          1
          1
          1
          1
          1
          1
          1
          1
          1
          1
          1
          1
          1
          1
          1
          1
          1
          1
          1
          1
          1
          1
          1
          1
          1
          1
          1
          1
          1
          1
          1
          1
          1
          1
          1
          1
          1
          1
          1
          1
          1
          1
          1
          1
          1
          1
          1
          1
          1
          1
          1
          1
          1
          1
          1
          1
          1
          1
          1
          1
          1
          1
          1
          1
          1
          1
          1
          1
          1
          1
          1
          1
          1
          1
          1
          1
          1
          1
          1
          1
          1
          1
          1
          1
          1
          1
          1
          1
          1
          1
          1
          1
          1
          1
          1
          1
          1
          1
          1
          1
          1
          1
          1
          1
          1
          1
          1
          1
          1
          1
          1
          1
          1
          1
          1
          1
          1
          1
          1
          1
          1
          1
          1
          1
          1
          1
          1
          1
          1
          1
          1
          1
          1
          1
          1
          1
          1
          1
          1
          1
          1
          1
          1
          1
          1
          1
          1
          1
          1
          1
          1
          1
          1
          1
          1
          1
          1
          1
          1
          1
          1
          1
          1
          1
          1
          1
          1
          1
          1
          1
          1
          1
          1
          1
          1
          1
          1
          1
          1
          1
          1
          1
          1
          1
          1
          1
          1
          1
          1
          1
          1
          1
          1
          1
          1
          1
          1
          1
          1
          1
          1
          1
          1
          1
          1
          1
          1
          1
          1
          1
          1
          1
          1
          1
          1
          1
          1
          1
          1
          1
          1
          1
          1
          1
          1
          1
          1
          1
          1
          1
          1
          1
          1
          1
          1
          1
          1
          1
          1
          1
          1
          1
          1
          1
          1
          1
          1
          1
          1
          1
          1
          1
          1
          1
          1
          1
          1
          1
          1
          1
          1
          1
          1
          1
          1
          1
          1
          1
          1
          1
          1
          1
          1
          1
          1
          1
          1
          1
          1
          1
          1
          1
          1
          1
          1
          1
          1
          1
          1
          1
          1
          1
          1
          1
          1
          1
          1
          1
          1
          1
          1
          1
          1
          1
          1
          1
          1
          1
          1
          1
          1
          1
          1
          1
          1
          1
          1
          1
          1
          1
          1
          1
          1
          1
          1
          1
          1
          1
          1
          1
          1
          1
          1
          1
          1
          1
          1
          1
          1
          1
          1
          1
          1
          1
          1
          1
          1
          1
          1
          1
          1
          1
          1
          1
          1
          1
          1
          1
          1
          1
          1
          1
          1
          1
          1
          1
          1
          1
          1
          1
          1
          1
          1
          1
          1
          1
          1
          1
          1
          1
          1
          1
          1
          1
          1
          1
          1
          1
          1
          1
          1
          1
          1
          1
          1
          1
          1
          1
          1
          1
          1
          1
          1
          1
          1
          1
          1
          1
          1
          1
          1
          1
          1
          1
          1
          1
          1
          1
          1
          1
          1
          1
          1
          1
          1
          1
          1
          1
          1
          1
          1
          1
          1
          1
          1
          1
          1
          1
          1
          1
          1
          1
          1
          1
          1
          1
          1
          1
          1
          1
          1
          1
          1
          1
          1
          1
          1
          1
          1
          1
          1
          1
          1
          1
          1
          1
          1
          1
          1
          1
          1
          1
          1
          1
          1
          1
          1
          1
          1
          1
          1
          1
          1
          1
          1
          1
          1
          1
          1
          1
          1
          1
          1
          1
          1
          1
          1
          1
          1
          1
          1
          1
          1
          1
          1
          1
          1
          1
          1
          1
          1
          1
          1
          1
          1
          1
          1
          1
          1
          1
          1
          1
          1
          1
          1
          1
          1
          1
          1
          1
          1
          1
          1
          1
          1
          1
          1
          1
          1
          1
          1
          1
          1
          1
          1
          1
          1
          1
          1
          1
          1
          1
          1
          1
          1
          1
          1
          1
          1
          1
          1
          1
          1
          1
          1
          1
          1
          1
          1
          1
          1
          1
          1
          1
          1
          1
          1
          1
          1
          1
          1
          1
          1
          1
          1
          1
          1
          1
          1
          1
          1
          1
          1
          1
          1
          1
          1
          1
          1
          1
          1
          1
          1
          1
          1
          1
          1
          1
          1
          1
          1
          1
          1
          1
          1
          1
          1
          1
          1
          1
          1
          1
          1
          1
          1
          1
          1
          1
          1
          1
          1
          1
          1
          1
          1
          1
          1
          1
          1
          1
          1
          1
          1
          1
          1
          1
          1
          1
          1
          1
          1
          1
          1
          1
          1
          1
          1
          1
          1
          1
          1
          1
          1
          1
          1
          1
          1
          1
          1
          1
          1
          1
          1
          1
          1
          1
          1
          1
          1
          1
          1
          1
          1
          1
          1
          1
          1
          1
          1
          1
          1
          1
          1
          1
          1
          1
          1
          1
          1
          1
          1
          1
          1
          1
          1
          1
          1
          1
          1
          1
          1
          1
          1
          1
          1
          1
          1
          1
          1
          1
          1
          1
          1
          1
          1
          1
          1
          1
          1
          1
          1
          1
          1
          1
          1
          1
          1
          1
          1
          1
          1
          1
          1
          1
          1
          1
          1
          1
          1
          1
          1
          1
          1
          1
          1
          1
          1
          1
          1
          1
          1
          1
          1
          1
          1
          1
          1
          1
          1
          1
          1
          1
          1
          1
          1
          1
          1
          1
          1
          1
          1
          1
          1
          1
          1
          1
          1
          1
          1
          1
          1
          1
          1
          1
          1
          1
          1
          1
          1
          1
   0.999999
   0.999998
   0.999998
   0.999997
   0.999996
   0.999996
   0.999997
   0.999998
   0.999998
   0.999999
          1
          1
          1
          1
          1
          1
          1
          1
          1
          1
          1
          1
          1
          1
          1
          1
          1
          1
          1
          1
          1
          1
          1
          1
          1
          1
          1
          1
          1
          1
          1
          1
          1
          1
          1
          1
          1
          1
          1
          1
          1
          1
          1
          1
          1
          1
          1
   0.999999
   0.999998
   0.999995
    0.99999
   0.999982
   0.999973
   0.999963
   0.999958
   0.999957
   0.999964
   0.999973
   0.999983
    0.99999
   0.999995
   0.999998
   0.999999
          1
          1
          1
          1
          1
          1
          1
          1
          1
          1
          1
          1
          1
          1
          1
          1
          1
          1
          1
          1
          1
          1
          1
          1
          1
          1
          1
          1
          1
          1
          1
          1
          1
          1
          1
          1
          1
          1
          1
          1
          1
          1
   0.999999
   0.999997
   0.999992
   0.999978
   0.999947
   0.999892
   0.999804
   0.999689
   0.999578
   0.999505
    0.99951
   0.999578
   0.999688
   0.999802
   0.999892
   0.999947
   0.999978
   0.999992
   0.999997
   0.999999
          1
          1
          1
          1
          1
          1
          1
          1
          1
          1
          1
          1
          1
          1
          1
          1
          1
          1
          1
          1
          1
          1
          1
          1
          1
          1
          1
          1
          1
          1
          1
          1
          1
          1
          1
          1
          1
          1
          1
   0.999998
   0.999993
   0.999976
   0.999922
   0.999783
   0.999468
   0.998865
   0.997915
   0.996647
   0.995384
   0.994601
   0.994588
   0.995399
   0.996647
   0.997907
   0.998865
   0.999473
   0.999783
   0.999923
   0.999976
   0.999993
   0.999998
          1
          1
          1
          1
          1
          1
          1
          1
          1
          1
          1
          1
          1
          1
          1
          1
          1
          1
          1
          1
          1
          1
          1
          1
          1
          1
          1
          1
          1
          1
          1
          1
          1
          1
          1
          1
   0.999999
   0.999997
   0.999987
   0.999945
   0.999791
   0.999312
   0.997989
     0.9949
   0.988834
   0.979006
    0.96617
    0.95353
   0.945503
   0.945572
   0.953479
   0.966154
   0.978976
   0.988804
   0.994887
   0.997995
   0.999312
   0.999794
   0.999945
   0.999987
   0.999997
   0.999999
          1
          1
          1
          1
          1
          1
          1
          1
          1
          1
          1
          1
          1
          1
          1
          1
          1
          1
          1
          1
          1
          1
          1
          1
          1
          1
          1
          1
          1
          1
          1
          1
          1
   0.999999
   0.999996
   0.999981
   0.999905
   0.999576
   0.998345
   0.994201
   0.982681
   0.955545
   0.904642
   0.831002
   0.748256
   0.679746
   0.641206
   0.641327
    0.67921
   0.748028
   0.830657
   0.904686
   0.955422
   0.982646
   0.994195
   0.998324
   0.999579
   0.999904
   0.999981
   0.999996
   0.999999
          1
          1
          1
          1
          1
          1
          1
          1
          1
          1
          1
          1
          1
          1
          1
          1
          1
          1
          1
          1
          1
          1
          1
          1
          1
          1
          1
          1
          1
          1
          1
   0.999999
   0.999996
   0.999978
   0.999875
   0.999348
   0.996996
   0.987623
    0.95658
   0.875391
   0.721281
   0.529752
   0.364876
   0.259403
   0.200227
   0.175284
   0.174802
   0.200319
   0.258703
   0.365638
   0.528738
   0.721932
   0.875139
   0.956678
   0.987642
   0.996974
   0.999351
   0.999874
   0.999978
   0.999996
   0.999999
          1
          1
          1
          1
          1
          1
          1
          1
          1
          1
          1
          1
          1
          1
          1
          1
          1
          1
          1
          1
          1
          1
          1
          1
          1
          1
          1
          1
          1
          1
   0.999997
   0.999981
   0.999874
   0.999248
   0.995957
   0.980531
   0.921383
     0.7579
   0.492174
    0.26343
    0.13508
     0.0767
  0.0497809
    0.03773
  0.0327921
  0.0328418
  0.0376066
  0.0498221
  0.0764738
   0.135426
   0.262317
   0.492956
   0.756909
   0.921205
   0.980485
   0.995947
   0.999252
   0.999876
   0.999981
   0.999997
          1
          1
          1
          1
          1
          1
          1
          1
          1
          1
          1
          1
          1
          1
          1
          1
          1
          1
          1
          1
          1
          1
          1
          1
          1
          1
          1
          1
          1
   0.999998
   0.999988
   0.999907
   0.999351
   0.995989
   0.977515
   0.895376
   0.658239
   0.335037
   0.137238
  0.0577587
  0.0290114
  0.0175556
  0.0127202
  0.0104748
 0.00961539
 0.00959881
  0.0104925
  0.0126822
  0.0175905
  0.0289263
  0.0580091
    0.13694
    0.33483
    0.65738
   0.894862
    0.97743
   0.995948
   0.999357
   0.999907
   0.999987
   0.999998
          1
          1
          1
          1
          1
          1
          1
          1
          1
          1
          1
          1
          1
          1
          1
          1
          1
          1
          1
          1
          1
          1
          1
          1
          1
          1
          1
   0.999999
   0.999994
   0.999947
    0.99959
   0.997048
   0.980886
   0.895784
    0.62018
   0.266943
  0.0901472
    0.03329
  0.0157813
 0.00959501
 0.00723633
 0.00622439
 0.00581217
 0.00564723
 0.00565388
 0.00580042
  0.0062291
 0.00721973
 0.00961123
   0.015707
  0.0333511
  0.0898217
   0.266473
   0.619589
   0.895528
   0.980784
   0.997036
   0.999591
   0.999948
   0.999994
   0.999999
          1
          1
          1
          1
          1
          1
          1
          1
          1
          1
          1
          1
          1
          1
          1
          1
          1
          1
          1
          1
          1
          1
          1
          1
          1
          1
   0.999997
   0.999977
   0.999803
   0.998394
   0.987931
   0.922855
   0.659935
   0.268097
  0.0782155
   0.025681
  0.0115697
 0.00721196
 0.00578577
 0.00533616
  0.0052746
 0.00532444
 0.00537747
 0.00537778
 0.00532771
 0.00527387
 0.00533915
 0.00577968
 0.00721757
  0.0115469
  0.0256608
  0.0782156
    0.26723
   0.659768
   0.922435
   0.987907
   0.998402
   0.999802
   0.999978
   0.999997
          1
          1
          1
          1
          1
          1
          1
          1
          1
          1
          1
          1
          1
          1
          1
          1
          1
          1
          1
          1
          1
          1
          1
          1
          1
   0.999999
   0.999992
   0.999928
   0.999351
   0.994424
   0.957861
   0.762097
   0.338739
  0.0906569
  0.0257157
  0.0105408
 0.00648441
 0.00539702
 0.00525524
 0.00548571
  0.0057996
 0.00607586
 0.00622767
 0.00623024
 0.00607382
 0.00580145
 0.00548162
 0.00526177
 0.00538879
 0.00648703
  0.0105306
    0.02574
  0.0906394
   0.338324
     0.7618
   0.957798
   0.994407
    0.99935
   0.999928
   0.999992
   0.999999
          1
          1
          1
          1
          1
          1
          1
          1
          1
          1
          1
          1
          1
          1
          1
          1
          1
          1
          1
          1
          1
          1
          1
          1
   0.999998
   0.999979
   0.999797
   0.998106
   0.983325
   0.879181
   0.500356
    0.13949
  0.0336988
  0.0115929
 0.00649265
 0.00532047
 0.00532364
 0.00577066
 0.00635269
 0.00691859
 0.00735552
 0.00759167
 0.00759276
 0.00735394
 0.00691944
 0.00635711
 0.00576899
 0.00532515
 0.00531632
 0.00649348
  0.0115754
  0.0336895
   0.139246
   0.499679
   0.878795
   0.983438
   0.998075
     0.9998
   0.999979
   0.999998
          1
          1
          1
          1
          1
          1
          1
          1
          1
          1
          1
          1
          1
          1
          1
          1
          1
          1
          1
          1
          1
          1
          1
          1
   0.999995
    0.99995
   0.999507
   0.995176
   0.957565
   0.730434
   0.269842
  0.0592465
    0.01595
 0.00723346
 0.00539245
 0.00531647
 0.00588923
 0.00669033
 0.00755236
 0.00832301
 0.00890808
 0.00921955
 0.00922027
 0.00890488
 0.00832262
 0.00755269
  0.0066962
 0.00588407
 0.00532187
  0.0053846
 0.00723865
  0.0159203
  0.0593427
   0.269471
   0.730417
   0.957467
   0.995183
   0.999503
   0.999951
   0.999995
          1
          1
          1
          1
          1
          1
          1
          1
          1
          1
          1
          1
          1
          1
          1
          1
          1
          1
          1
          1
          1
          1
          1
   0.999999
    0.99999
   0.999899
   0.998938
   0.989501
   0.908807
   0.541292
   0.139678
  0.0296807
 0.00971157
 0.00578019
 0.00524905
 0.00575839
  0.0066877
 0.00777906
 0.00887658
 0.00984721
  0.0105724
  0.0109653
  0.0109654
  0.0105701
 0.00984874
 0.00887604
 0.00778036
 0.00669082
 0.00575735
 0.00524709
 0.00577188
 0.00970015
  0.0296447
   0.139758
   0.540459
   0.909403
   0.989379
   0.998948
   0.999898
   0.999991
   0.999999
          1
          1
          1
          1
          1
          1
          1
          1
          1
          1
          1
          1
          1
          1
          1
          1
          1
          1
          1
          1
          1
          1
   0.999999
   0.999983
   0.999815
   0.998046
   0.980216
   0.838383
   0.377048
  0.0791924
  0.0179815
  0.0072737
 0.00532324
 0.00546321
 0.00632972
 0.00753551
 0.00886472
  0.0101837
  0.0113368
  0.0122056
  0.0126718
  0.0126709
  0.0122066
  0.0113342
  0.0101827
 0.00886638
 0.00753625
 0.00633356
 0.00546089
 0.00531864
 0.00726417
  0.0179779
  0.0791906
   0.376903
   0.838253
   0.980195
   0.998047
   0.999817
   0.999983
   0.999999
          1
          1
          1
          1
          1
          1
          1
          1
          1
          1
          1
          1
          1
          1
          1
          1
          1
          1
          1
          1
          1
          1
   0.999998
   0.999974
   0.999716
   0.996859
   0.968232
   0.759192
   0.269218
  0.0515923
  0.0129586
 0.00624076
 0.00524533
 0.00576862
 0.00688675
 0.00829945
  0.0098249
  0.0113281
  0.0126565
  0.0136495
  0.0141808
  0.0141851
  0.0136467
  0.0126559
  0.0113285
 0.00982782
 0.00829891
 0.00688839
 0.00576572
 0.00524135
 0.00623777
  0.0129194
  0.0516528
   0.268807
    0.75987
   0.968099
   0.996873
   0.999715
   0.999974
   0.999998
          1
          1
          1
          1
          1
          1
          1
          1
          1
          1
          1
          1
          1
          1
          1
          1
          1
          1
          1
          1
          1
          1
   0.999997
   0.999966
   0.999609
   0.995697
   0.956434
   0.693259
   0.209344
  0.0390044
  0.0106676
 0.00580049
 0.00528498
 0.00603314
 0.00730917
 0.00887211
  0.0105362
  0.0121808
  0.0136314
  0.0147287
  0.0153156
  0.0153114
  0.0147276
  0.0136308
  0.0121826
  0.0105389
 0.00887043
 0.00731145
 0.00603181
 0.00528764
 0.00579458
   0.010671
  0.0390002
   0.209141
   0.693189
   0.956384
   0.995712
   0.999614
   0.999966
   0.999997
          1
          1
          1
          1
          1
          1
          1
          1
          1
          1
          1
          1
          1
          1
          1
          1
          1
          1
          1
          1
          1
          1
   0.999997
    0.99996
   0.999548
   0.994986
   0.948921
   0.657504
    0.18326
  0.0340749
 0.00977947
 0.00564233
 0.00533567
 0.00617968
 0.00754354
 0.00917707
  0.0109219
  0.0126422
  0.0141588
  0.0153082
  0.0159237
  0.0159273
  0.0153032
  0.0141624
  0.0126411
  0.0109224
  0.0091751
 0.00754426
 0.00617939
 0.00532796
 0.00564169
 0.00976013
  0.0340785
   0.183326
   0.657415
   0.948868
    0.99498
   0.999549
   0.999961
   0.999997
          1
          1
          1
          1
          1
          1
          1
          1
          1
          1
          1
          1
          1
          1
          1
          1
          1
          1
          1
          1
          1
          1
   0.999997
    0.99996
    0.99955
   0.994947
   0.949298
   0.656587
   0.183519
  0.0340444
 0.00977467
  0.0056428
  0.0053319
 0.00618078
 0.00754058
 0.00917915
  0.0109186
  0.0126412
  0.0141617
  0.0153053
  0.0159234
   0.015923
  0.0153082
  0.0141542
  0.0126408
   0.010921
 0.00917737
 0.00754313
 0.00617909
  0.0053326
  0.0056397
 0.00977148
   0.034057
   0.183455
   0.656849
   0.948998
   0.994965
   0.999551
    0.99996
   0.999997
          1
          1
          1
          1
          1
          1
          1
          1
          1
          1
          1
          1
          1
          1
          1
          1
          1
          1
          1
          1
          1
          1
   0.999997
   0.999966
   0.999612
   0.995727
   0.956208
   0.693453
    0.20894
  0.0390022
  0.0106746
 0.00579804
 0.00528618
  0.0060302
  0.0073104
 0.00887002
  0.0105395
  0.0121842
  0.0136347
  0.0147324
  0.0153134
  0.0153183
  0.0147276
  0.0136365
  0.0121792
  0.0105401
  0.0088689
 0.00731236
 0.00603034
 0.00528336
 0.00579812
  0.0106511
   0.039041
   0.209088
   0.693848
   0.956223
   0.995697
   0.999612
   0.999966
   0.999997
          1
          1
          1
          1
          1
          1
          1
          1
          1
          1
          1
          1
          1
          1
          1
          1
          1
          1
          1
          1
          1
          1
   0.999998
   0.999974
   0.999712
   0.996857
    0.96829
   0.759459
   0.268847
  0.0515665
  0.0129383
 0.00623936
 0.00524283
 0.00576772
 0.00688202
 0.00829807
 0.00982412
  0.0113302
  0.0126539
  0.0136486
  0.0141835
  0.0141784
  0.0136471
    0.01265
  0.0113273
 0.00982373
 0.00829603
 0.00688393
 0.00576702
 0.00524054
 0.00623283
  0.0129549
  0.0515681
   0.269309
   0.759295
    0.96818
   0.996876
   0.999714
   0.999974
   0.999998
          1
          1
          1
          1
          1
          1
          1
          1
          1
          1
          1
          1
          1
          1
          1
          1
          1
          1
          1
          1
          1
          1
   0.999999
   0.999983
   0.999818
   0.998039
   0.980197
   0.838519
    0.37681
  0.0791581
    0.01796
 0.00726666
 0.00531815
 0.00545819
 0.00633151
 0.00753513
  0.0088627
  0.0101818
  0.0113404
  0.0122062
   0.012673
  0.0126767
     0.0122
  0.0113384
    0.01018
 0.00886507
 0.00753418
 0.00633123
 0.00545577
 0.00531726
 0.00726294
  0.0179372
  0.0792923
   0.376802
   0.838746
   0.980137
   0.998037
   0.999818
   0.999983
   0.999999
          1
          1
          1
          1
          1
          1
          1
          1
          1
          1
          1
          1
          1
          1
          1
          1
          1
          1
          1
          1
          1
          1
   0.999999
    0.99999
   0.999898
   0.998942
   0.989466
   0.909357
   0.540579
   0.139559
  0.0296517
  0.0096926
 0.00577408
 0.00524651
 0.00575193
 0.00668839
 0.00777483
 0.00887596
 0.00984381
  0.0105722
  0.0109618
  0.0109605
  0.0105698
 0.00984008
 0.00887413
 0.00777883
 0.00668301
 0.00575575
 0.00524444
 0.00577583
 0.00968853
  0.0297024
   0.139606
   0.541435
    0.90894
   0.989415
   0.998948
   0.999898
    0.99999
   0.999999
          1
          1
          1
          1
          1
          1
          1
          1
          1
          1
          1
          1
          1
          1
          1
          1
          1
          1
          1
          1
          1
          1
          1
   0.999995
    0.99995
   0.999502
   0.995194
   0.957563
   0.730392
   0.269335
  0.0592261
   0.015926
 0.00722714
 0.00538821
 0.00531953
 0.00588262
 0.00669501
 0.00755006
 0.00832461
  0.0089061
 0.00921929
 0.00921887
 0.00890422
  0.0083241
 0.00754988
 0.00669179
 0.00588553
 0.00531787
 0.00538905
 0.00722292
   0.015942
  0.0591269
   0.269936
    0.73051
    0.95758
   0.995164
   0.999506
   0.999951
   0.999995
          1
          1
          1
          1
          1
          1
          1
          1
          1
          1
          1
          1
          1
          1
          1
          1
          1
          1
          1
          1
          1
          1
          1
          1
   0.999998
   0.999979
   0.999797
   0.998094
   0.983428
   0.878756
   0.500099
   0.139318
  0.0336575
  0.0115759
 0.00648593
 0.00531325
 0.00532487
 0.00576097
 0.00635487
 0.00691403
 0.00735109
  0.0075874
 0.00758803
 0.00735061
 0.00691408
 0.00634919
 0.00576711
 0.00531819
 0.00531379
  0.0064807
  0.0115864
  0.0336056
   0.139631
   0.499918
   0.879021
   0.983391
   0.998082
   0.999801
   0.999979
   0.999998
          1
          1
          1
          1
          1
          1
          1
          1
          1
          1
          1
          1
          1
          1
          1
          1
          1
          1
          1
          1
          1
          1
          1
          1
   0.999999
   0.999992
   0.999928
   0.999348
   0.994406
   0.957978
   0.761389
   0.338539
  0.0906749
  0.0256908
  0.0105268
 0.00648296
 0.00538418
 0.00526094
  0.0054793
 0.00580056
 0.00607039
 0.00622894
 0.00622497
 0.00607289
 0.00579687
 0.00548314
 0.00525437
 0.00538912
 0.00647943
   0.010531
  0.0256837
  0.0906036
   0.338577
   0.761162
   0.957972
   0.994388
   0.999351
   0.999928
   0.999992
   0.999999
          1
          1
          1
          1
          1
          1
          1
          1
          1
          1
          1
          1
          1
          1
          1
          1
          1
          1
          1
          1
          1
          1
          1
          1
          1
   0.999997
   0.999977
   0.999802
   0.998393
   0.987858
    0.92303
   0.659484
   0.267489
  0.0782395
   0.025638
  0.0115261
 0.00721071
 0.00576396
 0.00533608
 0.00526685
 0.00532597
 0.00537089
 0.00537285
  0.0053203
 0.00526846
   0.005331
 0.00577566
 0.00719913
  0.0115532
  0.0256237
   0.078173
   0.267373
   0.659648
   0.923038
   0.987876
   0.998405
   0.999802
   0.999977
   0.999998
          1
          1
          1
          1
          1
          1
          1
          1
          1
          1
          1
          1
          1
          1
          1
          1
          1
          1
          1
          1
          1
          1
          1
          1
          1
          1
   0.999999
   0.999994
   0.999948
   0.999587
   0.997035
   0.980702
   0.895979
    0.61974
   0.266501
  0.0898359
  0.0333553
  0.0156936
  0.0096128
 0.00721107
 0.00623293
 0.00579171
 0.00565031
 0.00564042
  0.0058035
 0.00621708
 0.00722739
 0.00958759
  0.0157687
  0.0332334
  0.0901269
   0.266403
   0.619882
   0.895965
   0.980672
   0.997051
   0.999587
   0.999947
   0.999994
   0.999999
          1
          1
          1
          1
          1
          1
          1
          1
          1
          1
          1
          1
          1
          1
          1
          1
          1
          1
          1
          1
          1
          1
          1
          1
          1
          1
          1
   0.999998
   0.999987
   0.999907
    0.99935
   0.995964
   0.977485
   0.895248
   0.657364
   0.334735
   0.136642
  0.0579285
   0.028886
  0.0175923
  0.0126641
  0.0104892
 0.00959256
 0.00959412
    0.01046
  0.0126858
  0.0175412
  0.0289697
  0.0578319
   0.137004
   0.334649
   0.657327
   0.895034
   0.977376
    0.99599
   0.999351
   0.999907
   0.999987
   0.999998
          1
          1
          1
          1
          1
          1
          1
          1
          1
          1
          1
          1
          1
          1
          1
          1
          1
          1
          1
          1
          1
          1
          1
          1
          1
          1
          1
          1
          1
   0.999997
   0.999981
   0.999874
   0.999248
   0.995938
   0.980527
   0.921521
   0.757391
   0.493343
   0.262283
    0.13537
  0.0763657
  0.0498837
  0.0375744
   0.032818
  0.0327856
  0.0376556
  0.0497342
  0.0765402
   0.135251
   0.263062
   0.492686
   0.757279
   0.921298
   0.980457
   0.995939
   0.999248
   0.999875
   0.999981
   0.999997
          1
          1
          1
          1
          1
          1
          1
          1
          1
          1
          1
          1
          1
          1
          1
          1
          1
          1
          1
          1
          1
          1
          1
          1
          1
          1
          1
          1
          1
          1
   0.999999
   0.999996
   0.999978
   0.999874
   0.999349
   0.996957
   0.987597
   0.956534
   0.874962
   0.721396
   0.528502
   0.365645
   0.258531
   0.200343
   0.174855
   0.174645
   0.200088
   0.258686
   0.364803
   0.528637
   0.721441
   0.874752
   0.956485
   0.987558
   0.996977
   0.999344
   0.999874
   0.999978
   0.999996
   0.999999
          1
          1
          1
          1
          1
          1
          1
          1
          1
          1
          1
          1
          1
          1
          1
          1
          1
          1
          1
          1
          1
          1
          1
          1
          1
          1
          1
          1
          1
          1
          1
   0.999999
   0.999996
    0.99998
   0.999903
   0.999577
   0.998323
   0.994201
   0.982616
   0.955387
   0.904492
     0.8305
    0.74764
   0.679455
   0.641078
   0.641574
   0.678686
   0.748102
   0.830249
   0.904604
   0.955441
   0.982692
   0.994186
   0.998335
   0.999574
   0.999904
    0.99998
   0.999996
   0.999999
          1
          1
          1
          1
          1
          1
          1
          1
          1
          1
          1
          1
          1
          1
          1
          1
          1
          1
          1
          1
          1
          1
          1
          1
          1
          1
          1
          1
          1
          1
          1
          1
          1
   0.999999
   0.999997
   0.999987
   0.999944
   0.999793
   0.999305
   0.997988
   0.994871
   0.988768
   0.978965
   0.966134
   0.953317
   0.945481
   0.945178
   0.953363
   0.965962
   0.978883
   0.988748
   0.994887
   0.997984
   0.999308
   0.999791
   0.999945
   0.999987
   0.999997
   0.999999
          1
          1
          1
          1
          1
          1
          1
          1
          1
          1
          1
          1
          1
          1
          1
          1
          1
          1
          1
          1
          1
          1
          1
          1
          1
          1
          1
          1
          1
          1
          1
          1
          1
          1
          1
          1
   0.999998
   0.999993
   0.999975
   0.999922
   0.999781
   0.999465
   0.998865
   0.997896
   0.996617
   0.995368
   0.994553
   0.994569
   0.995354
   0.996631
   0.997888
   0.998864
   0.999468
   0.999783
   0.999922
   0.999976
   0.999993
   0.999998
          1
          1
          1
          1
          1
          1
          1
          1
          1
          1
          1
          1
          1
          1
          1
          1
          1
          1
          1
          1
          1
          1
          1
          1
          1
          1
          1
          1
          1
          1
          1
          1
          1
          1
          1
          1
          1
          1
          1
   0.999999
   0.999997
   0.999992
   0.999978
   0.999947
   0.999891
   0.999804
   0.999689
   0.999578
    0.99951
   0.999507
   0.999579
   0.999689
   0.999804
   0.999891
   0.999947
   0.999978
   0.999992
   0.999997
   0.999999
          1
          1
          1
          1
          1
          1
          1
          1
          1
          1
          1
          1
          1
          1
          1
          1
          1
          1
          1
          1
          1
          1
          1
          1
          1
          1
          1
          1
          1
          1
          1
          1
          1
          1
          1
          1
          1
          1
          1
          1
          1
          1
   0.999999
   0.999998
   0.999995
    0.99999
   0.999982
   0.999972
   0.999963
   0.999957
   0.999958
   0.999963
   0.999972
   0.999982
    0.99999
   0.999995
   0.999998
   0.999999
          1
          1
          1
          1
          1
          1
          1
          1
          1
          1
          1
          1
          1
          1
          1
          1
          1
          1
          1
          1
          1
          1
          1
          1
          1
          1
          1
          1
          1
          1
          1
          1
          1
          1
          1
          1
          1
          1
          1
          1
          1
          1
          1
          1
          1
          1
          1
   0.999999
   0.999998
   0.999998
   0.999997
   0.999996
   0.999996
   0.999997
   0.999998
   0.999998
   0.999999
          1
          1
          1
          1
          1
          1
          1
          1
          1
          1
          1
          1
          1
          1
          1
          1
          1
          1
          1
          1
          1
          1
          1
          1
          1
          1
          1
          1
          1
          1
          1
          1
          1
          1
          1
          1
          1
          1
          1
          1
          1
          1
          1
          1
          1
          1
          1
          1
          1
          1
          1
          1
          1
          1
          1
          1
          1
          1
          1
          1
          1
          1
          1
          1
          1
          1
          1
          1
          1
          1
          1
          1
          1
          1
          1
          1
          1
          1
          1
          1
          1
          1
          1
          1
          1
          1
          1
          1
          1
          1
          1
          1
          1
          1
          1
          1
          1
          1
          1
          1
          1
          1
          1
          1
          1
          1
          1
          1
          1
          1
          1
          1
          1
          1
          1
          1
          1
          1
          1
          1
          1
          1
          1
          1
          1
          1
          1
          1
          1
          1
          1
          1
          1
          1
          1
          1
          1
          1
          1
          1
          1
          1
          1
          1
          1
          1
          1
          1
          1
          1
          1
          1
          1
          1
          1
          1
          1
          1
          1
          1
          1
          1
          1
          1
          1
          1
          1
          1
          1
          1
          1
          1
          1
          1
          1
          1
          1
          1
          1
          1
          1
          1
          1
          1
          1
          1
          1
          1
          1
          1
          1
          1
          1
          1
          1
          1
          1
          1
          1
          1
          1
          1
          1
          1
          1
          1
          1
          1
          1
          1
          1
          1
          1
          1
          1
          1
          1
          1
          1
          1
          1
          1
          1
          1
          1
          1
          1
          1
          1
          1
          1
          1
          1
          1
          1
          1
          1
          1
          1
          1
          1
          1
          1
          1
          1
          1
          1
          1
          1
          1
          1
          1
          1
          1
          1
          1
          1
          1
          1
          1
          1
          1
          1
          1
          1
          1
          1
          1
          1
          1
          1
          1
          1
          1
          1
          1
          1
          1
          1
          1
          1
          1
          1
          1
          1
          1
          1
          1
          1
          1
          1
          1
          1
          1
          1
          1
          1
          1
          1
          1
          1
          1
          1
          1
          1
          1
          1
          1
          1
          1
          1
          1
          1
          1
          1
          1
          1
          1
          1
          1
          1
          1
          1
          1
          1
          1
          1
          1
          1
          1
          1
          1
          1
          1
          1
          1
          1
          1
          1
          1
          1
          1
          1
          1
          1
          1
          1
          1
          1
          1
          1
          1
          1
          1
          1
          1
          1
          1
          1
          1
          1
          1
          1
          1
          1
          1
          1
          1
          1
          1
          1
          1
          1
          1
          1
          1
          1
          1
          1
          1
          1
          1
          1
          1
          1
          1
          1
          1
          1
          1
          1
          1
          1
          1
          1
          1
          1
          1
          1
          1
          1
          1
          1
          1
          1
          1
          1
          1
          1
          1
          1
          1
          1
          1
          1
          1
          1
          1
          1
          1
          1
          1
          1
          1
          1
          1
          1
          1
          1
          1
          1
          1
          1
          1
          1
          1
          1
          1
          1
          1
          1
          1
          1
          1
          1
          1
          1
          1
          1
          1
          1
          1
          1
          1
          1
          1
          1
          1
          1
          1
          1
          1
          1
          1
          1
          1
          1
          1
          1
          1
          1
          1
          1
          1
          1
          1
          1
          1
          1
          1
          1
          1
          1
          1
          1
          1
          1
          1
          1
          1
          1
          1
          1
          1
          1
          1
          1
          1
          1
          1
          1
          1
          1
          1
          1
          1
          1
          1
          1
          1
          1
          1
          1
          1
          1
          1
          1
          1
          1
          1
          1
          1
          1
          1
          1
          1
          1
          1
          1
          1
          1
          1
          1
          1
          1
          1
          1
          1
          1
          1
          1
          1
          1
          1
          1
          1
          1
          1
          1
          1
          1
          1
          1
          1
          1
          1
          1
          1
          1
          1
          1
          1
          1
          1
          1
          1
          1
          1
          1
          1
          1
          1
          1
          1
          1
          1
          1
          1
          1
          1
          1
          1
          1
          1
          1
          1
          1
          1
          1
          1
          1
          1
          1
          1
          1
          1
          1
          1
          1
          1
          1
          1
          1
          1
          1
          1
          1
          1
          1
          1
          1
          1
          1
          1
          1
          1
          1
          1
          1
          1
          1
          1
          1
          1
          1
          1
          1
          1
          1
          1
          1
          1
          1
          1
          1
          1
          1
          1
          1
          1
          1
          1
          1
          1
          1
          1
          1
          1
          1
          1
          1
          1
          1
          1
          1
          1
          1
          1
          1
          1
          1
          1
          1
          1
          1
          1
          1
          1
          1
          1
          1
          1
          1
          1
          1
          1
          1
          1
          1
          1
          1
          1
          1
          1
          1
          1
          1
          1
          1
          1
          1
          1
          1
          1
          1
          1
          1
          1
          1
          1
          1
          1
          1
          1
          1
          1
          1
          1
          1
          1
          1
          1
          1
          1
          1
          1
          1
          1
          1
          1
          1
          1
          1
          1
          1
          1
          1
          1
          1
          1
          1
          1
          1
          1
          1
          1
          1
          1
          1
          1
          1
          1
          1
          1
          1
          1
          1
          1
          1
          1
          1
          1
          1
          1
          1
          1
          1
          1
          1
          1
          1
          1
          1
          1
          1
          1
          1
          1
          1
          1
          1
          1
          1
          1
          1
          1
          1
          1
          1
          1
          1
          1
          1
          1
          1
          1
          1
          1
          1
          1
          1
          1
          1
          1
          1
          1
          1
          1
          1
          1
          1
          1
          1
          1
          1
          1
          1
          1
          1
          1
          1
          1
          1
          1
          1
          1
          1
          1
          1
          1
          1
          1
          1
          1
          1
          1
          1
          1
          1
          1
          1
          1
          1
          1
          1
          1
          1
          1
          1
          1
          1
          1
          1
          1
          1
          1
          1
          1
          1
          1
          1
          1
          1
          1
          1
          1
          1
          1
          1
          1
          1
          1
          1
          1
          1
          1
          1
          1
          1
          1
          1
          1
          1
          1
          1
          1
          1
          1
          1
          1
          1
          1
          1
          1
          1
          1
          1
          1
          1
          1
          1
          1
          1
          1
          1
          1
          1
          1
          1
          1
          1
          1
          1
          1
          1
          1
          1
          1
          1
          1
          1
          1
          1
          1
          1
          1
          1
          1
          1
          1
          1
          1
          1
          1
          1
          1
          1
          1
          1
          1
          1
          1
          1
          1
          1
          1
          1
          1
          1
          1
          1
          1
          1
          1
          1
          1
          1
          1
          1
          1
          1
          1
          1
          1
          1
          1
          1
          1
          1
          1
          1
          1
          1
          1
          1
          1
          1
          1
          1
          1
          1
          1
          1
          1
          1
          1
          1
          1
          1
          1
          1
          1
          1
          1
          1
          1
          1
          1
          1
          1
          1
          1
          1
          1
          1
          1
          1
          1
          1
          1
          1
          1
          1
          1
          1
          1
          1
          1
          1
          1
          1
          1
          1
          1
          1
          1
          1
          1
          1
          1
          1
          1
          1
          1
          1
          1
          1
          1
          1
          1
          1
          1
          1
          1
          1
          1
          1
          1
          1
          1
          1
          1
          1
          1
          1
          1
          1
          1
          1
          1
          1
          1
          1
          1
          1
          1
          1
          1
          1
          1
          1
          1
          1
          1
          1
          1
          1
          1
          1
          1
          1
          1
          1
          1
          1
          1
          1
          1
          1
          1
          1
          1
          1
          1
          1
          1
          1
          1
          1
          1
          1
          1
          1
          1
          1
          1
          1
          1
          1
          1
          1
          1
          1
          1
          1
          1
          1
          1
          1
          1
          1
          1
          1
          1
          1
          1
          1
          1
          1
          1
          1
          1
          1
          1
          1
          1
          1
          1
          1
          1
          1
          1
          1
          1
          1
          1
          1
          1
          1
          1
          1
          1
          1
          1
          1
          1
          1
          1
          1
          1
          1
          1
          1
          1
          1
          1
          1
          1
          1
          1
          1
          1
          1
          1
          1
          1
          1
          1
          1
          1
          1
          1
          1
          1
          1
          1
          1
          1
          1
          1
          1
          1
          1
          1
          1
          1
          1
          1
          1
          1
          1
          1
          1
          1
          1
          1
          1
          1
          1
          1
          1
          1
          1
          1
          1
          1
          1
          1
          1
          1
          1
          1
          1
          1
          1
          1
          1
          1
          1
          1
          1
          1
          1
          1
          1
          1
          1
          1
          1
          1
          1
          1
          1
          1
          1
          1
          1
          1
          1
          1
          1
          1
          1
          1
          1
          1
          1
          1
          1
          1
          1
          1
          1
          1
          1
          1
          1
          1
          1
          1
          1
          1
          1
          1
          1
          1
          1
          1
          1
          1
          1
          1
          1
          1
          1
          1
          1
          1
          1
          1
          1
          1
          1
          1
          1
          1
          1
          1
          1
          1
          1
          1
          1
          1
          1
          1
          1
          1
          1
          1
          1
          1
          1
          1
          1
          1
          1
          1
          1
          1
   0.999999
   0.999999
   0.999999
   0.999998
   0.999998
   0.999998
   0.999998
   0.999999
   0.999999
   0.999999
          1
          1
          1
          1
          1
          1
          1
          1
          1
          1
          1
          1
          1
          1
          1
          1
          1
          1
          1
          1
          1
          1
          1
          1
          1
          1
          1
          1
          1
          1
          1
          1
          1
          1
          1
          1
          1
          1
          1
          1
          1
          1
          1
          1
          1
          1
          1
   0.999999
   0.999999
   0.999997
   0.999993
   0.999988
   0.999982
   0.999975
   0.999972
   0.999971
   0.999975
   0.999982
   0.999988
   0.999993
   0.999997
   0.999999
   0.999999
          1
          1
          1
          1
          1
          1
          1
          1
          1
          1
          1
          1
          1
          1
          1
          1
          1
          1
          1
          1
          1
          1
          1
          1
          1
          1
          1
          1
          1
          1
          1
          1
          1
          1
          1
          1
          1
          1
          1
          1
          1
          1
   0.999999
   0.999998
   0.999994
   0.999983
    0.99996
   0.999919
   0.999853
   0.999766
   0.999687
   0.999628
   0.999632
   0.999683
   0.999767
   0.999852
   0.999919
    0.99996
   0.999983
   0.999994
   0.999998
   0.999999
          1
          1
          1
          1
          1
          1
          1
          1
          1
          1
          1
          1
          1
          1
          1
          1
          1
          1
          1
          1
          1
          1
          1
          1
          1
          1
          1
          1
          1
          1
          1
          1
          1
          1
          1
          1
          1
          1
          1
   0.999999
   0.999994
    0.99998
   0.999934
   0.999816
    0.99955
   0.999042
   0.998239
   0.997168
    0.99609
   0.995412
   0.995384
   0.996091
   0.997165
   0.998229
   0.999041
   0.999549
   0.999815
   0.999934
    0.99998
   0.999994
   0.999999
          1
          1
          1
          1
          1
          1
          1
          1
          1
          1
          1
          1
          1
          1
          1
          1
          1
          1
          1
          1
          1
          1
          1
          1
          1
          1
          1
          1
          1
          1
          1
          1
          1
          1
          1
          1
   0.999999
   0.999997
   0.999988
   0.999948
     0.9998
   0.999337
   0.998059
   0.995084
   0.989341
   0.979886
   0.967544
   0.955536
   0.947734
   0.947738
   0.955471
   0.967638
   0.979871
   0.989326
   0.995097
   0.998069
   0.999338
   0.999802
   0.999948
   0.999988
   0.999997
   0.999999
          1
          1
          1
          1
          1
          1
          1
          1
          1
          1
          1
          1
          1
          1
          1
          1
          1
          1
          1
          1
          1
          1
          1
          1
          1
          1
          1
          1
          1
          1
          1
          1
          1
   0.999999
   0.999996
   0.999979
   0.999896
   0.999539
   0.998192
   0.993656
   0.980991
   0.951405
   0.896471
   0.817467
     0.7305
   0.659202
   0.619509
   0.619341
    0.65899
   0.730536
   0.817198
   0.896377
   0.951357
   0.980886
   0.993675
   0.998171
   0.999541
   0.999896
   0.999979
   0.999996
   0.999999
          1
          1
          1
          1
          1
          1
          1
          1
          1
          1
          1
          1
          1
          1
          1
          1
          1
          1
          1
          1
          1
          1
          1
          1
          1
          1
          1
          1
          1
          1
          1
   0.999999
   0.999996
   0.999973
   0.999843
   0.999186
   0.996242
   0.984423
   0.945615
    0.84654
   0.670708
   0.471233
   0.313481
   0.218041
     0.1669
    0.14559
   0.145219
   0.167024
   0.217832
   0.313999
   0.470696
   0.671762
   0.846608
   0.945599
   0.984487
   0.996205
   0.999184
   0.999843
   0.999973
   0.999996
   0.999999
          1
          1
          1
          1
          1
          1
          1
          1
          1
          1
          1
          1
          1
          1
          1
          1
          1
          1
          1
          1
          1
          1
          1
          1
          1
          1
          1
          1
          1
          1
   0.999996
   0.999973
    0.99982
   0.998919
   0.994078
   0.971624
   0.888255
   0.679293
   0.396723
   0.197585
    0.09906
  0.0566854
  0.0374874
   0.028994
  0.0255179
  0.0255279
  0.0289089
  0.0375928
  0.0565249
  0.0994151
   0.197216
   0.397617
    0.67884
   0.888394
   0.971771
   0.994098
   0.998918
   0.999821
   0.999973
   0.999996
   0.999999
          1
          1
          1
          1
          1
          1
          1
          1
          1
          1
          1
          1
          1
          1
          1
          1
          1
          1
          1
          1
          1
          1
          1
          1
          1
          1
          1
          1
   0.999997
    0.99998
   0.999846
   0.998931
   0.993197
   0.962138
   0.832643
   0.528033
   0.228252
  0.0883043
  0.0382439
  0.0206507
  0.0136107
  0.0106392
 0.00926986
 0.00876598
 0.00875086
 0.00928801
  0.0106205
  0.0136397
  0.0205825
  0.0383891
  0.0881057
   0.228456
   0.527025
   0.832598
   0.962095
   0.993204
    0.99892
   0.999847
    0.99998
   0.999997
          1
          1
          1
          1
          1
          1
          1
          1
          1
          1
          1
          1
          1
          1
          1
          1
          1
          1
          1
          1
          1
          1
          1
          1
          1
          1
          1
   0.999999
   0.999988
   0.999901
   0.999206
   0.994214
   0.962387
   0.809824
   0.448643
   0.155654
  0.0511122
  0.0208194
  0.0116057
 0.00836882
 0.00726013
 0.00688498
 0.00683049
 0.00682677
 0.00683036
 0.00681865
 0.00689742
 0.00724189
 0.00839087
  0.0115772
   0.020875
  0.0510352
   0.156178
   0.448507
   0.810117
   0.962519
   0.994204
   0.999204
   0.999902
   0.999988
   0.999999
          1
          1
          1
          1
          1
          1
          1
          1
          1
          1
          1
          1
          1
          1
          1
          1
          1
          1
          1
          1
          1
          1
          1
          1
          1
   0.999999
   0.999995
    0.99995
   0.999557
   0.996319
   0.972292
    0.83423
   0.449986
   0.136715
  0.0393291
  0.0152666
 0.00888511
 0.00707558
 0.00681822
 0.00707756
 0.00751122
 0.00788787
 0.00811172
 0.00810975
 0.00789575
 0.00751013
 0.00708177
 0.00680592
 0.00709633
 0.00886541
  0.0152902
  0.0392592
   0.137241
   0.449888
   0.834617
   0.972399
   0.996342
   0.999558
    0.99995
   0.999995
   0.999999
          1
          1
          1
          1
          1
          1
          1
          1
          1
          1
          1
          1
          1
          1
          1
          1
          1
          1
          1
          1
          1
          1
          1
          1
   0.999998
   0.999981
   0.999814
   0.998272
    0.98493
   0.891347
   0.531681
   0.157168
  0.0394118
  0.0139241
 0.00804011
 0.00679951
 0.00704335
 0.00781846
 0.00879726
 0.00972352
  0.0104389
  0.0108296
  0.0108282
  0.0104409
 0.00972623
 0.00879966
  0.0078284
 0.00704419
 0.00681418
  0.0080401
  0.0139399
  0.0394725
   0.157481
   0.532741
   0.891261
   0.984969
   0.998273
    0.99981
   0.999981
   0.999998
          1
          1
          1
          1
          1
          1
          1
          1
          1
          1
          1
          1
          1
          1
          1
          1
          1
          1
          1
          1
          1
          1
          1
   0.999999
   0.999994
    0.99994
   0.999384
   0.993943
   0.947864
   0.686906
   0.232719
  0.0517966
  0.0153398
 0.00804595
 0.00676923
 0.00726541
 0.00846805
  0.0099869
  0.0115491
  0.0129482
  0.0140091
  0.0145744
  0.0145759
  0.0140056
  0.0129515
  0.0115534
 0.00998592
 0.00847646
 0.00726474
 0.00677276
 0.00803951
  0.0153455
  0.0517921
   0.232703
   0.686742
   0.947947
    0.99396
   0.999381
   0.999938
   0.999994
   0.999999
          1
          1
          1
          1
          1
          1
          1
          1
          1
          1
          1
          1
          1
          1
          1
          1
          1
          1
          1
          1
          1
          1
   0.999999
   0.999984
   0.999827
   0.998195
   0.981998
   0.853232
   0.407564
  0.0903958
  0.0211663
  0.0088821
 0.00679826
 0.00724908
 0.00870432
  0.0106679
  0.0128562
  0.0150323
  0.0169588
  0.0183956
  0.0191838
  0.0191742
  0.0184022
  0.0169544
   0.015034
  0.0128572
  0.0106741
 0.00870993
 0.00724822
 0.00680504
 0.00888211
  0.0211633
  0.0905021
   0.407752
   0.852769
   0.982132
   0.998179
    0.99983
   0.999984
   0.999999
          1
          1
          1
          1
          1
          1
          1
          1
          1
          1
          1
          1
          1
          1
          1
          1
          1
          1
          1
          1
          1
          1
   0.999997
   0.999962
   0.999583
   0.995422
   0.954039
    0.68349
   0.204266
  0.0393904
  0.0117102
 0.00706091
 0.00700704
 0.00843472
  0.0106457
  0.0133157
  0.0162079
  0.0190614
  0.0215854
  0.0234919
  0.0245219
  0.0245245
  0.0234882
  0.0215851
  0.0190571
  0.0162045
  0.0133216
  0.0106505
 0.00843914
 0.00699949
 0.00707159
  0.0116978
  0.0394278
   0.204461
   0.684145
   0.954045
   0.995436
   0.999577
   0.999963
   0.999997
          1
          1
          1
          1
          1
          1
          1
          1
          1
          1
          1
          1
          1
          1
          1
          1
          1
          1
          1
          1
          1
          1
   0.999994
   0.999923
   0.999098
   0.989984
   0.901829
   0.486237
   0.103252
  0.0211305
 0.00841065
 0.00675164
 0.00776517
 0.00991681
  0.0128007
  0.0161683
  0.0197928
  0.0233875
  0.0266008
   0.029034
  0.0303587
  0.0303506
  0.0290381
  0.0265895
  0.0233896
  0.0197905
   0.016172
   0.012804
 0.00992146
 0.00776689
 0.00675367
 0.00841258
    0.02112
   0.103275
   0.485028
   0.902523
   0.989923
   0.999105
   0.999923
   0.999994
          1
          1
          1
          1
          1
          1
          1
          1
          1
          1
          1
          1
          1
          1
          1
          1
          1
          1
          1
          1
          1
   0.999999
   0.999989
    0.99986
   0.998349
   0.981071
   0.826564
    0.32692
  0.0587845
  0.0138955
 0.00723034
   0.006992
  0.0087051
  0.0114445
  0.0149429
   0.018983
  0.0233468
   0.027712
  0.0316473
   0.034653
  0.0362876
  0.0362895
  0.0346427
  0.0316468
   0.027706
  0.0233461
  0.0189809
  0.0149453
  0.0114449
 0.00870841
 0.00699848
 0.00722889
  0.0138893
  0.0587983
   0.327231
   0.826924
   0.981122
   0.998337
   0.999861
   0.999989
   0.999999
          1
          1
          1
          1
          1
          1
          1
          1
          1
          1
          1
          1
          1
          1
          1
          1
          1
          1
          1
          1
   0.999999
   0.999983
   0.999785
    0.99735
   0.969663
   0.743701
    0.22881
  0.0390336
  0.0107865
 0.00684106
 0.00739978
 0.00960536
   0.012811
  0.0168307
  0.0214681
  0.0265166
  0.0315957
  0.0362059
  0.0397505
  0.0416941
  0.0416841
  0.0397548
   0.036199
  0.0315959
  0.0265086
  0.0214708
  0.0168284
  0.0128202
 0.00960404
 0.00740436
 0.00684509
  0.0107675
  0.0390261
   0.228415
   0.744629
    0.96973
   0.997345
   0.999785
   0.999983
   0.999999
          1
          1
          1
          1
          1
          1
          1
          1
          1
          1
          1
          1
          1
          1
          1
          1
          1
          1
          1
          1
   0.999998
   0.999978
   0.999706
   0.996389
   0.958705
   0.674728
   0.176271
   0.030007
 0.00940076
 0.00676048
 0.00776537
  0.0103006
  0.0138444
  0.0182471
  0.0233424
  0.0289151
  0.0345635
  0.0397121
  0.0436749
  0.0458518
  0.0458585
  0.0436742
   0.039712
  0.0345558
  0.0289096
  0.0233362
  0.0182479
  0.0138417
  0.0102971
 0.00777107
 0.00675619
 0.00939702
  0.0300302
   0.176027
   0.675326
    0.95855
   0.996377
    0.99971
   0.999977
   0.999998
          1
          1
          1
          1
          1
          1
          1
          1
          1
          1
          1
          1
          1
          1
          1
          1
          1
          1
          1
          1
   0.999998
   0.999974
   0.999659
   0.995785
   0.951241
   0.638315
   0.153487
  0.0265426
 0.00885902
 0.00675606
 0.00797677
  0.0106769
  0.0143942
  0.0190143
  0.0243538
  0.0302107
  0.0361636
  0.0416184
  0.0458168
  0.0481254
  0.0481189
  0.0458246
  0.0416111
  0.0361678
  0.0302054
  0.0243577
  0.0190041
  0.0143997
  0.0106825
  0.0079836
 0.00676267
 0.00884748
  0.0265254
   0.153436
   0.638251
   0.951497
   0.995767
    0.99966
   0.999974
   0.999998
          1
          1
          1
          1
          1
          1
          1
          1
          1
          1
          1
          1
          1
          1
          1
          1
          1
          1
          1
          1
   0.999998
   0.999974
   0.999659
   0.995752
   0.951772
   0.636453
   0.153896
  0.0264705
 0.00886225
 0.00675681
 0.00797727
  0.0106767
  0.0143978
  0.0190104
   0.024354
  0.0302121
  0.0361673
  0.0416126
  0.0458216
  0.0481217
  0.0481262
  0.0458169
  0.0416186
  0.0361626
  0.0302086
  0.0243469
  0.0190108
  0.0143958
  0.0106793
 0.00798683
 0.00676033
 0.00885346
  0.0264936
   0.153651
   0.637533
   0.951597
   0.995751
   0.999664
   0.999974
   0.999998
          1
          1
          1
          1
          1
          1
          1
          1
          1
          1
          1
          1
          1
          1
          1
          1
          1
          1
          1
          1
   0.999998
   0.999978
   0.999708
   0.996396
   0.958349
   0.675885
   0.175893
  0.0300689
  0.0094013
 0.00675658
 0.00776668
  0.0103004
  0.0138425
  0.0182509
  0.0233398
  0.0289121
   0.034554
  0.0397077
  0.0436652
  0.0458525
  0.0458431
  0.0436722
  0.0396985
  0.0345602
  0.0289042
  0.0233428
  0.0182419
  0.0138489
  0.0103027
 0.00777078
 0.00676179
 0.00938124
  0.0300415
    0.17591
   0.675925
   0.958555
   0.996372
    0.99971
   0.999978
   0.999998
          1
          1
          1
          1
          1
          1
          1
          1
          1
          1
          1
          1
          1
          1
          1
          1
          1
          1
          1
          1
   0.999999
   0.999983
   0.999782
   0.997371
    0.96988
   0.743162
   0.228768
  0.0389511
  0.0107882
 0.00684626
 0.00740188
 0.00960515
   0.012817
  0.0168352
  0.0214716
  0.0265146
  0.0315958
  0.0362046
  0.0397527
  0.0416862
  0.0416934
  0.0397463
  0.0362072
  0.0315919
  0.0265132
  0.0214693
   0.016835
  0.0128143
 0.00960864
 0.00740707
 0.00684137
   0.010779
  0.0389709
   0.228631
    0.74404
   0.969632
   0.997349
   0.999785
   0.999983
   0.999999
          1
          1
          1
          1
          1
          1
          1
          1
          1
          1
          1
          1
          1
          1
          1
          1
          1
          1
          1
          1
   0.999999
   0.999989
   0.999862
   0.998344
   0.981081
   0.827178
   0.326715
  0.0588215
  0.0138962
 0.00723047
 0.00699444
 0.00871231
  0.0114484
  0.0149459
  0.0189838
  0.0233516
  0.0277115
  0.0316447
   0.034647
  0.0362857
  0.0362747
  0.0346527
  0.0316351
  0.0277123
  0.0233436
  0.0189857
  0.0149441
  0.0114525
 0.00870625
 0.00699919
 0.00723093
  0.0138633
  0.0588003
   0.326731
   0.827225
   0.981167
   0.998323
   0.999863
   0.999989
   0.999999
          1
          1
          1
          1
          1
          1
          1
          1
          1
          1
          1
          1
          1
          1
          1
          1
          1
          1
          1
          1
   0.999999
   0.999994
   0.999922
   0.999111
   0.989983
   0.901952
   0.485692
   0.102989
   0.021151
 0.00841435
 0.00675724
 0.00776699
 0.00992406
  0.0128088
  0.0161695
  0.0197966
  0.0233951
  0.0266014
  0.0290397
  0.0303582
  0.0303619
  0.0290291
  0.0266052
  0.0233885
  0.0197933
  0.0161759
  0.0128055
 0.00991973
  0.0077621
 0.00675459
 0.00840269
  0.0211082
   0.103037
   0.485384
    0.90209
   0.989909
   0.999106
   0.999923
   0.999994
          1
          1
          1
          1
          1
          1
          1
          1
          1
          1
          1
          1
          1
          1
          1
          1
          1
          1
          1
          1
          1
          1
   0.999997
   0.999963
   0.999582
   0.995416
   0.954204
   0.684032
   0.204357
  0.0393833
   0.011715
  0.0070647
 0.00701297
 0.00843599
  0.0106519
   0.013324
  0.0162075
  0.0190623
   0.021588
  0.0234908
    0.02453
   0.024521
  0.0234941
  0.0215806
  0.0190633
  0.0162086
  0.0133245
  0.0106499
 0.00843424
 0.00700838
 0.00706651
  0.0116968
  0.0393458
   0.204205
     0.6832
   0.954148
   0.995415
   0.999575
   0.999963
   0.999997
          1
          1
          1
          1
          1
          1
          1
          1
          1
          1
          1
          1
          1
          1
          1
          1
          1
          1
          1
          1
          1
          1
   0.999999
   0.999984
    0.99983
   0.998201
   0.981939
   0.853225
   0.407117
  0.0905423
  0.0211621
 0.00888733
 0.00679857
 0.00725421
 0.00870837
   0.010672
  0.0128648
   0.015037
  0.0169596
  0.0184091
  0.0191815
  0.0191892
  0.0184004
  0.0169654
  0.0150385
  0.0128622
  0.0106752
 0.00871099
 0.00725298
 0.00679521
 0.00888775
  0.0211446
   0.090416
   0.407865
   0.852882
   0.982017
   0.998174
   0.999828
   0.999984
   0.999999
          1
          1
          1
          1
          1
          1
          1
          1
          1
          1
          1
          1
          1
          1
          1
          1
          1
          1
          1
          1
          1
          1
          1
   0.999994
   0.999939
   0.999386
   0.994003
   0.948101
    0.68695
   0.232639
  0.0518292
  0.0153304
 0.00805166
 0.00677412
 0.00726953
 0.00848003
 0.00998549
  0.0115558
  0.0129532
  0.0140114
  0.0145802
  0.0145766
  0.0140109
  0.0129565
  0.0115532
 0.00999082
  0.0084743
 0.00726551
 0.00676691
 0.00804296
  0.0153356
   0.051665
   0.233111
   0.685707
   0.948035
   0.993976
   0.999379
   0.999939
   0.999994
   0.999999
          1
          1
          1
          1
          1
          1
          1
          1
          1
          1
          1
          1
          1
          1
          1
          1
          1
          1
          1
          1
          1
          1
          1
   0.999998
   0.999981
   0.999813
   0.998263
   0.984982
   0.891549
   0.531568
   0.157634
  0.0394453
  0.0139103
 0.00804373
 0.00681395
 0.00704177
 0.00783516
 0.00880461
 0.00973126
  0.0104448
  0.0108363
  0.0108377
  0.0104443
 0.00973134
 0.00880246
 0.00782653
 0.00704606
 0.00680885
 0.00803505
  0.0139103
  0.0394519
   0.157592
    0.53083
   0.891785
   0.984942
   0.998263
   0.999811
   0.999981
   0.999998
          1
          1
          1
          1
          1
          1
          1
          1
          1
          1
          1
          1
          1
          1
          1
          1
          1
          1
          1
          1
          1
          1
          1
          1
   0.999999
   0.999995
   0.999951
    0.99956
   0.996344
   0.972435
   0.834632
   0.449131
   0.137114
  0.0393346
  0.0152848
 0.00886617
 0.00709539
  0.0068042
 0.00708412
 0.00750739
 0.00789941
  0.0081121
 0.00811445
 0.00789206
 0.00751124
  0.0070788
 0.00681465
 0.00708094
 0.00887265
  0.0152344
  0.0392964
   0.136808
   0.448539
   0.835537
   0.972174
   0.996324
   0.999558
    0.99995
   0.999995
   0.999999
          1
          1
          1
          1
          1
          1
          1
          1
          1
          1
          1
          1
          1
          1
          1
          1
          1
          1
          1
          1
          1
          1
          1
          1
          1
   0.999999
   0.999988
   0.999902
   0.999205
   0.994225
   0.962522
   0.810183
   0.447918
   0.155812
  0.0511173
  0.0208628
  0.0115704
 0.00838578
 0.00724695
 0.00689783
 0.00682244
 0.00683321
 0.00683046
 0.00682372
 0.00689036
 0.00724983
 0.00837175
  0.0115786
  0.0208318
  0.0509927
   0.155887
   0.448043
   0.811255
    0.96227
    0.99421
     0.9992
   0.999901
   0.999988
   0.999999
          1
          1
          1
          1
          1
          1
          1
          1
          1
          1
          1
          1
          1
          1
          1
          1
          1
          1
          1
          1
          1
          1
          1
          1
          1
          1
          1
   0.999997
    0.99998
   0.999847
   0.998922
   0.993218
   0.962192
   0.832767
   0.527458
   0.228251
  0.0879713
  0.0382859
  0.0205754
  0.0136213
  0.0106138
 0.00928407
 0.00875669
 0.00874725
 0.00927191
   0.010617
  0.0136186
  0.0205955
  0.0383011
  0.0880244
   0.228425
   0.526716
   0.833242
    0.96197
   0.993205
   0.998921
   0.999847
    0.99998
   0.999997
          1
          1
          1
          1
          1
          1
          1
          1
          1
          1
          1
          1
          1
          1
          1
          1
          1
          1
          1
          1
          1
          1
          1
          1
          1
          1
          1
          1
          1
   0.999996
   0.999973
   0.999821
   0.998914
   0.994107
   0.971859
   0.888719
   0.679525
   0.397888
   0.197331
  0.0993587
  0.0565891
  0.0375774
  0.0289434
  0.0255236
   0.025528
   0.028905
  0.0375504
   0.056543
   0.099241
   0.197134
   0.397418
    0.67768
   0.888811
   0.971625
   0.994096
   0.998915
   0.999822
   0.999973
   0.999996
          1
          1
          1
          1
          1
          1
          1
          1
          1
          1
          1
          1
          1
          1
          1
          1
          1
          1
          1
          1
          1
          1
          1
          1
          1
          1
          1
          1
          1
          1
   0.999999
   0.999996
   0.999973
   0.999845
   0.999186
   0.996215
   0.984471
   0.945549
    0.84623
   0.671486
   0.471151
   0.313722
   0.218012
   0.166911
   0.145412
   0.145095
    0.16711
   0.217321
   0.313949
   0.470399
   0.671579
    0.84602
    0.94578
   0.984378
   0.996216
   0.999179
   0.999843
   0.999972
   0.999996
   0.999999
          1
          1
          1
          1
          1
          1
          1
          1
          1
          1
          1
          1
          1
          1
          1
          1
          1
          1
          1
          1
          1
          1
          1
          1
          1
          1
          1
          1
          1
          1
          1
   0.999999
   0.999996
   0.999979
   0.999897
   0.999544
   0.998184
   0.993694
   0.981017
   0.951423
   0.896889
   0.817892
   0.730635
   0.659663
   0.619389
   0.620371
    0.65877
   0.731249
   0.817049
   0.896808
    0.95126
   0.981042
   0.993649
    0.99818
   0.999539
   0.999897
   0.999979
   0.999996
   0.999999
          1
          1
          1
          1
          1
          1
          1
          1
          1
          1
          1
          1
          1
          1
          1
          1
          1
          1
          1
          1
          1
          1
          1
          1
          1
          1
          1
          1
          1
          1
          1
          1
          1
   0.999999
   0.999997
   0.999988
   0.999947
   0.999803
   0.999339
   0.998071
   0.995127
   0.989319
   0.979875
    0.96767
   0.955455
   0.947865
   0.947535
   0.955567
   0.967431
    0.97993
   0.989264
   0.995121
   0.998054
   0.999337
   0.999801
   0.999948
   0.999988
   0.999997
   0.999999
          1
          1
          1
          1
          1
          1
          1
          1
          1
          1
          1
          1
          1
          1
          1
          1
          1
          1
          1
          1
          1
          1
          1
          1
          1
          1
          1
          1
          1
          1
          1
          1
          1
          1
          1
          1
   0.999999
   0.999994
   0.999979
   0.999935
   0.999815
   0.999548
   0.999047
   0.998236
    0.99716
   0.996105
   0.995375
   0.995408
   0.996069
   0.997177
   0.998227
   0.999052
   0.999544
   0.999816
   0.999934
    0.99998
   0.999994
   0.999999
          1
          1
          1
          1
          1
          1
          1
          1
          1
          1
          1
          1
          1
          1
          1
          1
          1
          1
          1
          1
          1
          1
          1
          1
          1
          1
          1
          1
          1
          1
          1
          1
          1
          1
          1
          1
          1
          1
          1
   0.999999
   0.999998
   0.999994
   0.999984
   0.999961
   0.999919
   0.999852
   0.999768
   0.999684
   0.999634
   0.999627
   0.999687
   0.999766
   0.999855
   0.999918
   0.999961
   0.999983
   0.999994
   0.999998
   0.999999
          1
          1
          1
          1
          1
          1
          1
          1
          1
          1
          1
          1
          1
          1
          1
          1
          1
          1
          1
          1
          1
          1
          1
          1
          1
          1
          1
          1
          1
          1
          1
          1
          1
          1
          1
          1
          1
          1
          1
          1
          1
          1
   0.999999
   0.999999
   0.999997
   0.999993
   0.999988
   0.999981
   0.999975
   0.999971
   0.999971
   0.999975
   0.999982
   0.999988
   0.999993
   0.999997
   0.999999
   0.999999
          1
          1
          1
          1
          1
          1
          1
          1
          1
          1
          1
          1
          1
          1
          1
          1
          1
          1
          1
          1
          1
          1
          1
          1
          1
          1
          1
          1
          1
          1
          1
          1
          1
          1
          1
          1
          1
          1
          1
          1
          1
          1
          1
          1
          1
          1
          1
   0.999999
   0.999999
   0.999999
   0.999998
   0.999998
   0.999998
   0.999998
   0.999999
   0.999999
   0.999999
          1
          1
          1
          1
          1
          1
          1
          1
          1
          1
          1
          1
          1
          1
          1
          1
          1
          1
          1
          1
          1
          1
          1
          1
          1
          1
          1
          1
          1
          1
          1
          1
          1
          1
          1
          1
          1
          1
          1
          1
          1
          1
          1
          1
          1
          1
          1
          1
          1
          1
          1
          1
          1
          1
          1
          1
          1
          1
          1
          1
          1
          1
          1
          1
          1
          1
          1
          1
          1
          1
          1
          1
          1
          1
          1
          1
          1
          1
          1
          1
          1
          1
          1
          1
          1
          1
          1
          1
          1
          1
          1
          1
          1
          1
          1
          1
          1
          1
          1
          1
          1
          1
          1
          1
          1
          1
          1
          1
          1
          1
          1
          1
          1
          1
          1
          1
          1
          1
          1
          1
          1
          1
          1
          1
          1
          1
          1
          1
          1
          1
          1
          1
          1
          1
          1
          1
          1
          1
          1
          1
          1
          1
          1
          1
          1
          1
          1
          1
          1
          1
          1
          1
          1
          1
          1
          1
          1
          1
          1
          1
          1
          1
          1
          1
          1
          1
          1
          1
          1
          1
          1
          1
          1
          1
          1
          1
          1
          1
          1
          1
          1
          1
          1
          1
          1
          1
          1
          1
          1
          1
          1
          1
          1
          1
          1
          1
          1
          1
          1
          1
          1
          1
          1
          1
          1
          1
          1
          1
          1
          1
          1
          1
          1
          1
          1
          1
          1
          1
          1
          1
          1
          1
          1
          1
          1
          1
          1
          1
          1
          1
          1
          1
          1
          1
          1
          1
          1
          1
          1
          1
          1
          1
          1
          1
          1
          1
          1
          1
          1
          1
          1
          1
          1
          1
          1
          1
          1
          1
          1
          1
          1
          1
          1
          1
          1
          1
          1
          1
          1
          1
          1
          1
          1
          1
          1
          1
          1
          1
          1
          1
          1
          1
          1
          1
          1
          1
          1
          1
          1
          1
          1
          1
          1
          1
          1
          1
          1
          1
          1
          1
          1
          1
          1
          1
          1
          1
          1
          1
          1
          1
          1
          1
          1
          1
          1
          1
          1
          1
          1
          1
          1
          1
          1
          1
          1
          1
          1
          1
          1
          1
          1
          1
          1
          1
          1
          1
          1
          1
          1
          1
          1
          1
          1
          1
          1
          1
          1
          1
          1
          1
          1
          1
          1
          1
          1
          1
          1
          1
          1
          1
          1
          1
          1
          1
          1
          1
          1
          1
          1
          1
          1
          1
          1
          1
          1
          1
          1
          1
          1
          1
          1
          1
          1
          1
          1
          1
          1
          1
          1
          1
          1
          1
          1
          1
          1
          1
          1
          1
          1
          1
          1
          1
          1
          1
          1
          1
          1
          1
          1
          1
          1
          1
          1
          1
          1
          1
          1
          1
          1
          1
          1
          1
          1
          1
          1
          1
          1
          1
          1
          1
          1
          1
          1
          1
          1
          1
          1
          1
          1
          1
          1
          1
          1
          1
          1
          1
          1
          1
          1
          1
          1
          1
          1
          1
          1
          1
          1
          1
          1
          1
          1
          1
          1
          1
          1
          1
          1
          1
          1
          1
          1
          1
          1
          1
          1
          1
          1
          1
          1
          1
          1
          1
          1
          1
          1
          1
          1
          1
          1
          1
          1
          1
          1
          1
          1
          1
          1
          1
          1
          1
          1
          1
          1
          1
          1
          1
          1
          1
          1
          1
          1
          1
          1
          1
          1
          1
          1
          1
          1
          1
          1
          1
          1
          1
          1
          1
          1
          1
          1
          1
          1
          1
          1
          1
          1
          1
          1
          1
          1
          1
          1
          1
          1
          1
          1
          1
          1
          1
          1
          1
          1
          1
          1
          1
          1
          1
          1
          1
          1
          1
          1
          1
          1
          1
          1
          1
          1
          1
          1
          1
          1
          1
          1
          1
          1
          1
          1
          1
          1
          1
          1
          1
          1
          1
          1
          1
          1
          1
          1
          1
          1
          1
          1
          1
          1
          1
          1
          1
          1
          1
          1
          1
          1
          1
          1
          1
          1
          1
          1
          1
          1
          1
          1
          1
          1
          1
          1
          1
          1
          1
          1
          1
          1
          1
          1
          1
          1
          1
          1
          1
          1
          1
          1
          1
          1
          1
          1
          1
          1
          1
          1
          1
          1
          1
          1
          1
          1
          1
          1
          1
          1
          1
          1
          1
          1
          1
          1
          1
          1
          1
          1
          1
          1
          1
          1
          1
          1
          1
          1
          1
          1
          1
          1
          1
          1
          1
          1
          1
          1
          1
          1
          1
          1
          1
          1
          1
          1
          1
          1
          1
          1
          1
          1
          1
          1
          1
          1
          1
          1
          1
          1
          1
          1
          1
          1
          1
          1
          1
          1
          1
          1
          1
          1
          1
          1
          1
          1
          1
          1
          1
          1
          1
          1
          1
          1
          1
          1
          1
          1
          1
          1
          1
          1
          1
          1
          1
          1
          1
          1
          1
          1
          1
          1
          1
          1
          1
          1
          1
          1
          1
          1
          1
          1
          1
          1
          1
          1
          1
          1
          1
          1
          1
          1
          1
          1
          1
          1
          1
          1
          1
          1
          1
          1
          1
          1
          1
          1
          1
          1
          1
          1
          1
          1
          1
          1
          1
          1
          1
          1
          1
          1
          1
          1
          1
          1
          1
          1
          1
          1
          1
          1
          1
          1
          1
          1
          1
          1
          1
          1
          1
          1
          1
          1
          1
          1
          1
          1
          1
          1
          1
          1
          1
          1
          1
          1
          1
          1
          1
          1
          1
          1
          1
          1
          1
          1
          1
          1
          1
          1
          1
          1
          1
          1
          1
          1
          1
          1
          1
          1
          1
          1
          1
          1
          1
          1
          1
          1
          1
          1
          1
          1
          1
          1
          1
          1
          1
          1
          1
          1
          1
          1
          1
          1
          1
          1
          1
          1
          1
          1
          1
          1
          1
          1
          1
          1
          1
          1
          1
          1
          1
          1
          1
          1
          1
          1
          1
          1
          1
          1
          1
          1
          1
          1
          1
          1
          1
          1
          1
          1
          1
          1
          1
          1
          1
          1
          1
          1
          1
          1
          1
          1
          1
          1
          1
          1
          1
          1
          1
          1
          1
          1
          1
          1
          1
          1
          1
          1
          1
          1
          1
          1
          1
          1
          1
          1
          1
          1
          1
          1
          1
          1
          1
          1
          1
          1
          1
          1
          1
          1
          1
          1
          1
          1
          1
          1
          1
          1
          1
          1
          1
          1
          1
          1
          1
          1
          1
          1
          1
          1
          1
          1
          1
          1
          1
          1
          1
          1
          1
          1
          1
          1
          1
          1
          1
          1
          1
          1
          1
          1
          1
          1
          1
          1
          1
          1
          1
          1
          1
          1
          1
          1
          1
          1
          1
          1
          1
          1
          1
          1
          1
          1
          1
          1
          1
          1
          1
          1
          1
          1
          1
          1
          1
          1
          1
          1
          1
          1
          1
          1
          1
          1
          1
          1
          1
          1
          1
          1
          1
          1
          1
          1
          1
          1
          1
          1
          1
          1
          1
          1
          1
          1
          1
          1
          1
          1
          1
          1
          1
          1
          1
          1
          1
          1
          1
          1
          1
          1
          1
          1
          1
          1
          1
          1
          1
          1
          1
          1
          1
          1
          1
          1
          1
          1
          1
          1
          1
          1
          1
          1
          1
          1
          1
          1
          1
          1
          1
          1
          1
          1
          1
          1
          1
          1
          1
          1
          1
          1
          1
          1
          1
          1
          1
          1
          1
          1
          1
          1
          1
          1
          1
          1
          1
          1
          1
          1
          1
          1
          1
          1
          1
          1
          1
          1
          1
          1
          1
          1
          1
          1
          1
          1
          1
          1
          1
          1
          1
          1
          1
          1
          1
          1
          1
          1
          1
          1
          1
          1
          1
          1
          1
          1
          1
          1
          1
          1
          1
          1
          1
          1
          1
          1
          1
          1
          1
          1
          1
          1
          1
          1
          1
          1
          1
   0.999999
   0.999999
   0.999999
   0.999999
   0.999999
   0.999999
          1
          1
          1
          1
          1
          1
          1
          1
          1
          1
          1
          1
          1
          1
          1
          1
          1
          1
          1
          1
          1
          1
          1
          1
          1
          1
          1
          1
          1
          1
          1
          1
          1
          1
          1
          1
          1
          1
          1
          1
          1
          1
          1
          1
          1
          1
          1
          1
          1
          1
   0.999999
   0.999998
   0.999996
   0.999994
    0.99999
   0.999987
   0.999985
   0.999985
   0.999987
   0.999991
   0.999994
   0.999996
   0.999998
   0.999999
          1
          1
          1
          1
          1
          1
          1
          1
          1
          1
          1
          1
          1
          1
          1
          1
          1
          1
          1
          1
          1
          1
          1
          1
          1
          1
          1
          1
          1
          1
          1
          1
          1
          1
          1
          1
          1
          1
          1
          1
          1
          1
          1
          1
   0.999999
   0.999997
    0.99999
   0.999978
   0.999953
   0.999915
   0.999866
   0.999821
   0.999788
   0.999789
   0.999818
   0.999867
   0.999915
   0.999953
   0.999977
   0.999991
   0.999997
   0.999999
          1
          1
          1
          1
          1
          1
          1
          1
          1
          1
          1
          1
          1
          1
          1
          1
          1
          1
          1
          1
          1
          1
          1
          1
          1
          1
          1
          1
          1
          1
          1
          1
          1
          1
          1
          1
          1
          1
          1
          1
   0.999999
   0.999996
   0.999987
   0.999958
   0.999882
   0.999707
   0.999373
   0.998845
   0.998155
   0.997449
   0.997024
   0.996996
    0.99745
   0.998152
   0.998846
   0.999371
   0.999708
   0.999881
   0.999958
   0.999987
   0.999996
   0.999999
          1
          1
          1
          1
          1
          1
          1
          1
          1
          1
          1
          1
          1
          1
          1
          1
          1
          1
          1
          1
          1
          1
          1
          1
          1
          1
          1
          1
          1
          1
          1
          1
          1
          1
          1
          1
          1
   0.999998
   0.999991
   0.999962
   0.999854
   0.999515
   0.998572
   0.996372
   0.992127
   0.985178
    0.97608
   0.967141
   0.961118
   0.961205
   0.967065
   0.976159
   0.985196
   0.992137
    0.99638
    0.99858
   0.999516
   0.999856
   0.999962
   0.999991
   0.999998
          1
          1
          1
          1
          1
          1
          1
          1
          1
          1
          1
          1
          1
          1
          1
          1
          1
          1
          1
          1
          1
          1
          1
          1
          1
          1
          1
          1
          1
          1
          1
          1
          1
          1
   0.999999
   0.999997
   0.999982
   0.999915
   0.999616
   0.998495
   0.994708
    0.98405
   0.959132
   0.912144
   0.843225
   0.765181
   0.698279
   0.661175
   0.660953
   0.698342
   0.764698
   0.843106
   0.912008
   0.959086
   0.983959
   0.994726
   0.998486
   0.999621
   0.999914
   0.999982
   0.999997
   0.999999
          1
          1
          1
          1
          1
          1
          1
          1
          1
          1
          1
          1
          1
          1
          1
          1
          1
          1
          1
          1
          1
          1
          1
          1
          1
          1
          1
          1
          1
          1
          1
   0.999999
   0.999996
   0.999974
   0.999853
   0.999232
   0.996441
   0.985208
   0.947967
   0.852182
   0.680219
   0.481197
   0.322463
   0.225237
   0.172492
   0.150123
   0.150159
   0.172751
   0.224828
   0.323075
   0.480757
   0.680221
   0.852228
   0.947794
   0.985259
   0.996404
   0.999237
    0.99985
   0.999974
   0.999996
   0.999999
          1
          1
          1
          1
          1
          1
          1
          1
          1
          1
          1
          1
          1
          1
          1
          1
          1
          1
          1
          1
          1
          1
          1
          1
          1
          1
          1
          1
          1
   0.999999
   0.999996
    0.99997
   0.999806
    0.99882
   0.993598
   0.969099
    0.87859
   0.658137
   0.373737
   0.183202
  0.0917858
  0.0528086
  0.0352994
  0.0274286
  0.0242452
  0.0242764
   0.027369
  0.0353192
  0.0526731
  0.0919509
   0.182488
   0.374524
   0.658769
    0.87863
   0.969282
   0.993586
   0.998837
   0.999804
   0.999971
   0.999996
   0.999999
          1
          1
          1
          1
          1
          1
          1
          1
          1
          1
          1
          1
          1
          1
          1
          1
          1
          1
          1
          1
          1
          1
          1
          1
          1
          1
          1
          1
   0.999997
   0.999974
   0.999808
   0.998653
   0.991435
    0.95236
    0.79536
    0.46769
   0.189629
  0.0726334
  0.0323464
  0.0182841
  0.0126721
    0.01034
 0.00928474
 0.00889014
 0.00888382
 0.00929299
  0.0103182
    0.01271
  0.0182239
  0.0324005
  0.0723178
   0.189953
   0.467729
   0.795643
   0.952312
   0.991398
   0.998658
   0.999806
   0.999975
   0.999997
          1
          1
          1
          1
          1
          1
          1
          1
          1
          1
          1
          1
          1
          1
          1
          1
          1
          1
          1
          1
          1
          1
          1
          1
          1
          1
          1
   0.999998
   0.999983
   0.999857
   0.998842
   0.991478
   0.945108
   0.740668
   0.354008
   0.112896
  0.0380068
   0.016937
    0.01061
 0.00850956
 0.00797484
  0.0079827
 0.00815637
 0.00827443
  0.0082777
 0.00814564
  0.0079891
 0.00796116
 0.00852358
  0.0105693
  0.0169765
  0.0378622
   0.113157
   0.353819
   0.741006
   0.945259
   0.991487
   0.998848
   0.999857
   0.999983
   0.999998
          1
          1
          1
          1
          1
          1
          1
          1
          1
          1
          1
          1
          1
          1
          1
          1
          1
          1
          1
          1
          1
          1
          1
          1
          1
   0.999999
   0.999991
   0.999917
   0.999249
   0.993753
   0.952741
   0.742132
   0.321109
  0.0866815
  0.0266948
   0.012275
 0.00865695
 0.00801308
 0.00850549
 0.00937881
  0.0103227
  0.0110706
  0.0114868
  0.0114881
  0.0110763
  0.0103123
 0.00938589
 0.00848879
 0.00802761
 0.00863136
  0.0122937
  0.0265722
   0.086958
   0.320458
   0.742302
   0.952949
   0.993738
   0.999258
   0.999918
   0.999991
   0.999999
          1
          1
          1
          1
          1
          1
          1
          1
          1
          1
          1
          1
          1
          1
          1
          1
          1
          1
          1
          1
          1
          1
          1
          1
   0.999997
   0.999963
   0.999633
   0.996568
   0.969985
   0.798531
   0.357321
  0.0873258
  0.0239525
   0.010822
 0.00818023
 0.00835147
 0.00965694
  0.0114312
  0.0133679
  0.0151458
  0.0164869
   0.017217
  0.0172176
  0.0164912
  0.0151414
   0.013366
  0.0114423
 0.00964326
 0.00835945
 0.00816576
  0.0108472
  0.0238578
  0.0874827
   0.357211
   0.798923
   0.969965
    0.99655
   0.999634
   0.999964
   0.999997
          1
          1
          1
          1
          1
          1
          1
          1
          1
          1
          1
          1
          1
          1
          1
          1
          1
          1
          1
          1
          1
          1
          1
   0.999999
   0.999988
   0.999864
   0.998564
   0.985781
   0.882954
   0.473165
   0.115008
  0.0269203
  0.0108455
 0.00809993
 0.00867177
   0.010614
  0.0132837
  0.0163453
  0.0194463
  0.0222143
  0.0243159
   0.025437
  0.0254499
  0.0243053
  0.0222079
  0.0194349
  0.0163392
  0.0132832
  0.0106026
 0.00867033
 0.00808625
  0.0108437
  0.0268391
    0.11488
   0.474096
   0.882888
   0.985824
   0.998571
   0.999863
   0.999988
   0.999999
          1
          1
          1
          1
          1
          1
          1
          1
          1
          1
          1
          1
          1
          1
          1
          1
          1
          1
          1
          1
          1
          1
   0.999997
   0.999961
   0.999546
   0.994964
   0.950799
    0.66792
    0.19486
  0.0386684
  0.0123569
 0.00815829
 0.00864682
  0.0109435
  0.0143326
  0.0184585
  0.0229957
  0.0275201
  0.0315933
  0.0346554
  0.0363349
  0.0363189
  0.0346659
  0.0315754
  0.0275189
  0.0229863
  0.0184524
  0.0143283
  0.0109357
 0.00865039
 0.00814698
  0.0123417
  0.0386134
   0.194527
   0.668022
   0.950675
   0.995003
    0.99955
    0.99996
   0.999997
          1
          1
          1
          1
          1
          1
          1
          1
          1
          1
          1
          1
          1
          1
          1
          1
          1
          1
          1
          1
          1
   0.999999
   0.999991
   0.999889
   0.998674
   0.984996
   0.859841
   0.386485
  0.0747053
  0.0172761
 0.00862824
  0.0083042
   0.010539
  0.0142894
  0.0191821
  0.0249867
   0.031305
  0.0376548
  0.0433667
  0.0477543
  0.0501091
  0.0501272
  0.0477317
  0.0433716
  0.0376417
  0.0313006
  0.0249637
  0.0191813
  0.0142837
  0.0105264
 0.00829835
 0.00861533
  0.0172396
  0.0746806
   0.386401
   0.859682
   0.985128
   0.998674
    0.99989
   0.999991
   0.999999
          1
          1
          1
          1
          1
          1
          1
          1
          1
          1
          1
          1
          1
          1
          1
          1
          1
          1
          1
          1
   0.999998
   0.999979
   0.999728
   0.996629
   0.961514
   0.694715
   0.191032
   0.033476
  0.0106837
 0.00795368
 0.00953881
  0.0131594
  0.0183414
  0.0249058
  0.0326232
  0.0411005
  0.0496803
  0.0574984
  0.0634901
  0.0667717
  0.0667574
  0.0634939
   0.057486
  0.0496785
  0.0410904
  0.0326129
  0.0248914
  0.0183387
  0.0131593
 0.00952825
 0.00795095
   0.010657
  0.0334369
   0.190509
   0.695346
   0.961712
   0.996651
   0.999725
   0.999979
   0.999998
          1
          1
          1
          1
          1
          1
          1
          1
          1
          1
          1
          1
          1
          1
          1
          1
          1
          1
          1
          1
   0.999997
   0.999956
   0.999417
   0.992643
   0.917154
    0.49891
  0.0961619
  0.0187117
 0.00850873
    0.00837
  0.0112697
  0.0161347
  0.0227897
  0.0311294
  0.0409946
   0.051933
  0.0631422
  0.0733987
  0.0813216
  0.0856455
  0.0856619
  0.0813098
   0.073404
  0.0631203
  0.0519295
  0.0409771
  0.0311219
   0.022774
  0.0161291
  0.0112617
 0.00836676
 0.00850373
  0.0186987
   0.096208
   0.497754
   0.917703
   0.992646
   0.999419
   0.999956
   0.999997
          1
          1
          1
          1
          1
          1
          1
          1
          1
          1
          1
          1
          1
          1
          1
          1
          1
          1
          1
          1
   0.999994
    0.99992
   0.998927
   0.986146
    0.85166
   0.338181
  0.0551456
  0.0129108
 0.00789915
 0.00919918
  0.0131348
  0.0191491
  0.0272156
   0.037358
  0.0494505
  0.0630037
  0.0769796
  0.0898463
  0.0997882
   0.105229
   0.105225
  0.0997977
  0.0898381
  0.0769742
  0.0629941
  0.0494468
  0.0373422
  0.0272169
  0.0191338
  0.0131258
  0.0091972
 0.00788992
  0.0128901
  0.0550278
   0.338183
   0.852146
   0.986174
   0.998925
   0.999922
   0.999994
          1
          1
          1
          1
          1
          1
          1
          1
          1
          1
          1
          1
          1
          1
          1
          1
          1
          1
          1
   0.999999
   0.999991
   0.999877
   0.998282
   0.977768
   0.777389
   0.237605
  0.0368254
  0.0104208
 0.00786954
  0.0100934
    0.01485
  0.0218345
  0.0311859
  0.0429574
  0.0571269
  0.0731059
  0.0896865
   0.104959
   0.116741
   0.123152
   0.123164
    0.11673
    0.10496
  0.0896793
  0.0731049
  0.0571028
  0.0429512
  0.0311563
  0.0218403
  0.0148339
  0.0100918
 0.00786663
  0.0104108
  0.0368153
   0.237363
   0.777943
   0.977852
   0.998276
   0.999877
   0.999991
   0.999999
          1
          1
          1
          1
          1
          1
          1
          1
          1
          1
          1
          1
          1
          1
          1
          1
          1
          1
   0.999999
   0.999989
   0.999833
   0.997665
   0.969567
   0.713624
   0.183364
  0.0284921
 0.00935287
 0.00800668
  0.0108124
  0.0161479
  0.0238687
  0.0341648
   0.047228
  0.0629963
  0.0808929
  0.0994771
   0.116578
   0.129737
   0.136866
   0.136865
   0.129737
   0.116582
  0.0994805
  0.0808916
  0.0629979
   0.047203
  0.0341699
  0.0238621
  0.0161421
  0.0108107
 0.00800139
 0.00933525
  0.0285028
   0.182926
   0.714647
   0.969539
   0.997652
   0.999834
   0.999988
   0.999999
          1
          1
          1
          1
          1
          1
          1
          1
          1
          1
          1
          1
          1
          1
          1
          1
          1
          1
   0.999999
   0.999987
   0.999807
    0.99727
   0.964146
   0.679803
   0.159777
  0.0252916
 0.00891675
 0.00812277
  0.0112065
  0.0168563
  0.0249618
  0.0358033
  0.0495302
  0.0662062
  0.0851415
    0.10483
   0.122904
   0.136768
   0.144286
     0.1443
   0.136768
   0.122901
   0.104815
  0.0851376
   0.066184
  0.0495353
  0.0357731
  0.0249579
  0.0168411
  0.0112066
  0.0081202
 0.00890391
  0.0252113
   0.159709
   0.679474
   0.964339
   0.997257
   0.999806
   0.999987
   0.999999
          1
          1
          1
          1
          1
          1
          1
          1
          1
          1
          1
          1
          1
          1
          1
          1
          1
          1
   0.999999
   0.999987
   0.999806
   0.997257
    0.96449
    0.67782
   0.160397
  0.0252158
 0.00893394
 0.00811989
  0.0112115
  0.0168505
   0.024969
  0.0357866
  0.0495418
  0.0661973
  0.0851367
   0.104827
   0.122902
   0.136766
   0.144292
   0.144294
   0.136774
   0.122897
   0.104819
  0.0851357
  0.0662042
  0.0495213
  0.0357853
  0.0249601
   0.016841
   0.011206
 0.00811474
 0.00891446
  0.0252153
   0.159645
    0.67918
   0.964395
   0.997251
   0.999808
   0.999987
   0.999999
          1
          1
          1
          1
          1
          1
          1
          1
          1
          1
          1
          1
          1
          1
          1
          1
          1
          1
   0.999999
   0.999988
   0.999833
   0.997673
   0.969361
   0.715276
   0.182682
   0.028558
  0.0093389
 0.00800756
  0.0108081
  0.0161504
  0.0238595
  0.0341803
  0.0472094
  0.0629928
  0.0808825
  0.0994734
   0.116574
   0.129733
   0.136861
   0.136876
   0.129726
   0.116576
  0.0994627
  0.0808868
  0.0629785
  0.0472157
  0.0341549
   0.023869
  0.0161397
  0.0108101
 0.00801057
 0.00932328
  0.0284932
   0.182974
   0.714672
   0.969589
    0.99765
   0.999833
   0.999988
   0.999999
          1
          1
          1
          1
          1
          1
          1
          1
          1
          1
          1
          1
          1
          1
          1
          1
          1
          1
   0.999999
   0.999991
   0.999876
   0.998286
    0.97786
   0.776488
   0.237799
  0.0367578
  0.0104405
 0.00786936
  0.0100901
   0.014839
  0.0218395
  0.0311689
  0.0429489
  0.0571092
  0.0730924
  0.0896654
   0.104942
   0.116725
   0.123148
   0.123137
   0.116731
    0.10494
  0.0896724
  0.0730974
   0.057108
  0.0429403
  0.0311733
  0.0218348
  0.0148375
  0.0100944
 0.00785627
  0.0104122
  0.0367653
   0.237081
   0.778235
   0.977715
   0.998286
   0.999878
   0.999991
   0.999999
          1
          1
          1
          1
          1
          1
          1
          1
          1
          1
          1
          1
          1
          1
          1
          1
          1
          1
          1
   0.999994
   0.999921
   0.998926
   0.986124
   0.851953
   0.337811
  0.0551412
  0.0128967
 0.00789715
 0.00919587
   0.013136
  0.0191352
  0.0272207
  0.0373472
  0.0494386
  0.0629838
  0.0769633
   0.089831
  0.0997751
    0.10521
   0.105224
  0.0997633
  0.0898361
  0.0769631
  0.0629903
  0.0494336
  0.0373489
  0.0271991
  0.0191402
  0.0131239
 0.00920042
 0.00789451
  0.0128746
  0.0550199
   0.337965
   0.851917
   0.986266
   0.998918
   0.999922
   0.999994
          1
          1
          1
          1
          1
          1
          1
          1
          1
          1
          1
          1
          1
          1
          1
          1
          1
          1
          1
          1
   0.999997
   0.999956
   0.999419
   0.992628
   0.916843
   0.498234
   0.096053
  0.0187452
 0.00850521
 0.00836698
  0.0112615
  0.0161344
  0.0227734
   0.031112
  0.0409803
  0.0519232
  0.0631137
  0.0733836
  0.0812903
  0.0856305
  0.0856187
  0.0813091
  0.0733683
   0.063121
  0.0519169
  0.0409782
  0.0311171
  0.0227788
  0.0161323
  0.0112604
 0.00837022
 0.00849569
  0.0186908
  0.0961414
   0.498167
   0.917806
    0.99261
    0.99942
   0.999957
   0.999997
          1
          1
          1
          1
          1
          1
          1
          1
          1
          1
          1
          1
          1
          1
          1
          1
          1
          1
          1
          1
   0.999998
   0.999979
   0.999728
   0.996628
   0.961598
   0.694644
   0.190803
  0.0334227
  0.0106946
 0.00794719
 0.00954058
  0.0131504
  0.0183476
  0.0248962
  0.0326125
  0.0410916
  0.0496775
  0.0574811
  0.0634857
  0.0667439
  0.0667609
  0.0634745
  0.0574882
  0.0496696
  0.0410915
   0.032606
  0.0248968
  0.0183362
  0.0131479
 0.00953334
  0.0079562
  0.0106587
  0.0334212
   0.190539
   0.695259
   0.961798
   0.996648
   0.999727
   0.999979
   0.999998
          1
          1
          1
          1
          1
          1
          1
          1
          1
          1
          1
          1
          1
          1
          1
          1
          1
          1
          1
          1
   0.999999
   0.999991
    0.99989
   0.998676
   0.984897
   0.860579
   0.386071
   0.074893
  0.0172762
 0.00863404
 0.00829682
  0.0105382
  0.0142771
  0.0191857
  0.0249693
  0.0312967
  0.0376334
   0.043366
  0.0477187
  0.0501111
  0.0500867
  0.0477376
  0.0433471
  0.0376417
   0.031289
  0.0249689
  0.0191719
  0.0142773
  0.0105365
 0.00829844
 0.00862223
  0.0172284
  0.0746087
   0.386745
   0.859703
   0.985135
   0.998671
   0.999889
   0.999991
   0.999999
          1
          1
          1
          1
          1
          1
          1
          1
          1
          1
          1
          1
          1
          1
          1
          1
          1
          1
          1
          1
          1
   0.999997
   0.999961
   0.999545
   0.995006
   0.950403
   0.668668
   0.194034
  0.0387137
   0.012352
  0.0081662
 0.00864929
  0.0109449
  0.0143299
  0.0184527
  0.0229857
  0.0275167
  0.0315727
  0.0346588
  0.0363165
  0.0363337
  0.0346516
  0.0315809
  0.0275157
  0.0229856
  0.0184566
   0.014325
  0.0109424
 0.00864041
 0.00814442
  0.0123501
  0.0385343
   0.195309
   0.666788
    0.95084
   0.995003
   0.999546
   0.999961
   0.999997
          1
          1
          1
          1
          1
          1
          1
          1
          1
          1
          1
          1
          1
          1
          1
          1
          1
          1
          1
          1
          1
          1
   0.999999
   0.999988
   0.999863
   0.998549
   0.985882
   0.882516
   0.473813
   0.114923
  0.0268516
  0.0108366
 0.00810425
 0.00867139
  0.0106079
  0.0132896
  0.0163364
  0.0194299
  0.0222109
   0.024299
  0.0254391
  0.0254335
  0.0243122
   0.022202
  0.0194355
  0.0163387
  0.0132795
  0.0106043
 0.00866824
 0.00809213
  0.0108389
   0.026831
   0.115134
   0.472404
   0.883306
    0.98583
   0.998569
   0.999863
   0.999987
   0.999999
          1
          1
          1
          1
          1
          1
          1
          1
          1
          1
          1
          1
          1
          1
          1
          1
          1
          1
          1
          1
          1
          1
          1
   0.999997
   0.999964
   0.999633
   0.996514
   0.969987
   0.797744
   0.357407
  0.0875539
  0.0238811
  0.0108291
 0.00817797
  0.0083638
  0.0096439
  0.0114421
  0.0133715
  0.0151422
  0.0164897
  0.0172116
  0.0172204
  0.0164851
  0.0151389
  0.0133661
  0.0114393
 0.00965094
 0.00835738
  0.0081759
    0.01082
  0.0238932
  0.0875521
   0.355587
   0.799937
   0.969897
   0.996562
   0.999636
   0.999963
   0.999997
          1
          1
          1
          1
          1
          1
          1
          1
          1
          1
          1
          1
          1
          1
          1
          1
          1
          1
          1
          1
          1
          1
          1
          1
   0.999999
   0.999991
   0.999917
   0.999257
   0.993721
   0.952952
   0.740679
   0.320651
  0.0867549
  0.0266323
   0.012285
 0.00864251
 0.00803153
  0.0084982
 0.00938315
   0.010325
  0.0110772
  0.0114963
  0.0114906
  0.0110791
  0.0103199
 0.00938373
 0.00850007
 0.00802431
 0.00863112
  0.0122666
  0.0265873
  0.0869322
   0.319344
    0.74387
   0.952713
   0.993713
   0.999257
   0.999918
   0.999991
   0.999999
          1
          1
          1
          1
          1
          1
          1
          1
          1
          1
          1
          1
          1
          1
          1
          1
          1
          1
          1
          1
          1
          1
          1
          1
          1
   0.999998
   0.999983
   0.999855
   0.998846
   0.991484
   0.945424
   0.739928
   0.353597
    0.11277
  0.0379121
  0.0169632
  0.0105843
 0.00851687
 0.00797479
 0.00798371
 0.00815549
 0.00827134
 0.00828178
 0.00814883
 0.00798393
 0.00796508
 0.00851702
  0.0105663
  0.0169666
   0.037881
   0.113314
   0.352814
   0.742778
   0.945144
   0.991506
   0.998844
   0.999858
   0.999983
   0.999998
          1
          1
          1
          1
          1
          1
          1
          1
          1
          1
          1
          1
          1
          1
          1
          1
          1
          1
          1
          1
          1
          1
          1
          1
          1
          1
          1
   0.999997
   0.999975
   0.999805
   0.998645
   0.991368
   0.952341
   0.794684
   0.467436
   0.189417
  0.0722424
  0.0323405
  0.0182348
  0.0126725
  0.0103319
 0.00928435
 0.00889395
 0.00888022
 0.00929087
  0.0103209
  0.0126968
  0.0182221
  0.0323977
  0.0722351
   0.190223
   0.465922
   0.796464
   0.952202
    0.99143
    0.99865
   0.999809
   0.999975
   0.999997
          1
          1
          1
          1
          1
          1
          1
          1
          1
          1
          1
          1
          1
          1
          1
          1
          1
          1
          1
          1
          1
          1
          1
          1
          1
          1
          1
          1
   0.999999
   0.999996
   0.999971
   0.999804
   0.998827
   0.993574
   0.969198
   0.878408
   0.658432
   0.374063
   0.182846
   0.091712
  0.0527451
  0.0352311
  0.0274232
  0.0241963
  0.0242603
  0.0273297
  0.0352918
  0.0525674
  0.0919156
   0.182258
    0.37485
   0.656747
   0.879277
    0.96912
    0.99361
    0.99883
   0.999807
    0.99997
   0.999996
   0.999999
          1
          1
          1
          1
          1
          1
          1
          1
          1
          1
          1
          1
          1
          1
          1
          1
          1
          1
          1
          1
          1
          1
          1
          1
          1
          1
          1
          1
          1
   0.999999
   0.999996
   0.999974
   0.999852
   0.999231
   0.996397
   0.985186
   0.947709
   0.851796
   0.679793
    0.48097
   0.322225
   0.225295
   0.172067
    0.15035
   0.149746
   0.172819
   0.224379
   0.323216
   0.480186
   0.680967
    0.85144
   0.948284
    0.98515
   0.996424
   0.999233
   0.999852
   0.999974
   0.999996
   0.999999
          1
          1
          1
          1
          1
          1
          1
          1
          1
          1
          1
          1
          1
          1
          1
          1
          1
          1
          1
          1
          1
          1
          1
          1
          1
          1
          1
          1
          1
          1
          1
   0.999999
   0.999997
   0.999983
   0.999914
   0.999618
   0.998485
   0.994705
   0.984022
   0.958998
   0.911763
   0.843161
   0.763928
   0.698837
   0.659747
   0.661346
   0.697228
   0.765252
   0.842363
   0.912361
     0.9589
   0.984092
   0.994668
    0.99849
   0.999618
   0.999914
   0.999983
   0.999997
   0.999999
          1
          1
          1
          1
          1
          1
          1
          1
          1
          1
          1
          1
          1
          1
          1
          1
          1
          1
          1
          1
          1
          1
          1
          1
          1
          1
          1
          1
          1
          1
          1
          1
          1
          1
   0.999998
   0.999991
   0.999962
   0.999855
   0.999516
   0.998576
   0.996385
   0.992126
   0.985116
   0.976225
   0.966874
    0.96131
    0.96085
   0.967162
   0.975984
   0.985286
   0.992057
   0.996409
   0.998567
   0.999521
   0.999855
   0.999962
   0.999991
   0.999998
          1
          1
          1
          1
          1
          1
          1
          1
          1
          1
          1
          1
          1
          1
          1
          1
          1
          1
          1
          1
          1
          1
          1
          1
          1
          1
          1
          1
          1
          1
          1
          1
          1
          1
          1
          1
          1
   0.999999
   0.999996
   0.999987
   0.999958
   0.999881
   0.999708
   0.999373
   0.998851
   0.998139
   0.997469
   0.996998
   0.997023
   0.997437
   0.998171
   0.998835
    0.99938
   0.999704
   0.999882
   0.999957
   0.999987
   0.999996
   0.999999
          1
          1
          1
          1
          1
          1
          1
          1
          1
          1
          1
          1
          1
          1
          1
          1
          1
          1
          1
          1
          1
          1
          1
          1
          1
          1
          1
          1
          1
          1
          1
          1
          1
          1
          1
          1
          1
          1
          1
          1
   0.999999
   0.999997
   0.999991
   0.999977
   0.999953
   0.999915
   0.999867
   0.999819
   0.999789
   0.999787
    0.99982
   0.999866
   0.999916
   0.999952
   0.999978
   0.999991
   0.999997
   0.999999
          1
          1
          1
          1
          1
          1
          1
          1
          1
          1
          1
          1
          1
          1
          1
          1
          1
          1
          1
          1
          1
          1
          1
          1
          1
          1
          1
          1
          1
          1
          1
          1
          1
          1
          1
          1
          1
          1
          1
          1
          1
          1
          1
          1
   0.999999
   0.999998
   0.999996
   0.999994
    0.99999
   0.999987
   0.999985
   0.999985
   0.999987
    0.99999
   0.999994
   0.999997
   0.999998
   0.999999
          1
          1
          1
          1
          1
          1
          1
          1
          1
          1
          1
          1
          1
          1
          1
          1
          1
          1
          1
          1
          1
          1
          1
          1
          1
          1
          1
          1
          1
          1
          1
          1
          1
          1
          1
          1
          1
          1
          1
          1
          1
          1
          1
          1
          1
          1
          1
          1
          1
          1
   0.999999
   0.999999
   0.999999
   0.999999
   0.999999
   0.999999
          1
          1
          1
          1
          1
          1
          1
          1
          1
          1
          1
          1
          1
          1
          1
          1
          1
          1
          1
          1
          1
          1
          1
          1
          1
          1
          1
          1
          1
          1
          1
          1
          1
          1
          1
          1
          1
          1
          1
          1
          1
          1
          1
          1
          1
          1
          1
          1
          1
          1
          1
          1
          1
          1
          1
          1
          1
          1
          1
          1
          1
          1
          1
          1
          1
          1
          1
          1
          1
          1
          1
          1
          1
          1
          1
          1
          1
          1
          1
          1
          1
          1
          1
          1
          1
          1
          1
          1
          1
          1
          1
          1
          1
          1
          1
          1
          1
          1
          1
          1
          1
          1
          1
          1
          1
          1
          1
          1
          1
          1
          1
          1
          1
          1
          1
          1
          1
          1
          1
          1
          1
          1
          1
          1
          1
          1
          1
          1
          1
          1
          1
          1
          1
          1
          1
          1
          1
          1
          1
          1
          1
          1
          1
          1
          1
          1
          1
          1
          1
          1
          1
          1
          1
          1
          1
          1
          1
          1
          1
          1
          1
          1
          1
          1
          1
          1
          1
          1
          1
          1
          1
          1
          1
          1
          1
          1
          1
          1
          1
          1
          1
          1
          1
          1
          1
          1
          1
          1
          1
          1
          1
          1
          1
          1
          1
          1
          1
          1
          1
          1
          1
          1
          1
          1
          1
          1
          1
          1
          1
          1
          1
          1
          1
          1
          1
          1
          1
          1
          1
          1
          1
          1
          1
          1
          1
          1
          1
          1
          1
          1
          1
          1
          1
          1
          1
          1
          1
          1
          1
          1
          1
          1
          1
          1
          1
          1
          1
          1
          1
          1
          1
          1
          1
          1
          1
          1
          1
          1
          1
          1
          1
          1
          1
          1
          1
          1
          1
          1
          1
          1
          1
          1
          1
          1
          1
          1
          1
          1
          1
          1
          1
          1
          1
          1
          1
          1
          1
          1
          1
          1
          1
          1
          1
          1
          1
          1
          1
          1
          1
          1
          1
          1
          1
          1
          1
          1
          1
          1
          1
          1
          1
          1
          1
          1
          1
          1
          1
          1
          1
          1
          1
          1
          1
          1
          1
          1
          1
          1
          1
          1
          1
          1
          1
          1
          1
          1
          1
          1
          1
          1
          1
          1
          1
          1
          1
          1
          1
          1
          1
          1
          1
          1
          1
          1
          1
          1
          1
          1
          1
          1
          1
          1
          1
          1
          1
          1
          1
          1
          1
          1
          1
          1
          1
          1
          1
          1
          1
          1
          1
          1
          1
          1
          1
          1
          1
          1
          1
          1
          1
          1
          1
          1
          1
          1
          1
          1
          1
          1
          1
          1
          1
          1
          1
          1
          1
          1
          1
          1
          1
          1
          1
          1
          1
          1
          1
          1
          1
          1
          1
          1
          1
          1
          1
          1
          1
          1
          1
          1
          1
          1
          1
          1
          1
          1
          1
          1
          1
          1
          1
          1
          1
          1
          1
          1
          1
          1
          1
          1
          1
          1
          1
          1
          1
          1
          1
          1
          1
          1
          1
          1
          1
          1
          1
          1
          1
          1
          1
          1
          1
          1
          1
          1
          1
          1
          1
          1
          1
          1
          1
          1
          1
          1
          1
          1
          1
          1
          1
          1
          1
          1
          1
          1
          1
          1
          1
          1
          1
          1
          1
          1
          1
          1
          1
          1
          1
          1
          1
          1
          1
          1
          1
          1
          1
          1
          1
          1
          1
          1
          1
          1
          1
          1
          1
          1
          1
          1
          1
          1
          1
          1
          1
          1
          1
          1
          1
          1
          1
          1
          1
          1
          1
          1
          1
          1
          1
          1
          1
          1
          1
          1
          1
          1
          1
          1
          1
          1
          1
          1
          1
          1
          1
          1
          1
          1
          1
          1
          1
          1
          1
          1
          1
          1
          1
          1
          1
          1
          1
          1
          1
          1
          1
          1
          1
          1
          1
          1
          1
          1
          1
          1
          1
          1
          1
          1
          1
          1
          1
          1
          1
          1
          1
          1
          1
          1
          1
          1
          1
          1
          1
          1
          1
          1
          1
          1
          1
          1
          1
          1
          1
          1
          1
          1
          1
          1
          1
          1
          1
          1
          1
          1
          1
          1
          1
          1
          1
          1
          1
          1
          1
          1
          1
          1
          1
          1
          1
          1
          1
          1
          1
          1
          1
          1
          1
          1
          1
          1
          1
          1
          1
          1
          1
          1
          1
          1
          1
          1
          1
          1
          1
          1
          1
          1
          1
          1
          1
          1
          1
          1
          1
          1
          1
          1
          1
          1
          1
          1
          1
          1
          1
          1
          1
          1
          1
          1
          1
          1
          1
          1
          1
          1
          1
          1
          1
          1
          1
          1
          1
          1
          1
          1
          1
          1
          1
          1
          1
          1
          1
          1
          1
          1
          1
          1
          1
          1
          1
          1
          1
          1
          1
          1
          1
          1
          1
          1
          1
          1
          1
          1
          1
          1
          1
          1
          1
          1
          1
          1
          1
          1
          1
          1
          1
          1
          1
          1
          1
          1
          1
          1
          1
          1
          1
          1
          1
          1
          1
          1
          1
          1
          1
          1
          1
          1
          1
          1
          1
          1
          1
          1
          1
          1
          1
          1
          1
          1
          1
          1
          1
          1
          1
          1
          1
          1
          1
          1
          1
          1
          1
          1
          1
          1
          1
          1
          1
          1
          1
          1
          1
          1
          1
          1
          1
          1
          1
          1
          1
          1
          1
          1
          1
          1
          1
          1
          1
          1
          1
          1
          1
          1
          1
          1
          1
          1
          1
          1
          1
          1
          1
          1
          1
          1
          1
          1
          1
          1
          1
          1
          1
          1
          1
          1
          1
          1
          1
          1
          1
          1
          1
          1
          1
          1
          1
          1
          1
          1
          1
          1
          1
          1
          1
          1
          1
          1
          1
          1
          1
          1
          1
          1
          1
          1
          1
          1
          1
          1
          1
          1
          1
          1
          1
          1
          1
          1
          1
          1
          1
          1
          1
          1
          1
          1
          1
          1
          1
          1
          1
          1
          1
          1
          1
          1
          1
          1
          1
          1
          1
          1
          1
          1
          1
          1
          1
          1
          1
          1
          1
          1
          1
          1
          1
          1
          1
          1
          1
          1
          1
          1
          1
          1
          1
          1
          1
          1
          1
          1
          1
          1
          1
          1
          1
          1
          1
          1
          1
          1
          1
          1
          1
          1
          1
          1
          1
          1
          1
          1
          1
          1
          1
          1
          1
          1
          1
          1
          1
          1
          1
          1
          1
          1
          1
          1
          1
          1
          1
          1
          1
          1
          1
          1
          1
          1
          1
          1
          1
          1
          1
          1
          1
          1
          1
          1
          1
          1
          1
          1
          1
          1
          1
          1
          1
          1
          1
          1
          1
          1
          1
          1
          1
          1
          1
          1
          1
          1
          1
          1
          1
          1
          1
          1
          1
          1
          1
          1
          1
          1
          1
          1
          1
          1
          1
          1
          1
          1
          1
          1
          1
          1
          1
          1
          1
          1
          1
          1
          1
          1
          1
          1
          1
          1
          1
          1
          1
          1
          1
          1
          1
          1
          1
          1
          1
          1
          1
          1
          1
          1
          1
          1
          1
          1
          1
          1
          1
          1
          1
          1
          1
          1
          1
          1
          1
          1
          1
          1
          1
          1
          1
          1
          1
          1
          1
          1
          1
          1
          1
          1
          1
          1
          1
          1
          1
          1
          1
          1
          1
          1
          1
          1
          1
          1
          1
          1
          1
          1
          1
          1
          1
          1
          1
          1
          1
          1
          1
   0.999999
   0.999999
   0.999997
   0.999996
   0.999995
   0.999994
   0.999994
   0.999995
   0.999996
   0.999997
   0.999999
   0.999999
          1
          1
          1
          1
          1
          1
          1
          1
          1
          1
          1
          1
          1
          1
          1
          1
          1
          1
          1
          1
          1
          1
          1
          1
          1
          1
          1
          1
          1
          1
          1
          1
          1
          1
          1
          1
          1
          1
          1
          1
          1
          1
          1
          1
          1
   0.999999
   0.999998
   0.999996
    0.99999
   0.999979
   0.999962
    0.99994
   0.999919
   0.999906
   0.999905
   0.999919
    0.99994
   0.999962
   0.999978
    0.99999
   0.999996
   0.999998
   0.999999
          1
          1
          1
          1
          1
          1
          1
          1
          1
          1
          1
          1
          1
          1
          1
          1
          1
          1
          1
          1
          1
          1
          1
          1
          1
          1
          1
          1
          1
          1
          1
          1
          1
          1
          1
          1
          1
          1
          1
          1
          1
   0.999998
   0.999994
   0.999979
   0.999941
   0.999855
   0.999688
   0.999424
   0.999082
   0.998738
   0.998527
   0.998525
   0.998736
   0.999083
   0.999426
    0.99969
   0.999854
   0.999942
   0.999979
   0.999994
   0.999998
          1
          1
          1
          1
          1
          1
          1
          1
          1
          1
          1
          1
          1
          1
          1
          1
          1
          1
          1
          1
          1
          1
          1
          1
          1
          1
          1
          1
          1
          1
          1
          1
          1
          1
          1
          1
          1
          1
   0.999999
   0.999995
   0.999979
   0.999919
   0.999731
   0.999208
   0.997985
    0.99556
   0.991637
    0.98645
   0.981408
   0.978067
   0.978078
    0.98134
    0.98654
   0.991644
   0.995574
   0.997996
   0.999211
   0.999732
   0.999919
   0.999979
   0.999995
   0.999999
          1
          1
          1
          1
          1
          1
          1
          1
          1
          1
          1
          1
          1
          1
          1
          1
          1
          1
          1
          1
          1
          1
          1
          1
          1
          1
          1
          1
          1
          1
          1
          1
          1
          1
          1
   0.999998
   0.999989
   0.999946
   0.999759
   0.999052
   0.996661
   0.989935
   0.973819
   0.942814
   0.894656
   0.837381
   0.784978
   0.755526
   0.754958
   0.785318
   0.836907
   0.894719
   0.942577
   0.973878
   0.989913
   0.996682
   0.999053
    0.99976
   0.999946
   0.999989
   0.999998
          1
          1
          1
          1
          1
          1
          1
          1
          1
          1
          1
          1
          1
          1
          1
          1
          1
          1
          1
          1
          1
          1
          1
          1
          1
          1
          1
          1
          1
          1
          1
          1
          1
   0.999997
   0.999981
   0.999894
   0.999449
   0.997449
   0.989414
   0.962205
   0.889059
   0.747233
   0.560854
   0.395043
   0.282476
   0.219948
   0.192322
   0.192465
   0.219888
   0.282937
   0.394483
    0.56087
   0.747222
   0.889319
   0.962095
   0.989441
   0.997445
   0.999454
   0.999893
   0.999981
   0.999997
          1
          1
          1
          1
          1
          1
          1
          1
          1
          1
          1
          1
          1
          1
          1
          1
          1
          1
          1
          1
          1
          1
          1
          1
          1
          1
          1
          1
          1
          1
          1
   0.999997
   0.999976
    0.99984
   0.999036
   0.994761
   0.974674
   0.898228
    0.69949
   0.418597
   0.210455
   0.106266
  0.0604558
  0.0400105
  0.0307667
  0.0271112
  0.0270887
  0.0307546
  0.0400415
  0.0603991
   0.106258
   0.210318
    0.41889
   0.699892
   0.898194
   0.974629
   0.994753
   0.999052
    0.99984
   0.999976
   0.999997
          1
          1
          1
          1
          1
          1
          1
          1
          1
          1
          1
          1
          1
          1
          1
          1
          1
          1
          1
          1
          1
          1
          1
          1
          1
          1
          1
          1
          1
   0.999997
   0.999976
   0.999819
   0.998721
   0.991904
   0.954762
   0.804164
   0.479309
   0.196634
   0.075007
  0.0332882
  0.0186768
  0.0129194
  0.0104878
 0.00942237
 0.00901092
 0.00901003
 0.00941947
  0.0104865
   0.012923
  0.0186417
  0.0333669
  0.0750195
    0.19676
   0.479986
   0.804549
   0.954841
   0.991865
   0.998743
   0.999818
   0.999977
   0.999997
          1
          1
          1
          1
          1
          1
          1
          1
          1
          1
          1
          1
          1
          1
          1
          1
          1
          1
          1
          1
          1
          1
          1
          1
          1
          1
          1
   0.999998
   0.999982
   0.999845
   0.998738
   0.990656
   0.939974
   0.721475
   0.331771
   0.104331
  0.0353052
  0.0161784
  0.0104537
 0.00868351
 0.00833675
 0.00849434
 0.00876273
 0.00894505
 0.00893665
  0.0087607
 0.00849715
 0.00833206
 0.00868802
   0.010439
  0.0162017
  0.0352406
   0.104192
   0.331876
   0.721651
   0.940183
   0.990628
   0.998751
   0.999844
   0.999982
   0.999998
          1
          1
          1
          1
          1
          1
          1
          1
          1
          1
          1
          1
          1
          1
          1
          1
          1
          1
          1
          1
          1
          1
          1
          1
          1
   0.999999
   0.999989
   0.999897
   0.999054
    0.99204
   0.940105
   0.690517
   0.267742
  0.0705832
  0.0227285
  0.0114526
 0.00882829
 0.00875179
 0.00969092
  0.0110033
  0.0123236
  0.0133766
  0.0139468
  0.0139539
  0.0133717
  0.0123227
  0.0110074
 0.00968144
 0.00876379
 0.00882043
  0.0114701
  0.0226921
   0.070548
    0.26727
   0.689673
   0.940344
   0.992021
   0.999061
   0.999898
   0.999989
   0.999999
          1
          1
          1
          1
          1
          1
          1
          1
          1
          1
          1
          1
          1
          1
          1
          1
          1
          1
          1
          1
          1
          1
          1
          1
   0.999995
   0.999947
   0.999461
   0.994931
   0.955553
     0.7244
   0.269369
  0.0623101
  0.0188234
  0.0100417
 0.00878406
  0.0098453
  0.0120121
  0.0147183
  0.0176008
   0.020257
  0.0222743
  0.0233859
  0.0233791
  0.0222875
   0.020257
  0.0176001
  0.0147237
  0.0120044
 0.00985515
 0.00877578
  0.0100621
  0.0187754
  0.0622533
   0.268785
   0.724341
   0.955658
   0.994904
   0.999469
   0.999948
   0.999995
          1
          1
          1
          1
          1
          1
          1
          1
          1
          1
          1
          1
          1
          1
          1
          1
          1
          1
          1
          1
          1
          1
          1
   0.999998
   0.999979
   0.999769
   0.997552
   0.975404
   0.808429
   0.335134
  0.0713692
  0.0188662
 0.00972747
 0.00896806
  0.0108491
  0.0141743
  0.0184545
  0.0233204
  0.0283081
  0.0328032
  0.0362491
  0.0380926
  0.0381109
  0.0362361
  0.0328048
  0.0283005
   0.023317
  0.0184587
  0.0141691
  0.0108541
 0.00895871
 0.00973308
  0.0188234
  0.0712658
   0.335563
   0.809499
   0.975355
   0.997553
    0.99977
    0.99998
   0.999998
          1
          1
          1
          1
          1
          1
          1
          1
          1
          1
          1
          1
          1
          1
          1
          1
          1
          1
          1
          1
          1
          1
   0.999994
   0.999924
   0.999095
   0.989827
   0.902401
   0.486835
    0.10662
  0.0229519
  0.0100366
 0.00893406
  0.0112074
  0.0154208
  0.0211551
  0.0281223
   0.035873
  0.0437313
  0.0508635
  0.0562651
   0.059231
  0.0592132
  0.0562824
  0.0508473
   0.043736
  0.0358694
  0.0281231
  0.0211609
  0.0154145
  0.0112133
 0.00893253
  0.0100374
   0.022943
   0.106344
   0.487899
   0.902292
   0.989875
   0.999104
   0.999924
   0.999994
          1
          1
          1
          1
          1
          1
          1
          1
          1
          1
          1
          1
          1
          1
          1
          1
          1
          1
          1
          1
          1
   0.999999
   0.999981
   0.999747
   0.996856
   0.964474
   0.709988
   0.203434
   0.036031
  0.0115178
 0.00871613
  0.0107643
  0.0153524
  0.0220955
  0.0307974
  0.0412563
  0.0528291
  0.0646238
  0.0752831
  0.0834803
  0.0879069
  0.0879361
   0.083472
  0.0753053
  0.0646249
  0.0528481
  0.0412566
  0.0308155
  0.0220958
  0.0153482
   0.010768
 0.00871448
  0.0115031
  0.0360442
   0.203488
   0.710409
   0.964398
   0.996875
    0.99975
   0.999981
   0.999999
          1
          1
          1
          1
          1
          1
          1
          1
          1
          1
          1
          1
          1
          1
          1
          1
          1
          1
          1
          1
   0.999996
   0.999945
   0.999261
   0.990575
   0.895295
    0.43298
    0.07777
  0.0165005
 0.00876397
 0.00972195
  0.0139912
  0.0209947
  0.0306842
  0.0431138
  0.0579386
  0.0744849
  0.0913403
   0.106663
   0.118369
   0.124751
    0.12474
   0.118381
   0.106658
  0.0913587
  0.0744881
  0.0579662
   0.043109
  0.0306994
  0.0209967
  0.0139947
 0.00971725
  0.0087702
  0.0164827
  0.0779377
   0.433145
   0.895339
   0.990645
   0.999264
   0.999946
   0.999996
          1
          1
          1
          1
          1
          1
          1
          1
          1
          1
          1
          1
          1
          1
          1
          1
          1
          1
          1
   0.999999
   0.999991
   0.999866
   0.998125
   0.975538
   0.760646
   0.220579
  0.0346345
   0.010507
 0.00862653
  0.0117798
  0.0181669
  0.0278039
  0.0409742
  0.0577534
  0.0779288
   0.100478
   0.123491
   0.144271
   0.160056
   0.168575
   0.168592
   0.160067
   0.144279
   0.123502
   0.100494
  0.0779496
  0.0577679
  0.0409594
  0.0278073
  0.0181668
  0.0117775
 0.00863049
  0.0105079
  0.0346348
    0.22039
    0.76024
   0.975623
   0.998143
   0.999865
   0.999991
   0.999999
          1
          1
          1
          1
          1
          1
          1
          1
          1
          1
          1
          1
          1
          1
          1
          1
          1
          1
   0.999999
   0.999981
   0.999715
   0.995883
   0.946654
   0.578762
   0.112126
  0.0191965
 0.00864255
 0.00947222
  0.0143935
  0.0228783
  0.0353677
  0.0523139
  0.0740216
    0.10019
   0.129437
   0.159047
   0.185453
    0.20517
   0.215666
   0.215664
   0.205175
   0.185455
   0.159059
   0.129458
   0.100211
  0.0740254
  0.0523305
  0.0353642
  0.0228845
  0.0143852
 0.00947473
 0.00863101
  0.0192083
   0.112114
   0.578633
   0.946692
   0.995908
   0.999714
   0.999981
   0.999999
          1
          1
          1
          1
          1
          1
          1
          1
          1
          1
          1
          1
          1
          1
          1
          1
          1
          1
   0.999998
   0.999965
   0.999473
   0.992272
   0.901556
   0.413067
   0.063689
  0.0131829
 0.00819452
  0.0107015
  0.0171507
  0.0276941
  0.0430078
  0.0638308
  0.0905538
   0.122837
   0.158662
   0.194393
   0.225558
   0.248309
   0.260229
   0.260236
   0.248303
   0.225548
   0.194413
   0.158655
    0.12284
  0.0905687
  0.0638197
  0.0430313
  0.0276856
  0.0171541
  0.0107049
 0.00820154
  0.0131631
  0.0637971
    0.41274
   0.901822
   0.992295
   0.999469
   0.999965
   0.999998
          1
          1
          1
          1
          1
          1
          1
          1
          1
          1
          1
          1
          1
          1
          1
          1
          1
          1
   0.999996
   0.999946
   0.999161
   0.987522
    0.84783
   0.297912
  0.0421733
  0.0105761
 0.00829988
  0.0119425
  0.0197048
  0.0320357
  0.0499318
  0.0742122
   0.105535
   0.143234
   0.184663
   0.225151
   0.259584
   0.284153
   0.296804
   0.296801
   0.284163
    0.25958
   0.225144
    0.18467
   0.143257
   0.105543
  0.0742474
  0.0499152
  0.0320549
  0.0196893
  0.0119542
 0.00830033
  0.0105821
  0.0421258
   0.297993
   0.847666
   0.987603
   0.999156
   0.999946
   0.999997
          1
          1
          1
          1
          1
          1
          1
          1
          1
          1
          1
          1
          1
          1
          1
          1
          1
          1
   0.999995
   0.999927
   0.998855
   0.982926
    0.79859
   0.233777
  0.0322476
 0.00946642
 0.00851838
  0.0129417
  0.0216396
  0.0353609
   0.055161
  0.0821872
    0.11696
     0.1587
    0.20403
    0.24754
   0.283802
   0.309152
   0.322022
    0.32204
   0.309149
   0.283785
   0.247539
   0.204013
     0.1587
   0.116979
  0.0821665
  0.0551795
  0.0353519
  0.0216412
  0.0129455
 0.00852659
 0.00945088
  0.0322621
   0.233288
   0.799372
   0.982966
   0.998853
   0.999928
   0.999995
          1
          1
          1
          1
          1
          1
          1
          1
          1
          1
          1
          1
          1
          1
          1
          1
          1
          1
   0.999995
   0.999915
   0.998677
   0.979866
   0.771827
   0.204432
  0.0284588
 0.00900441
 0.00869121
  0.0134776
  0.0227103
  0.0371289
  0.0580261
  0.0864628
   0.123177
    0.16702
   0.214298
   0.259256
   0.296242
   0.321824
   0.334718
   0.334716
   0.321823
   0.296236
   0.259249
   0.214312
   0.167034
    0.12317
  0.0864904
  0.0580239
  0.0371523
  0.0226871
  0.0134894
 0.00869447
 0.00901482
  0.0284087
   0.204704
   0.771518
   0.980044
   0.998665
   0.999916
   0.999995
          1
          1
          1
          1
          1
          1
          1
          1
          1
          1
          1
          1
          1
          1
          1
          1
          1
          1
   0.999995
   0.999916
   0.998668
   0.980077
   0.770268
   0.205575
   0.028332
 0.00903136
 0.00867711
  0.0134884
  0.0226874
  0.0371486
   0.057998
  0.0864867
   0.123164
   0.167022
    0.21432
   0.259245
   0.296248
   0.321826
   0.334703
   0.334717
   0.321813
   0.296222
   0.259245
   0.214302
   0.167018
   0.123182
  0.0864803
   0.058026
  0.0371494
   0.022688
  0.0134928
  0.0086838
 0.00901963
  0.0284101
    0.20484
   0.770947
   0.980098
   0.998654
   0.999917
   0.999995
          1
          1
          1
          1
          1
          1
          1
          1
          1
          1
          1
          1
          1
          1
          1
          1
          1
          1
   0.999995
   0.999927
   0.998864
   0.982779
    0.80006
   0.232731
   0.032322
 0.00944011
 0.00852818
  0.0129308
  0.0216554
  0.0353415
   0.055188
  0.0821543
   0.116965
   0.158704
   0.204024
   0.247553
   0.283803
   0.309157
   0.322025
   0.322027
   0.309154
   0.283788
   0.247543
   0.204031
   0.158711
   0.116977
  0.0821917
  0.0551709
  0.0353529
  0.0216331
  0.0129343
 0.00853482
 0.00943518
  0.0322461
   0.233078
   0.799253
   0.982952
   0.998853
   0.999927
   0.999995
          1
          1
          1
          1
          1
          1
          1
          1
          1
          1
          1
          1
          1
          1
          1
          1
          1
          1
   0.999996
   0.999945
   0.999158
   0.987577
   0.847124
   0.298657
  0.0420465
  0.0106044
 0.00828918
  0.0119468
  0.0196881
  0.0320591
  0.0499139
  0.0742374
   0.105539
   0.143241
   0.184678
   0.225158
   0.259591
   0.284151
   0.296798
   0.296814
   0.284143
   0.259582
   0.225142
   0.184652
   0.143251
   0.105547
  0.0742307
  0.0499241
  0.0320427
  0.0196877
   0.011962
  0.0082906
  0.0105873
  0.0421295
   0.297881
   0.848004
   0.987572
   0.999159
   0.999946
   0.999997
          1
          1
          1
          1
          1
          1
          1
          1
          1
          1
          1
          1
          1
          1
          1
          1
          1
          1
   0.999998
   0.999965
   0.999475
   0.992228
   0.901956
   0.412136
  0.0638256
  0.0131526
  0.0082044
  0.0106903
  0.0171623
  0.0276807
  0.0430351
  0.0638112
  0.0905533
    0.12284
   0.158654
   0.194414
   0.225553
   0.248313
   0.260223
   0.260225
   0.248318
   0.225558
   0.194401
   0.158676
   0.122858
  0.0905721
  0.0638324
  0.0430219
  0.0276916
  0.0171509
  0.0107019
 0.00820431
  0.0131583
  0.0637913
   0.412859
   0.901771
   0.992312
   0.999468
   0.999965
   0.999998
          1
          1
          1
          1
          1
          1
          1
          1
          1
          1
          1
          1
          1
          1
          1
          1
          1
          1
   0.999999
    0.99998
   0.999715
   0.995896
   0.946412
   0.579373
   0.111902
  0.0192662
 0.00862192
 0.00947431
  0.0143827
  0.0228873
  0.0353529
  0.0523303
  0.0740271
   0.100199
   0.129443
   0.159058
   0.185455
   0.205182
   0.215665
   0.215691
   0.205162
   0.185468
   0.159059
   0.129456
   0.100199
  0.0740229
  0.0523125
  0.0353564
  0.0228816
  0.0143769
 0.00948274
 0.00861832
   0.019206
    0.11225
   0.578654
   0.946794
   0.995895
   0.999714
   0.999981
   0.999999
          1
          1
          1
          1
          1
          1
          1
          1
          1
          1
          1
          1
          1
          1
          1
          1
          1
          1
   0.999999
   0.999991
   0.999867
    0.99812
   0.975718
   0.759446
   0.220819
  0.0345601
  0.0105322
 0.00861101
  0.0117897
   0.018152
  0.0278123
  0.0409482
  0.0577593
  0.0779428
   0.100482
   0.123489
   0.144279
   0.160057
   0.168583
   0.168568
   0.160063
   0.144273
   0.123505
   0.100497
   0.077949
  0.0577622
  0.0409606
  0.0278153
  0.0181551
  0.0117801
 0.00862908
  0.0105065
  0.0345951
   0.220475
   0.760348
   0.975644
   0.998136
   0.999866
   0.999991
   0.999999
          1
          1
          1
          1
          1
          1
          1
          1
          1
          1
          1
          1
          1
          1
          1
          1
          1
          1
          1
   0.999996
   0.999946
   0.999265
   0.990502
   0.896295
   0.431685
  0.0781581
  0.0164696
 0.00877122
 0.00970619
  0.0140034
  0.0209793
  0.0307076
  0.0430977
  0.0579651
  0.0744813
  0.0913685
   0.106655
   0.118393
   0.124739
   0.124776
   0.118375
   0.106685
    0.09135
  0.0744943
  0.0579452
  0.0431074
  0.0306896
   0.020978
  0.0139917
 0.00971677
 0.00878002
  0.0164618
  0.0779101
   0.433851
   0.895551
   0.990615
   0.999264
   0.999945
   0.999996
          1
          1
          1
          1
          1
          1
          1
          1
          1
          1
          1
          1
          1
          1
          1
          1
          1
          1
          1
          1
   0.999999
   0.999981
   0.999748
   0.996878
   0.963986
   0.711231
   0.202211
  0.0361782
  0.0114998
  0.0087219
  0.0107552
  0.0153519
  0.0220807
  0.0308101
  0.0412527
  0.0528496
  0.0646244
   0.075314
   0.083467
  0.0879281
  0.0879115
  0.0834946
  0.0752969
  0.0646324
  0.0528398
  0.0412493
  0.0308207
  0.0220837
  0.0153668
  0.0107574
 0.00871767
  0.0115086
  0.0359778
   0.204146
    0.70974
   0.964374
   0.996868
   0.999747
   0.999981
   0.999999
          1
          1
          1
          1
          1
          1
          1
          1
          1
          1
          1
          1
          1
          1
          1
          1
          1
          1
          1
          1
          1
   0.999994
   0.999924
   0.999091
   0.989927
   0.901803
   0.488535
   0.106155
  0.0229564
  0.0100399
 0.00894402
  0.0111993
  0.0154222
  0.0211574
  0.0281202
  0.0358686
  0.0437463
  0.0508519
  0.0562877
    0.05923
  0.0592514
  0.0562846
  0.0508671
  0.0437429
   0.035871
  0.0281387
  0.0211496
  0.0154221
  0.0111953
 0.00893696
  0.0100315
  0.0229099
   0.106683
   0.487259
   0.902367
   0.989921
     0.9991
   0.999925
   0.999994
          1
          1
          1
          1
          1
          1
          1
          1
          1
          1
          1
          1
          1
          1
          1
          1
          1
          1
          1
          1
          1
          1
   0.999998
    0.99998
   0.999769
   0.997509
   0.975538
   0.808037
   0.336486
  0.0712938
  0.0188443
 0.00973476
  0.0089688
   0.010848
  0.0141707
  0.0184604
  0.0233165
  0.0282965
  0.0328165
  0.0362353
  0.0381061
  0.0380948
  0.0362444
  0.0327977
  0.0282978
  0.0233178
  0.0184489
  0.0141752
  0.0108434
 0.00898384
  0.0097219
    0.01885
  0.0714633
   0.335009
   0.809595
    0.97542
   0.997551
    0.99977
   0.999979
   0.999998
          1
          1
          1
          1
          1
          1
          1
          1
          1
          1
          1
          1
          1
          1
          1
          1
          1
          1
          1
          1
          1
          1
          1
   0.999995
   0.999948
   0.999472
   0.994881
   0.955841
   0.722641
   0.269898
   0.062364
   0.018828
  0.0100492
 0.00878214
 0.00984937
  0.0120026
  0.0147202
    0.01761
  0.0202528
  0.0222855
  0.0233802
  0.0233866
  0.0222751
  0.0202481
  0.0176054
  0.0147199
  0.0120144
 0.00985366
 0.00879203
  0.0100325
  0.0187649
  0.0622463
   0.267861
   0.725209
   0.955633
   0.994899
   0.999473
   0.999947
   0.999995
          1
          1
          1
          1
          1
          1
          1
          1
          1
          1
          1
          1
          1
          1
          1
          1
          1
          1
          1
          1
          1
          1
          1
          1
   0.999999
   0.999989
   0.999896
   0.999068
   0.992011
   0.940439
   0.688897
   0.268026
  0.0704652
  0.0227236
   0.011467
 0.00882653
 0.00876232
 0.00969487
  0.0110026
  0.0123341
  0.0133691
  0.0139579
   0.013945
  0.0133758
  0.0123239
  0.0109996
 0.00968499
  0.0087577
 0.00882557
  0.0114492
   0.022692
  0.0706746
   0.266801
   0.691588
   0.940216
   0.992025
   0.999062
   0.999898
   0.999989
   0.999999
          1
          1
          1
          1
          1
          1
          1
          1
          1
          1
          1
          1
          1
          1
          1
          1
          1
          1
          1
          1
          1
          1
          1
          1
          1
   0.999998
   0.999982
   0.999842
   0.998745
   0.990611
   0.940348
   0.720777
   0.332164
   0.103853
  0.0352468
  0.0161906
  0.0104422
 0.00868513
 0.00834827
 0.00849279
 0.00876962
 0.00893819
 0.00894666
 0.00876118
  0.0084948
 0.00833861
 0.00868494
  0.0104394
   0.016192
  0.0351984
   0.104478
   0.330526
   0.721626
   0.939667
    0.99067
   0.998735
   0.999846
   0.999982
   0.999998
          1
          1
          1
          1
          1
          1
          1
          1
          1
          1
          1
          1
          1
          1
          1
          1
          1
          1
          1
          1
          1
          1
          1
          1
          1
          1
          1
   0.999997
   0.999977
   0.999816
   0.998724
   0.991843
   0.954998
   0.803801
   0.480167
   0.196351
  0.0749471
   0.033277
   0.018669
  0.0128976
   0.010502
 0.00940971
 0.00902046
 0.00900522
 0.00942316
  0.0104783
  0.0129202
  0.0186162
  0.0333283
  0.0747839
   0.197109
   0.478331
   0.804464
   0.954734
   0.991938
   0.998729
    0.99982
   0.999976
   0.999997
          1
          1
          1
          1
          1
          1
          1
          1
          1
          1
          1
          1
          1
          1
          1
          1
          1
          1
          1
          1
          1
          1
          1
          1
          1
          1
          1
          1
          1
   0.999997
   0.999976
    0.99984
   0.999042
   0.994735
   0.974693
   0.897726
   0.699805
   0.418161
   0.210476
   0.106053
  0.0605111
  0.0398869
  0.0307895
  0.0270259
  0.0270984
  0.0306716
  0.0400141
  0.0602278
    0.10627
   0.209775
   0.419528
   0.698404
   0.898364
   0.974643
   0.994742
   0.999036
   0.999841
   0.999976
   0.999997
          1
          1
          1
          1
          1
          1
          1
          1
          1
          1
          1
          1
          1
          1
          1
          1
          1
          1
          1
          1
          1
          1
          1
          1
          1
          1
          1
          1
          1
          1
          1
   0.999997
   0.999981
   0.999894
   0.999454
   0.997441
   0.989448
   0.962078
   0.889395
   0.746672
   0.561905
    0.39406
   0.283348
    0.21932
   0.192861
   0.191949
    0.22015
   0.282019
   0.395711
   0.559978
   0.747852
   0.888656
   0.962385
   0.989393
   0.997437
   0.999452
   0.999894
   0.999981
   0.999997
          1
          1
          1
          1
          1
          1
          1
          1
          1
          1
          1
          1
          1
          1
          1
          1
          1
          1
          1
          1
          1
          1
          1
          1
          1
          1
          1
          1
          1
          1
          1
          1
          1
   0.999998
   0.999989
   0.999946
   0.999759
   0.999047
   0.996669
   0.989861
   0.973838
   0.942275
   0.894742
   0.835861
    0.78565
   0.754034
   0.755554
   0.784057
   0.837607
   0.893912
   0.942896
   0.973655
   0.989991
   0.996646
   0.999053
   0.999761
   0.999946
   0.999989
   0.999998
          1
          1
          1
          1
          1
          1
          1
          1
          1
          1
          1
          1
          1
          1
          1
          1
          1
          1
          1
          1
          1
          1
          1
          1
          1
          1
          1
          1
          1
          1
          1
          1
          1
          1
          1
   0.999999
   0.999995
   0.999979
    0.99992
   0.999731
   0.999213
   0.997986
   0.995592
   0.991593
   0.986533
   0.981257
   0.978184
   0.977926
   0.981417
   0.986391
   0.991709
   0.995527
   0.998005
   0.999203
   0.999733
   0.999919
   0.999979
   0.999995
   0.999999
          1
          1
          1
          1
          1
          1
          1
          1
          1
          1
          1
          1
          1
          1
          1
          1
          1
          1
          1
          1
          1
          1
          1
          1
          1
          1
          1
          1
          1
          1
          1
          1
          1
          1
          1
          1
          1
          1
   0.999998
   0.999993
   0.999979
   0.999941
   0.999855
   0.999688
   0.999425
   0.999078
   0.998739
   0.998522
   0.998525
   0.998733
   0.999088
   0.999419
   0.999691
   0.999854
   0.999942
   0.999979
   0.999994
   0.999998
          1
          1
          1
          1
          1
          1
          1
          1
          1
          1
          1
          1
          1
          1
          1
          1
          1
          1
          1
          1
          1
          1
          1
          1
          1
          1
          1
          1
          1
          1
          1
          1
          1
          1
          1
          1
          1
          1
          1
          1
          1
   0.999999
   0.999998
   0.999996
    0.99999
   0.999979
   0.999962
    0.99994
    0.99992
   0.999905
   0.999906
   0.999919
    0.99994
   0.999962
   0.999979
    0.99999
   0.999996
   0.999998
   0.999999
          1
          1
          1
          1
          1
          1
          1
          1
          1
          1
          1
          1
          1
          1
          1
          1
          1
          1
          1
          1
          1
          1
          1
          1
          1
          1
          1
          1
          1
          1
          1
          1
          1
          1
          1
          1
          1
          1
          1
          1
          1
          1
          1
          1
          1
   0.999999
   0.999999
   0.999997
   0.999996
   0.999995
   0.999994
   0.999994
   0.999995
   0.999996
   0.999997
   0.999999
   0.999999
          1
          1
          1
          1
          1
          1
          1
          1
          1
          1
          1
          1
          1
          1
          1
          1
          1
          1
          1
          1
          1
          1
          1
          1
          1
          1
          1
          1
          1
          1
          1
          1
          1
          1
          1
          1
          1
          1
          1
          1
          1
          1
          1
          1
          1
          1
          1
          1
          1
          1
          1
          1
          1
          1
          1
          1
          1
          1
          1
          1
          1
          1
          1
          1
          1
          1
          1
          1
          1
          1
          1
          1
          1
          1
          1
          1
          1
          1
          1
          1
          1
          1
          1
          1
          1
          1
          1
          1
          1
          1
          1
          1
          1
          1
          1
          1
          1
          1
          1
          1
          1
          1
          1
          1
          1
          1
          1
          1
          1
          1
          1
          1
          1
          1
          1
          1
          1
          1
          1
          1
          1
          1
          1
          1
          1
          1
          1
          1
          1
          1
          1
          1
          1
          1
          1
          1
          1
          1
          1
          1
          1
          1
          1
          1
          1
          1
          1
          1
          1
          1
          1
          1
          1
          1
          1
          1
          1
          1
          1
          1
          1
          1
          1
          1
          1
          1
          1
          1
          1
          1
          1
          1
          1
          1
          1
          1
          1
          1
          1
          1
          1
          1
          1
          1
          1
          1
          1
          1
          1
          1
          1
          1
          1
          1
          1
          1
          1
          1
          1
          1
          1
          1
          1
          1
          1
          1
          1
          1
          1
          1
          1
          1
          1
          1
          1
          1
          1
          1
          1
          1
          1
          1
          1
          1
          1
          1
          1
          1
          1
          1
          1
          1
          1
          1
          1
          1
          1
          1
          1
          1
          1
          1
          1
          1
          1
          1
          1
          1
          1
          1
          1
          1
          1
          1
          1
          1
          1
          1
          1
          1
          1
          1
          1
          1
          1
          1
          1
          1
          1
          1
          1
          1
          1
          1
          1
          1
          1
          1
          1
          1
          1
          1
          1
          1
          1
          1
          1
          1
          1
          1
          1
          1
          1
          1
          1
          1
          1
          1
          1
          1
          1
          1
          1
          1
          1
          1
          1
          1
          1
          1
          1
          1
          1
          1
          1
          1
          1
          1
          1
          1
          1
          1
          1
          1
          1
          1
          1
          1
          1
          1
          1
          1
          1
          1
          1
          1
          1
          1
          1
          1
          1
          1
          1
          1
          1
          1
          1
          1
          1
          1
          1
          1
          1
          1
          1
          1
          1
          1
          1
          1
          1
          1
          1
          1
          1
          1
          1
          1
          1
          1
          1
          1
          1
          1
          1
          1
          1
          1
          1
          1
          1
          1
          1
          1
          1
          1
          1
          1
          1
          1
          1
          1
          1
          1
          1
          1
          1
          1
          1
          1
          1
          1
          1
          1
          1
          1
          1
          1
          1
          1
          1
          1
          1
          1
          1
          1
          1
          1
          1
          1
          1
          1
          1
          1
          1
          1
          1
          1
          1
          1
          1
          1
          1
          1
          1
          1
          1
          1
          1
          1
          1
          1
          1
          1
          1
          1
          1
          1
          1
          1
          1
          1
          1
          1
          1
          1
          1
          1
          1
          1
          1
          1
          1
          1
          1
          1
          1
          1
          1
          1
          1
          1
          1
          1
          1
          1
          1
          1
          1
          1
          1
          1
          1
          1
          1
          1
          1
          1
          1
          1
          1
          1
          1
          1
          1
          1
          1
          1
          1
          1
          1
          1
          1
          1
          1
          1
          1
          1
          1
          1
          1
          1
          1
          1
          1
          1
          1
          1
          1
          1
          1
          1
          1
          1
          1
          1
          1
          1
          1
          1
          1
          1
          1
          1
          1
          1
          1
          1
          1
          1
          1
          1
          1
          1
          1
          1
          1
          1
          1
          1
          1
          1
          1
          1
          1
          1
          1
          1
          1
          1
          1
          1
          1
          1
          1
          1
          1
          1
          1
          1
          1
          1
          1
          1
          1
          1
          1
          1
          1
          1
          1
          1
          1
          1
          1
          1
          1
          1
          1
          1
          1
          1
          1
          1
          1
          1
          1
          1
          1
          1
          1
          1
          1
          1
          1
          1
          1
          1
          1
          1
          1
          1
          1
          1
          1
          1
          1
          1
          1
          1
          1
          1
          1
          1
          1
          1
          1
          1
          1
          1
          1
          1
          1
          1
          1
          1
          1
          1
          1
          1
          1
          1
          1
          1
          1
          1
          1
          1
          1
          1
          1
          1
          1
          1
          1
          1
          1
          1
          1
          1
          1
          1
          1
          1
          1
          1
          1
          1
          1
          1
          1
          1
          1
          1
          1
          1
          1
          1
          1
          1
          1
          1
          1
          1
          1
          1
          1
          1
          1
          1
          1
          1
          1
          1
          1
          1
          1
          1
          1
          1
          1
          1
          1
          1
          1
          1
          1
          1
          1
          1
          1
          1
          1
          1
          1
          1
          1
          1
          1
          1
          1
          1
          1
          1
          1
          1
          1
          1
          1
          1
          1
          1
          1
          1
          1
          1
          1
          1
          1
          1
          1
          1
          1
          1
          1
          1
          1
          1
          1
          1
          1
          1
          1
          1
          1
          1
          1
          1
          1
          1
          1
          1
          1
          1
          1
          1
          1
          1
          1
          1
          1
          1
          1
          1
          1
          1
          1
          1
          1
          1
          1
          1
          1
          1
          1
          1
          1
          1
          1
          1
          1
          1
          1
          1
          1
          1
          1
          1
          1
          1
          1
          1
          1
          1
          1
          1
          1
          1
          1
          1
          1
          1
          1
          1
          1
          1
          1
          1
          1
          1
          1
          1
          1
          1
          1
          1
          1
          1
          1
          1
          1
          1
          1
          1
          1
          1
          1
          1
          1
          1
          1
          1
          1
          1
          1
          1
          1
          1
          1
          1
          1
          1
          1
          1
          1
          1
          1
          1
          1
          1
          1
          1
          1
          1
          1
          1
          1
          1
          1
          1
          1
          1
          1
          1
          1
          1
          1
          1
          1
          1
          1
          1
          1
          1
          1
          1
          1
          1
          1
          1
          1
          1
          1
          1
          1
          1
          1
          1
          1
          1
          1
          1
          1
          1
          1
          1
          1
          1
          1
          1
          1
          1
          1
          1
          1
          1
          1
          1
          1
          1
          1
          1
          1
          1
          1
          1
          1
          1
          1
          1
          1
          1
          1
          1
          1
          1
          1
          1
          1
          1
          1
          1
          1
          1
          1
          1
          1
          1
          1
          1
          1
          1
          1
          1
          1
          1
          1
          1
          1
          1
          1
          1
          1
          1
          1
          1
          1
          1
          1
          1
          1
          1
          1
          1
          1
          1
          1
          1
          1
          1
          1
          1
          1
          1
          1
          1
          1
          1
          1
          1
          1
          1
          1
          1
          1
          1
          1
          1
          1
          1
          1
          1
          1
          1
          1
          1
          1
          1
          1
          1
          1
          1
          1
          1
          1
          1
          1
          1
          1
          1
          1
          1
          1
          1
          1
          1
          1
          1
          1
          1
          1
          1
          1
          1
          1
          1
          1
          1
          1
          1
          1
          1
          1
          1
          1
          1
          1
          1
          1
          1
          1
          1
          1
          1
          1
          1
          1
          1
          1
          1
          1
          1
          1
          1
          1
          1
          1
          1
          1
          1
   0.999999
   0.999999
   0.999998
   0.999998
   0.999998
   0.999998
   0.999999
   0.999999
          1
          1
          1
          1
          1
          1
          1
          1
          1
          1
          1
          1
          1
          1
          1
          1
          1
          1
          1
          1
          1
          1
          1
          1
          1
          1
          1
          1
          1
          1
          1
          1
          1
          1
          1
          1
          1
          1
          1
          1
          1
          1
          1
          1
          1
          1
          1
          1
   0.999999
   0.999999
   0.999996
   0.999993
   0.999987
    0.99998
   0.999973
   0.999969
   0.999968
   0.999973
    0.99998
   0.999987
   0.999993
   0.999997
   0.999998
   0.999999
          1
          1
          1
          1
          1
          1
          1
          1
          1
          1
          1
          1
          1
          1
          1
          1
          1
          1
          1
          1
          1
          1
          1
          1
          1
          1
          1
          1
          1
          1
          1
          1
          1
          1
          1
          1
          1
          1
          1
          1
          1
          1
   0.999999
   0.999997
   0.999992
   0.999977
   0.999945
   0.999881
   0.999783
   0.999654
   0.999532
   0.999448
   0.999451
   0.999528
   0.999656
   0.999781
   0.999883
   0.999944
   0.999978
   0.999992
   0.999998
   0.999999
          1
          1
          1
          1
          1
          1
          1
          1
          1
          1
          1
          1
          1
          1
          1
          1
          1
          1
          1
          1
          1
          1
          1
          1
          1
          1
          1
          1
          1
          1
          1
          1
          1
          1
          1
          1
          1
          1
          1
   0.999998
   0.999991
   0.999966
   0.999886
   0.999668
   0.999149
   0.998131
   0.996454
   0.994273
   0.992109
   0.990722
    0.99069
   0.992099
   0.994271
   0.996467
   0.998128
   0.999156
   0.999666
   0.999888
   0.999966
   0.999991
   0.999998
          1
          1
          1
          1
          1
          1
          1
          1
          1
          1
          1
          1
          1
          1
          1
          1
          1
          1
          1
          1
          1
          1
          1
          1
          1
          1
          1
          1
          1
          1
          1
          1
          1
          1
          1
          1
   0.999999
   0.999995
   0.999974
   0.999885
   0.999547
   0.998419
   0.995199
   0.987397
    0.97184
   0.946595
   0.914878
   0.884433
   0.866108
   0.865742
   0.884574
   0.914669
   0.946668
   0.971781
   0.987403
   0.995205
   0.998421
   0.999547
   0.999884
   0.999974
   0.999995
   0.999999
          1
          1
          1
          1
          1
          1
          1
          1
          1
          1
          1
          1
          1
          1
          1
          1
          1
          1
          1
          1
          1
          1
          1
          1
          1
          1
          1
          1
          1
          1
          1
          1
          1
   0.999998
    0.99999
   0.999941
   0.999702
   0.998612
   0.994269
   0.979459
   0.937245
   0.845373
   0.700725
   0.542899
   0.415511
    0.33623
   0.298287
   0.298718
   0.335292
   0.416016
   0.542291
   0.701179
   0.845437
   0.937433
   0.979389
   0.994286
   0.998613
   0.999701
   0.999941
    0.99999
   0.999998
          1
          1
          1
          1
          1
          1
          1
          1
          1
          1
          1
          1
          1
          1
          1
          1
          1
          1
          1
          1
          1
          1
          1
          1
          1
          1
          1
          1
          1
          1
          1
   0.999998
   0.999985
   0.999901
   0.999406
   0.996753
    0.98427
   0.934937
     0.7898
   0.535273
   0.294871
    0.15372
  0.0867124
  0.0562626
  0.0422422
  0.0368108
   0.036771
  0.0423227
  0.0561842
  0.0869435
   0.153833
   0.294986
   0.535553
   0.790407
   0.934694
   0.984253
   0.996757
   0.999407
   0.999901
   0.999985
   0.999998
          1
          1
          1
          1
          1
          1
          1
          1
          1
          1
          1
          1
          1
          1
          1
          1
          1
          1
          1
          1
          1
          1
          1
          1
          1
          1
          1
          1
          1
   0.999998
   0.999983
   0.999872
   0.999107
   0.994276
   0.967709
    0.85285
   0.562446
   0.252099
  0.0975359
   0.041797
  0.0220637
  0.0143711
  0.0111002
  0.0096596
 0.00908676
 0.00909322
 0.00965077
  0.0111022
  0.0143791
  0.0220742
  0.0418895
  0.0975696
   0.252138
   0.563499
   0.852986
   0.967682
   0.994254
    0.99911
   0.999872
   0.999984
   0.999998
          1
          1
          1
          1
          1
          1
          1
          1
          1
          1
          1
          1
          1
          1
          1
          1
          1
          1
          1
          1
          1
          1
          1
          1
          1
          1
          1
   0.999998
   0.999986
   0.999875
    0.99899
   0.992453
   0.950687
   0.760141
   0.375077
   0.121503
  0.0400894
  0.0174712
  0.0106686
 0.00848094
 0.00791409
 0.00794201
 0.00812188
 0.00826657
 0.00826183
 0.00812391
 0.00793957
   0.007915
 0.00849115
  0.0106556
  0.0174971
  0.0401437
   0.121272
   0.375698
    0.76019
   0.950806
   0.992396
   0.998983
   0.999874
   0.999985
   0.999998
          1
          1
          1
          1
          1
          1
          1
          1
          1
          1
          1
          1
          1
          1
          1
          1
          1
          1
          1
          1
          1
          1
          1
          1
          1
   0.999999
    0.99999
   0.999904
   0.999122
   0.992495
   0.943574
   0.701026
   0.276349
  0.0729209
  0.0230487
  0.0114105
 0.00868408
 0.00859075
 0.00953098
    0.01087
  0.0122244
  0.0133159
  0.0139031
  0.0139107
  0.0133089
  0.0122236
  0.0108739
 0.00952667
 0.00859625
  0.0086773
  0.0114127
  0.0230605
  0.0727607
   0.276499
   0.700984
   0.943794
   0.992485
   0.999121
   0.999905
    0.99999
   0.999999
          1
          1
          1
          1
          1
          1
          1
          1
          1
          1
          1
          1
          1
          1
          1
          1
          1
          1
          1
          1
          1
          1
          1
          1
   0.999995
   0.999944
   0.999426
   0.994453
   0.951412
   0.703551
    0.24844
  0.0568776
  0.0174951
 0.00976368
 0.00887944
  0.0102438
  0.0127513
  0.0158778
  0.0192176
  0.0223268
  0.0247042
  0.0260197
  0.0260037
  0.0247084
  0.0223242
  0.0192175
  0.0158898
   0.012749
  0.0102492
 0.00888017
 0.00977067
  0.0175083
  0.0568597
   0.248543
   0.703406
   0.951497
   0.994448
   0.999427
   0.999944
   0.999995
          1
          1
          1
          1
          1
          1
          1
          1
          1
          1
          1
          1
          1
          1
          1
          1
          1
          1
          1
          1
          1
          1
          1
   0.999998
   0.999975
   0.999713
    0.99691
   0.968586
   0.764676
   0.279569
  0.0571229
  0.0161888
 0.00936573
 0.00944693
  0.0120397
  0.0162518
  0.0216543
  0.0278547
  0.0342835
  0.0401589
  0.0446924
  0.0471377
  0.0471513
  0.0446764
  0.0401618
  0.0342959
  0.0278594
  0.0216613
  0.0162502
  0.0120477
 0.00944395
 0.00937336
  0.0162094
  0.0571492
   0.279825
   0.765395
   0.968706
   0.996906
   0.999712
   0.999975
   0.999998
          1
          1
          1
          1
          1
          1
          1
          1
          1
          1
          1
          1
          1
          1
          1
          1
          1
          1
          1
          1
          1
   0.999999
   0.999991
   0.999891
   0.998674
   0.984961
   0.858122
   0.381728
  0.0743788
  0.0176086
 0.00936124
 0.00967711
  0.0131269
  0.0188742
  0.0266745
    0.03626
  0.0470774
  0.0581577
  0.0682957
  0.0760104
  0.0802416
  0.0802283
  0.0760213
   0.068275
  0.0581578
  0.0470881
  0.0362615
  0.0266809
   0.018875
  0.0131381
 0.00967292
 0.00935722
  0.0176329
  0.0741659
   0.382661
   0.858567
   0.984994
   0.998682
    0.99989
   0.999991
   0.999999
          1
          1
          1
          1
          1
          1
          1
          1
          1
          1
          1
          1
          1
          1
          1
          1
          1
          1
          1
          1
   0.999998
   0.999968
    0.99957
   0.994561
   0.938501
     0.5735
   0.125554
  0.0233707
 0.00974702
 0.00937191
  0.0130617
  0.0197829
  0.0295235
  0.0422882
  0.0577977
  0.0751333
  0.0928471
   0.108841
   0.121035
   0.127613
   0.127629
   0.121026
   0.108848
  0.0928425
  0.0751445
  0.0578099
   0.042298
  0.0295295
  0.0197785
   0.013067
 0.00937569
 0.00973734
  0.0234373
   0.125268
   0.574965
   0.938512
   0.994572
   0.999572
   0.999967
   0.999998
          1
          1
          1
          1
          1
          1
          1
          1
          1
          1
          1
          1
          1
          1
          1
          1
          1
          1
          1
   0.999999
   0.999993
   0.999893
   0.998521
   0.980673
   0.800427
   0.262703
  0.0413587
  0.0114894
 0.00877026
  0.0118793
  0.0186849
  0.0293986
  0.0443579
  0.0638134
  0.0871721
   0.113154
   0.139308
    0.16267
   0.180197
     0.1896
   0.189584
   0.180183
   0.162651
   0.139305
   0.113144
  0.0871778
  0.0637948
  0.0443689
   0.029394
  0.0186845
  0.0118757
 0.00877139
  0.0114668
  0.0414349
    0.26281
   0.800871
    0.98074
   0.998514
   0.999893
   0.999992
   0.999999
          1
          1
          1
          1
          1
          1
          1
          1
          1
          1
          1
          1
          1
          1
          1
          1
          1
          1
   0.999999
   0.999979
   0.999694
   0.995566
   0.941458
   0.554171
   0.102348
  0.0179731
 0.00859618
  0.0100467
  0.0159322
  0.0263048
  0.0419103
  0.0635586
  0.0912929
   0.124447
   0.160689
   0.196439
    0.22752
   0.250274
   0.262235
   0.262227
   0.250266
   0.227502
   0.196442
   0.160668
    0.12443
  0.0912899
  0.0635236
   0.041919
  0.0262976
  0.0159326
  0.0100391
 0.00860065
  0.0179276
   0.102691
   0.554434
   0.941493
   0.995585
    0.99969
   0.999979
   0.999999
          1
          1
          1
          1
          1
          1
          1
          1
          1
          1
          1
          1
          1
          1
          1
          1
          1
          1
   0.999997
    0.99995
   0.999222
   0.988449
   0.856068
   0.311202
  0.0440798
   0.010777
 0.00842041
  0.0124156
  0.0211586
  0.0356069
  0.0570863
  0.0864935
   0.123993
   0.168022
   0.214989
   0.259653
     0.2969
   0.323159
   0.336596
   0.336588
   0.323145
   0.296908
   0.259625
   0.214991
   0.167993
   0.123965
  0.0864885
  0.0570686
  0.0356068
  0.0211542
  0.0124153
 0.00842006
  0.0107841
  0.0441519
   0.311773
   0.856346
   0.988473
    0.99922
   0.999949
   0.999997
          1
          1
          1
          1
          1
          1
          1
          1
          1
          1
          1
          1
          1
          1
          1
          1
          1
          1
   0.999993
   0.999893
   0.998298
   0.974334
   0.718934
   0.164478
  0.0230828
 0.00846031
 0.00925058
  0.0153978
  0.0271047
  0.0460839
  0.0739519
    0.11192
   0.159601
   0.214341
   0.270499
   0.321328
   0.361607
   0.388742
   0.402242
   0.402232
   0.388731
   0.361582
   0.321335
   0.270443
   0.214311
   0.159567
   0.111878
  0.0739532
  0.0460695
  0.0271164
  0.0153956
 0.00925767
 0.00844938
  0.0231325
   0.164698
   0.719186
   0.974422
   0.998296
   0.999891
   0.999993
          1
          1
          1
          1
          1
          1
          1
          1
          1
          1
          1
          1
          1
          1
          1
          1
          1
   0.999999
   0.999988
   0.999803
   0.996806
   0.951298
   0.565403
  0.0931417
  0.0148986
 0.00778479
  0.0104816
  0.0185718
  0.0332795
  0.0567785
  0.0911551
   0.137424
   0.194643
   0.258259
   0.320589
   0.374052
   0.414222
   0.440208
   0.452795
   0.452779
   0.440197
   0.414215
   0.374028
   0.320586
   0.258205
    0.19462
   0.137392
  0.0911076
  0.0567738
  0.0332586
  0.0185652
  0.0104861
 0.00778601
  0.0148753
  0.0933275
   0.565289
   0.951558
   0.996793
   0.999801
   0.999988
   0.999999
          1
          1
          1
          1
          1
          1
          1
          1
          1
          1
          1
          1
          1
          1
          1
          1
   0.999999
   0.999981
   0.999688
   0.994828
   0.922445
   0.437993
  0.0602778
  0.0113562
 0.00773882
  0.0117367
  0.0215177
  0.0388718
  0.0665342
   0.106607
   0.160164
   0.225022
   0.294803
   0.360184
   0.413562
   0.451972
   0.475986
   0.487386
   0.487397
    0.47596
   0.451947
   0.413549
   0.360147
   0.294768
   0.224977
   0.160112
   0.106611
  0.0665046
  0.0388937
   0.021495
  0.0117489
 0.00773164
   0.011373
  0.0603112
   0.438282
   0.922809
   0.994815
   0.999685
   0.999981
   0.999999
          1
          1
          1
          1
          1
          1
          1
          1
          1
          1
          1
          1
          1
          1
          1
          1
   0.999999
   0.999975
   0.999577
   0.992893
   0.894781
    0.35696
  0.0452377
 0.00981378
 0.00786025
  0.0127565
  0.0237609
  0.0432217
  0.0739461
   0.118415
   0.177181
   0.247234
   0.320523
   0.386808
   0.439075
   0.475526
   0.497815
   0.508268
   0.508247
   0.497809
   0.475501
   0.439055
   0.386807
    0.32048
   0.247196
   0.177149
   0.118385
  0.0739702
  0.0432031
  0.0237635
  0.0127596
 0.00787677
 0.00979842
  0.0453909
   0.357291
   0.895012
   0.992911
    0.99957
   0.999975
   0.999999
          1
          1
          1
          1
          1
          1
          1
          1
          1
          1
          1
          1
          1
          1
          1
          1
   0.999998
   0.999971
   0.999507
   0.991659
   0.878526
   0.318745
  0.0394428
 0.00918208
 0.00799477
  0.0132966
  0.0250163
  0.0455301
  0.0780235
   0.124727
   0.186302
   0.258881
   0.333649
   0.400057
   0.451393
    0.48668
   0.508014
   0.517935
   0.517936
   0.507988
   0.486656
   0.451375
   0.400018
    0.33362
   0.258851
   0.186255
   0.124738
  0.0780008
  0.0455556
   0.024996
  0.0133084
 0.00798945
 0.00919695
  0.0394168
   0.319564
   0.878895
   0.991663
   0.999502
   0.999971
   0.999998
          1
          1
          1
          1
          1
          1
          1
          1
          1
          1
          1
          1
          1
          1
          1
          1
   0.999998
   0.999971
   0.999506
    0.99173
   0.877588
   0.319902
  0.0393019
 0.00920837
 0.00797831
  0.0133155
  0.0249918
  0.0455696
  0.0779863
    0.12477
   0.186289
   0.258879
    0.33366
   0.400024
   0.451397
   0.486681
   0.508001
   0.517942
   0.517926
   0.507991
    0.48665
   0.451374
   0.400025
   0.333627
   0.258846
   0.186263
   0.124739
  0.0779903
  0.0455531
  0.0249911
  0.0133209
 0.00798272
 0.00919873
  0.0394416
   0.319729
   0.878655
   0.991701
   0.999501
   0.999971
   0.999998
          1
          1
          1
          1
          1
          1
          1
          1
          1
          1
          1
          1
          1
          1
          1
          1
   0.999999
   0.999975
   0.999579
    0.99284
   0.895447
   0.356064
  0.0453811
 0.00978465
 0.00787637
  0.0127422
  0.0237908
   0.043182
  0.0739868
   0.118369
   0.177188
    0.24724
   0.320496
   0.386815
   0.439055
    0.47552
   0.497803
   0.508242
    0.50824
   0.497784
   0.475476
   0.439036
    0.38678
   0.320471
   0.247193
   0.177156
   0.118394
  0.0739597
  0.0432033
  0.0237687
   0.012746
 0.00788202
  0.0097955
  0.0453637
   0.357283
   0.895148
   0.992895
   0.999569
   0.999975
   0.999999
          1
          1
          1
          1
          1
          1
          1
          1
          1
          1
          1
          1
          1
          1
          1
          1
   0.999999
   0.999981
   0.999688
   0.994866
   0.922043
   0.439125
  0.0601462
   0.011389
 0.00772289
  0.0117469
  0.0214991
  0.0389096
  0.0665048
   0.106631
   0.160146
   0.225012
   0.294801
   0.360154
   0.413544
   0.451947
   0.475964
   0.487379
   0.487362
    0.47595
   0.451926
   0.413539
   0.360152
    0.29476
    0.22499
   0.160119
   0.106615
  0.0665129
  0.0388918
  0.0214869
  0.0117602
 0.00772445
  0.0113645
  0.0603778
   0.438029
   0.922664
   0.994809
   0.999685
   0.999981
   0.999999
          1
          1
          1
          1
          1
          1
          1
          1
          1
          1
          1
          1
          1
          1
          1
          1
   0.999999
   0.999988
   0.999803
   0.996794
   0.951623
   0.564516
  0.0933742
  0.0148686
 0.00779469
  0.0104711
  0.0185874
  0.0332462
  0.0568029
  0.0911079
   0.137429
   0.194649
   0.258221
   0.320595
   0.374012
     0.4142
   0.440174
   0.452766
   0.452751
   0.440163
   0.414179
   0.374018
   0.320543
   0.258213
   0.194599
     0.1374
  0.0911207
  0.0567839
    0.03326
   0.018573
  0.0104809
 0.00778688
  0.0148727
  0.0932418
   0.565187
   0.951619
   0.996789
     0.9998
   0.999988
   0.999999
          1
          1
          1
          1
          1
          1
          1
          1
          1
          1
          1
          1
          1
          1
          1
          1
          1
   0.999993
   0.999893
   0.998299
    0.97426
    0.71923
   0.164173
  0.0231705
 0.00844479
  0.0092545
  0.0153866
  0.0271289
   0.046067
  0.0739796
   0.111899
   0.159592
   0.214327
   0.270464
    0.32131
   0.361574
   0.388716
    0.40221
   0.402202
   0.388713
   0.361567
   0.321317
   0.270475
   0.214322
    0.15959
   0.111887
  0.0739645
  0.0460667
   0.027125
  0.0153876
 0.00926978
 0.00844273
  0.0231098
   0.164675
   0.719317
   0.974307
   0.998289
   0.999892
   0.999993
          1
          1
          1
          1
          1
          1
          1
          1
          1
          1
          1
          1
          1
          1
          1
          1
          1
          1
   0.999997
   0.999949
   0.999226
   0.988455
   0.855859
   0.311803
  0.0440152
  0.0108154
  0.0084048
   0.012432
  0.0211377
   0.035621
  0.0570591
  0.0865152
   0.123999
   0.168014
   0.214988
   0.259629
   0.296897
   0.323146
   0.336579
   0.336578
   0.323122
   0.296886
   0.259652
   0.214972
   0.168004
   0.123965
  0.0865055
  0.0570659
   0.035628
   0.021152
   0.012423
 0.00841476
  0.0107817
  0.0441175
   0.311988
   0.855932
   0.988509
    0.99922
   0.999949
   0.999997
          1
          1
          1
          1
          1
          1
          1
          1
          1
          1
          1
          1
          1
          1
          1
          1
          1
          1
   0.999999
   0.999979
   0.999691
   0.995542
   0.941602
   0.553191
   0.102886
  0.0179224
 0.00860538
  0.0100349
  0.0159531
  0.0262839
  0.0419418
  0.0635204
  0.0913209
   0.124437
    0.16069
   0.196426
   0.227516
   0.250267
   0.262233
   0.262202
   0.250264
   0.227506
   0.196464
   0.160701
   0.124453
  0.0913151
  0.0635346
  0.0419389
  0.0262988
  0.0159387
  0.0100382
 0.00861508
  0.0178906
   0.102636
   0.554187
   0.941657
   0.995579
   0.999689
   0.999979
   0.999999
          1
          1
          1
          1
          1
          1
          1
          1
          1
          1
          1
          1
          1
          1
          1
          1
          1
          1
   0.999999
   0.999992
   0.999894
   0.998513
   0.980523
   0.801517
   0.261492
  0.0416125
  0.0114507
 0.00877619
   0.011864
  0.0186981
  0.0293829
  0.0443862
  0.0638043
  0.0872018
   0.113146
   0.139317
   0.162652
   0.180203
    0.18959
   0.189615
   0.180185
   0.162677
   0.139312
   0.113154
  0.0871978
  0.0637844
  0.0443839
  0.0293783
  0.0186978
  0.0118697
 0.00877562
    0.01146
  0.0413471
   0.262839
    0.80087
   0.980691
   0.998526
   0.999893
   0.999992
   0.999999
          1
          1
          1
          1
          1
          1
          1
          1
          1
          1
          1
          1
          1
          1
          1
          1
          1
          1
          1
   0.999998
   0.999968
   0.999572
   0.994571
   0.938056
   0.575515
    0.12492
   0.023464
 0.00974077
 0.00938257
  0.0130492
   0.019791
  0.0295191
  0.0423038
  0.0578093
  0.0751593
  0.0928417
   0.108859
   0.121035
   0.127638
   0.127626
   0.121037
   0.108841
   0.092861
  0.0751751
  0.0577943
  0.0423252
  0.0295227
  0.0198035
  0.0130546
 0.00937574
 0.00973282
  0.0234054
    0.12521
   0.574054
   0.938448
   0.994585
   0.999572
   0.999968
   0.999998
          1
          1
          1
          1
          1
          1
          1
          1
          1
          1
          1
          1
          1
          1
          1
          1
          1
          1
          1
          1
   0.999999
   0.999991
   0.999889
   0.998669
   0.985059
   0.857458
   0.383868
  0.0740306
  0.0176184
 0.00935294
 0.00967581
  0.0131266
  0.0188834
  0.0266824
  0.0362597
  0.0470768
  0.0581704
  0.0682902
  0.0760398
  0.0802421
   0.080258
  0.0760282
  0.0683008
  0.0581832
  0.0470831
  0.0362867
  0.0266706
  0.0188832
  0.0131161
 0.00969099
 0.00934731
  0.0176115
   0.074112
   0.381954
   0.858322
   0.985007
   0.998684
    0.99989
   0.999991
   0.999999
          1
          1
          1
          1
          1
          1
          1
          1
          1
          1
          1
          1
          1
          1
          1
          1
          1
          1
          1
          1
          1
   0.999998
   0.999975
   0.999712
   0.996878
   0.968836
   0.763793
   0.280646
  0.0570533
  0.0162238
 0.00936059
 0.00944614
  0.0120422
  0.0162534
  0.0216625
  0.0278666
  0.0342896
  0.0401827
  0.0446992
  0.0471591
  0.0471563
  0.0446941
  0.0401683
  0.0342953
  0.0278803
  0.0216552
  0.0162597
  0.0120393
 0.00946428
  0.0093665
  0.0162117
  0.0570727
   0.279129
   0.765395
   0.968733
   0.996903
   0.999714
   0.999975
   0.999998
          1
          1
          1
          1
          1
          1
          1
          1
          1
          1
          1
          1
          1
          1
          1
          1
          1
          1
          1
          1
          1
          1
          1
   0.999995
   0.999944
   0.999431
   0.994407
   0.951762
   0.702152
    0.24845
  0.0567502
  0.0175228
 0.00976648
 0.00888083
  0.0102425
  0.0127475
  0.0158723
  0.0192225
    0.02232
  0.0247191
  0.0260134
  0.0260164
  0.0247062
  0.0223237
  0.0192281
  0.0158828
  0.0127558
  0.0102416
 0.00888757
 0.00974468
  0.0175001
  0.0567092
   0.247428
   0.704588
   0.951338
    0.99441
   0.999427
   0.999944
   0.999995
          1
          1
          1
          1
          1
          1
          1
          1
          1
          1
          1
          1
          1
          1
          1
          1
          1
          1
          1
          1
          1
          1
          1
          1
   0.999999
    0.99999
   0.999903
   0.999128
   0.992454
   0.944031
   0.700604
   0.276482
  0.0726715
  0.0230876
   0.011419
  0.0086836
 0.00859564
 0.00953692
  0.0108652
  0.0122305
  0.0133102
    0.01391
  0.0139028
  0.0133081
  0.0122238
  0.0108671
 0.00953368
 0.00858775
 0.00868839
   0.011397
  0.0230361
  0.0727315
   0.275915
   0.702471
    0.94334
   0.992505
   0.999116
   0.999906
    0.99999
   0.999999
          1
          1
          1
          1
          1
          1
          1
          1
          1
          1
          1
          1
          1
          1
          1
          1
          1
          1
          1
          1
          1
          1
          1
          1
          1
   0.999998
   0.999986
   0.999874
   0.998983
    0.99238
   0.950901
   0.759965
   0.375367
   0.121091
  0.0401248
  0.0174799
  0.0106708
 0.00848453
 0.00792644
 0.00794238
 0.00813433
 0.00826632
 0.00827317
 0.00812954
 0.00794544
 0.00792225
 0.00848763
  0.0106676
  0.0174728
  0.0400445
   0.121298
   0.374586
   0.760176
   0.950439
   0.992449
   0.998979
   0.999876
   0.999985
   0.999998
          1
          1
          1
          1
          1
          1
          1
          1
          1
          1
          1
          1
          1
          1
          1
          1
          1
          1
          1
          1
          1
          1
          1
          1
          1
          1
          1
   0.999998
   0.999984
   0.999873
   0.999107
   0.994242
   0.967753
   0.852798
   0.563656
   0.251965
  0.0975188
  0.0417822
   0.022081
  0.0143553
  0.0111105
 0.00964346
   0.009096
 0.00908151
 0.00965368
  0.0110854
  0.0143625
  0.0220329
  0.0417896
   0.097328
   0.251981
   0.561983
   0.852863
   0.967751
   0.994288
   0.999105
   0.999873
   0.999983
   0.999998
          1
          1
          1
          1
          1
          1
          1
          1
          1
          1
          1
          1
          1
          1
          1
          1
          1
          1
          1
          1
          1
          1
          1
          1
          1
          1
          1
          1
          1
   0.999998
   0.999985
   0.999901
   0.999408
   0.996753
   0.984316
   0.934686
   0.790855
   0.535453
   0.295227
   0.153433
  0.0869384
  0.0561454
  0.0423665
  0.0367024
  0.0368116
  0.0422097
  0.0562569
  0.0866051
   0.153849
   0.294799
   0.536377
   0.789915
   0.935109
   0.984297
   0.996763
   0.999404
   0.999901
   0.999985
   0.999998
          1
          1
          1
          1
          1
          1
          1
          1
          1
          1
          1
          1
          1
          1
          1
          1
          1
          1
          1
          1
          1
          1
          1
          1
          1
          1
          1
          1
          1
          1
          1
   0.999998
    0.99999
   0.999942
   0.999702
   0.998611
   0.994299
   0.979304
   0.937383
   0.845011
   0.701693
    0.54193
   0.416225
   0.334737
   0.298774
    0.29767
   0.336116
   0.415032
   0.543391
   0.700162
    0.84563
    0.93702
   0.979513
   0.994266
    0.99861
   0.999701
   0.999941
    0.99999
   0.999998
          1
          1
          1
          1
          1
          1
          1
          1
          1
          1
          1
          1
          1
          1
          1
          1
          1
          1
          1
          1
          1
          1
          1
          1
          1
          1
          1
          1
          1
          1
          1
          1
          1
   0.999999
   0.999995
   0.999974
   0.999884
   0.999544
   0.998421
   0.995172
   0.987405
   0.971664
   0.946723
   0.914482
   0.885005
   0.865581
   0.866166
   0.884157
   0.915168
   0.946345
   0.971908
   0.987342
   0.995249
   0.998418
   0.999546
   0.999885
   0.999974
   0.999995
   0.999999
          1
          1
          1
          1
          1
          1
          1
          1
          1
          1
          1
          1
          1
          1
          1
          1
          1
          1
          1
          1
          1
          1
          1
          1
          1
          1
          1
          1
          1
          1
          1
          1
          1
          1
          1
          1
   0.999998
   0.999991
   0.999966
   0.999887
   0.999667
   0.999148
   0.998132
    0.99645
   0.994276
   0.992077
    0.99072
   0.990676
   0.992112
   0.994244
   0.996481
   0.998118
   0.999158
   0.999666
   0.999887
   0.999966
   0.999991
   0.999998
          1
          1
          1
          1
          1
          1
          1
          1
          1
          1
          1
          1
          1
          1
          1
          1
          1
          1
          1
          1
          1
          1
          1
          1
          1
          1
          1
          1
          1
          1
          1
          1
          1
          1
          1
          1
          1
          1
          1
   0.999999
   0.999997
   0.999992
   0.999978
   0.999945
   0.999882
   0.999782
   0.999656
    0.99953
   0.999451
   0.999448
    0.99953
   0.999656
   0.999781
   0.999882
   0.999945
   0.999978
   0.999992
   0.999997
   0.999999
          1
          1
          1
          1
          1
          1
          1
          1
          1
          1
          1
          1
          1
          1
          1
          1
          1
          1
          1
          1
          1
          1
          1
          1
          1
          1
          1
          1
          1
          1
          1
          1
          1
          1
          1
          1
          1
          1
          1
          1
          1
          1
   0.999999
   0.999998
   0.999996
   0.999993
   0.999987
    0.99998
   0.999973
   0.999968
   0.999968
   0.999973
    0.99998
   0.999987
   0.999993
   0.999997
   0.999999
   0.999999
          1
          1
          1
          1
          1
          1
          1
          1
          1
          1
          1
          1
          1
          1
          1
          1
          1
          1
          1
          1
          1
          1
          1
          1
          1
          1
          1
          1
          1
          1
          1
          1
          1
          1
          1
          1
          1
          1
          1
          1
          1
          1
          1
          1
          1
          1
          1
          1
   0.999999
   0.999999
   0.999998
   0.999998
   0.999998
   0.999998
   0.999999
   0.999999
          1
          1
          1
          1
          1
          1
          1
          1
          1
          1
          1
          1
          1
          1
          1
          1
          1
          1
          1
          1
          1
          1
          1
          1
          1
          1
          1
          1
          1
          1
          1
          1
          1
          1
          1
          1
          1
          1
          1
          1
          1
          1
          1
          1
          1
          1
          1
          1
          1
          1
          1
          1
          1
          1
          1
          1
          1
          1
          1
          1
          1
          1
          1
          1
          1
          1
          1
          1
          1
          1
          1
          1
          1
          1
          1
          1
          1
          1
          1
          1
          1
          1
          1
          1
          1
          1
          1
          1
          1
          1
          1
          1
          1
          1
          1
          1
          1
          1
          1
          1
          1
          1
          1
          1
          1
          1
          1
          1
          1
          1
          1
          1
          1
          1
          1
          1
          1
          1
          1
          1
          1
          1
          1
          1
          1
          1
          1
          1
          1
          1
          1
          1
          1
          1
          1
          1
          1
          1
          1
          1
          1
          1
          1
          1
          1
          1
          1
          1
          1
          1
          1
          1
          1
          1
          1
          1
          1
          1
          1
          1
          1
          1
          1
          1
          1
          1
          1
          1
          1
          1
          1
          1
          1
          1
          1
          1
          1
          1
          1
          1
          1
          1
          1
          1
          1
          1
          1
          1
          1
          1
          1
          1
          1
          1
          1
          1
          1
          1
          1
          1
          1
          1
          1
          1
          1
          1
          1
          1
          1
          1
          1
          1
          1
          1
          1
          1
          1
          1
          1
          1
          1
          1
          1
          1
          1
          1
          1
          1
          1
          1
          1
          1
          1
          1
          1
          1
          1
          1
          1
          1
          1
          1
          1
          1
          1
          1
          1
          1
          1
          1
          1
          1
          1
          1
          1
          1
          1
          1
          1
          1
          1
          1
          1
          1
          1
          1
          1
          1
          1
          1
          1
          1
          1
          1
          1
          1
          1
          1
          1
          1
          1
          1
          1
          1
          1
          1
          1
          1
          1
          1
          1
          1
          1
          1
          1
          1
          1
          1
          1
          1
          1
          1
          1
          1
          1
          1
          1
          1
          1
          1
          1
          1
          1
          1
          1
          1
          1
          1
          1
          1
          1
          1
          1
          1
          1
          1
          1
          1
          1
          1
          1
          1
          1
          1
          1
          1
          1
          1
          1
          1
          1
          1
          1
          1
          1
          1
          1
          1
          1
          1
          1
          1
          1
          1
          1
          1
          1
          1
          1
          1
          1
          1
          1
          1
          1
          1
          1
          1
          1
          1
          1
          1
          1
          1
          1
          1
          1
          1
          1
          1
          1
          1
          1
          1
          1
          1
          1
          1
          1
          1
          1
          1
          1
          1
          1
          1
          1
          1
          1
          1
          1
          1
          1
          1
          1
          1
          1
          1
          1
          1
          1
          1
          1
          1
          1
          1
          1
          1
          1
          1
          1
          1
          1
          1
          1
          1
          1
          1
          1
          1
          1
          1
          1
          1
          1
          1
          1
          1
          1
          1
          1
          1
          1
          1
          1
          1
          1
          1
          1
          1
          1
          1
          1
          1
          1
          1
          1
          1
          1
          1
          1
          1
          1
          1
          1
          1
          1
          1
          1
          1
          1
          1
          1
          1
          1
          1
          1
          1
          1
          1
          1
          1
          1
          1
          1
          1
          1
          1
          1
          1
          1
          1
          1
          1
          1
          1
          1
          1
          1
          1
          1
          1
          1
          1
          1
          1
          1
          1
          1
          1
          1
          1
          1
          1
          1
          1
          1
          1
          1
          1
          1
          1
          1
          1
          1
          1
          1
          1
          1
          1
          1
          1
          1
          1
          1
          1
          1
          1
          1
          1
          1
          1
          1
          1
          1
          1
          1
          1
          1
          1
          1
          1
          1
          1
          1
          1
          1
          1
          1
          1
          1
          1
          1
          1
          1
          1
          1
          1
          1
          1
          1
          1
          1
          1
          1
          1
          1
          1
          1
          1
          1
          1
          1
          1
          1
          1
          1
          1
          1
          1
          1
          1
          1
          1
          1
          1
          1
          1
          1
          1
          1
          1
          1
          1
          1
          1
          1
          1
          1
          1
          1
          1
          1
          1
          1
          1
          1
          1
          1
          1
          1
          1
          1
          1
          1
          1
          1
          1
          1
          1
          1
          1
          1
          1
          1
          1
          1
          1
          1
          1
          1
          1
          1
          1
          1
          1
          1
          1
          1
          1
          1
          1
          1
          1
          1
          1
          1
          1
          1
          1
          1
          1
          1
          1
          1
          1
          1
          1
          1
          1
          1
          1
          1
          1
          1
          1
          1
          1
          1
          1
          1
          1
          1
          1
          1
          1
          1
          1
          1
          1
          1
          1
          1
          1
          1
          1
          1
          1
          1
          1
          1
          1
          1
          1
          1
          1
          1
          1
          1
          1
          1
          1
          1
          1
          1
          1
          1
          1
          1
          1
          1
          1
          1
          1
          1
          1
          1
          1
          1
          1
          1
          1
          1
          1
          1
          1
          1
          1
          1
          1
          1
          1
          1
          1
          1
          1
          1
          1
          1
          1
          1
          1
          1
          1
          1
          1
          1
          1
          1
          1
          1
          1
          1
          1
          1
          1
          1
          1
          1
          1
          1
          1
          1
          1
          1
          1
          1
          1
          1
          1
          1
          1
          1
          1
          1
          1
          1
          1
          1
          1
          1
          1
          1
          1
          1
          1
          1
          1
          1
          1
          1
          1
          1
          1
          1
          1
          1
          1
          1
          1
          1
          1
          1
          1
          1
          1
          1
          1
          1
          1
          1
          1
          1
          1
          1
          1
          1
          1
          1
          1
          1
          1
          1
          1
          1
          1
          1
          1
          1
          1
          1
          1
          1
          1
          1
          1
          1
          1
          1
          1
          1
          1
          1
          1
          1
          1
          1
          1
          1
          1
          1
          1
          1
          1
          1
          1
          1
          1
          1
          1
          1
          1
          1
          1
          1
          1
          1
          1
          1
          1
          1
          1
          1
          1
          1
          1
          1
          1
          1
          1
          1
          1
          1
          1
          1
          1
          1
          1
          1
          1
          1
          1
          1
          1
          1
          1
          1
          1
          1
          1
          1
          1
          1
          1
          1
          1
          1
          1
          1
          1
          1
          1
          1
          1
          1
          1
          1
          1
          1
          1
          1
          1
          1
          1
          1
          1
          1
          1
          1
          1
          1
          1
          1
          1
          1
          1
          1
          1
          1
          1
          1
          1
          1
          1
          1
          1
          1
          1
          1
          1
          1
          1
          1
          1
          1
          1
          1
          1
          1
          1
          1
          1
          1
          1
          1
          1
          1
          1
          1
          1
          1
          1
          1
          1
          1
          1
          1
          1
          1
          1
          1
          1
          1
          1
          1
          1
          1
          1
          1
          1
          1
          1
          1
          1
          1
          1
          1
          1
          1
          1
   0.999999
   0.999998
   0.999997
   0.999995
   0.999993
   0.999992
   0.999992
   0.999993
   0.999995
   0.999997
   0.999998
   0.999999
          1
          1
          1
          1
          1
          1
          1
          1
          1
          1
          1
          1
          1
          1
          1
          1
          1
          1
          1
          1
          1
          1
          1
          1
          1
          1
          1
          1
          1
          1
          1
          1
          1
          1
          1
          1
          1
          1
          1
          1
          1
          1
          1
          1
          1
   0.999999
   0.999998
   0.999993
   0.999984
   0.999966
   0.999937
   0.999901
   0.999865
   0.999842
   0.999844
   0.999865
   0.999901
   0.999937
   0.999966
   0.999983
   0.999993
   0.999998
   0.999999
          1
          1
          1
          1
          1
          1
          1
          1
          1
          1
          1
          1
          1
          1
          1
          1
          1
          1
          1
          1
          1
          1
          1
          1
          1
          1
          1
          1
          1
          1
          1
          1
          1
          1
          1
          1
          1
          1
          1
          1
   0.999999
   0.999997
   0.999989
   0.999962
   0.999891
   0.999723
     0.9994
   0.998869
   0.998182
     0.9975
   0.997071
   0.997046
   0.997506
   0.998185
   0.998875
   0.999397
   0.999727
    0.99989
   0.999963
   0.999988
   0.999997
   0.999999
          1
          1
          1
          1
          1
          1
          1
          1
          1
          1
          1
          1
          1
          1
          1
          1
          1
          1
          1
          1
          1
          1
          1
          1
          1
          1
          1
          1
          1
          1
          1
          1
          1
          1
          1
          1
          1
   0.999998
    0.99999
   0.999958
   0.999835
   0.999431
   0.998275
   0.995478
   0.989791
   0.980484
   0.968219
   0.955989
   0.948255
   0.948322
   0.955934
    0.96814
   0.980483
   0.989795
   0.995463
   0.998283
   0.999429
   0.999834
   0.999957
    0.99999
   0.999998
          1
          1
          1
          1
          1
          1
          1
          1
          1
          1
          1
          1
          1
          1
          1
          1
          1
          1
          1
          1
          1
          1
          1
          1
          1
          1
          1
          1
          1
          1
          1
          1
          1
          1
   0.999999
   0.999996
   0.999975
   0.999876
    0.99943
   0.997666
   0.991591
   0.973858
   0.931572
    0.85353
   0.746379
     0.6369
   0.553665
   0.509801
   0.509594
   0.553022
   0.637428
   0.745848
    0.85361
   0.931602
   0.973876
   0.991581
   0.997673
   0.999427
   0.999875
   0.999975
   0.999996
   0.999999
          1
          1
          1
          1
          1
          1
          1
          1
          1
          1
          1
          1
          1
          1
          1
          1
          1
          1
          1
          1
          1
          1
          1
          1
          1
          1
          1
          1
          1
          1
          1
   0.999999
   0.999993
   0.999952
    0.99972
   0.998471
    0.99266
   0.969129
   0.892125
   0.714951
   0.472686
   0.275477
   0.161457
   0.104456
   0.077242
  0.0664656
   0.066387
  0.0773187
    0.10422
   0.161692
   0.275276
   0.472957
   0.715131
   0.892237
   0.969065
   0.992696
   0.998483
   0.999719
   0.999953
   0.999993
   0.999999
          1
          1
          1
          1
          1
          1
          1
          1
          1
          1
          1
          1
          1
          1
          1
          1
          1
          1
          1
          1
          1
          1
          1
          1
          1
          1
          1
          1
          1
   0.999999
   0.999991
   0.999931
   0.999521
   0.996931
   0.982802
   0.917017
    0.71044
   0.385673
    0.16175
  0.0677204
   0.033056
  0.0195653
  0.0138363
  0.0112931
  0.0102884
  0.0102948
  0.0112885
  0.0138396
  0.0195513
  0.0330425
  0.0677955
   0.161582
   0.385514
   0.710231
   0.916917
   0.982686
   0.996943
   0.999522
   0.999932
   0.999991
   0.999999
          1
          1
          1
          1
          1
          1
          1
          1
          1
          1
          1
          1
          1
          1
          1
          1
          1
          1
          1
          1
          1
          1
          1
          1
          1
          1
          1
   0.999999
   0.999991
   0.999923
   0.999388
   0.995381
   0.969842
   0.839141
   0.495837
   0.179002
  0.0577308
  0.0225903
  0.0120052
  0.0084213
 0.00717347
 0.00678742
 0.00672656
 0.00674307
 0.00674066
 0.00672552
 0.00679213
 0.00716787
  0.0084289
  0.0119947
  0.0226378
  0.0577018
   0.179223
   0.495702
   0.839338
   0.969594
   0.995398
   0.999385
   0.999924
   0.999991
   0.999999
          1
          1
          1
          1
          1
          1
          1
          1
          1
          1
          1
          1
          1
          1
          1
          1
          1
          1
          1
          1
          1
          1
          1
          1
          1
   0.999999
   0.999993
   0.999933
   0.999394
   0.994789
   0.960322
   0.770577
   0.350621
  0.0959185
  0.0282447
   0.012317
 0.00830979
 0.00759001
 0.00805622
 0.00897539
  0.0099792
  0.0107997
  0.0112583
  0.0112636
     0.0108
 0.00997689
 0.00897941
 0.00804898
   0.007595
 0.00829844
  0.0123049
  0.0282268
   0.095903
    0.35035
    0.77058
    0.96032
   0.994807
   0.999393
   0.999933
   0.999993
   0.999999
          1
          1
          1
          1
          1
          1
          1
          1
          1
          1
          1
          1
          1
          1
          1
          1
          1
          1
          1
          1
          1
          1
          1
          1
   0.999996
   0.999955
   0.999537
   0.995517
   0.960858
   0.745206
    0.28728
  0.0660148
  0.0189465
 0.00963683
 0.00821325
 0.00919764
  0.0113233
  0.0140688
  0.0170431
  0.0198223
  0.0219747
  0.0231714
   0.023161
  0.0219863
  0.0198308
  0.0170414
  0.0140756
  0.0113246
 0.00920718
 0.00821514
 0.00963613
  0.0189433
  0.0659181
   0.287041
   0.745174
    0.96072
   0.995525
    0.99954
   0.999955
   0.999996
          1
          1
          1
          1
          1
          1
          1
          1
          1
          1
          1
          1
          1
          1
          1
          1
          1
          1
          1
          1
          1
          1
          1
   0.999998
   0.999976
   0.999733
   0.997076
   0.970615
   0.774687
    0.28911
  0.0587348
  0.0160726
  0.0090084
 0.00897318
  0.0114677
  0.0155895
  0.0209682
  0.0272071
  0.0337437
  0.0397805
   0.044465
  0.0470077
  0.0470263
   0.044452
  0.0397886
  0.0337562
  0.0272067
  0.0209721
   0.015593
  0.0114737
  0.0089794
 0.00900519
  0.0160561
  0.0586211
   0.289359
   0.774947
   0.970468
   0.997098
   0.999732
   0.999977
   0.999998
          1
          1
          1
          1
          1
          1
          1
          1
          1
          1
          1
          1
          1
          1
          1
          1
          1
          1
          1
          1
          1
   0.999999
   0.999991
   0.999882
   0.998561
   0.983478
   0.844768
   0.357069
  0.0670751
  0.0161372
 0.00891332
  0.0095597
  0.0133097
  0.0195161
  0.0280499
  0.0386911
  0.0508393
  0.0634391
  0.0750534
  0.0839537
  0.0888455
  0.0888357
  0.0839704
  0.0750408
  0.0634533
  0.0508582
  0.0386967
  0.0280657
  0.0195148
  0.0133146
 0.00955496
 0.00890424
  0.0161273
  0.0669519
   0.357222
    0.84468
   0.983516
   0.998567
   0.999881
   0.999991
   0.999999
          1
          1
          1
          1
          1
          1
          1
          1
          1
          1
          1
          1
          1
          1
          1
          1
          1
          1
          1
          1
   0.999997
   0.999961
   0.999453
   0.993067
   0.920807
   0.505779
  0.0989892
  0.0191933
  0.0089924
 0.00951626
  0.0139748
  0.0218096
  0.0333125
  0.0486323
  0.0674734
  0.0886581
   0.110369
   0.129961
   0.144881
   0.152907
   0.152923
   0.144873
   0.129986
   0.110365
  0.0886617
  0.0674674
   0.048642
  0.0333126
  0.0218036
  0.0139734
 0.00951377
 0.00898823
   0.019201
  0.0988697
   0.505939
   0.920943
   0.993103
   0.999457
    0.99996
   0.999997
          1
          1
          1
          1
          1
          1
          1
          1
          1
          1
          1
          1
          1
          1
          1
          1
          1
          1
          1
   0.999999
    0.99999
   0.999844
   0.997795
   0.970843
   0.721281
   0.186335
  0.0289858
 0.00964682
 0.00886114
  0.0131726
  0.0216824
  0.0351268
  0.0542462
  0.0793272
   0.109519
   0.142826
   0.175914
   0.204966
     0.2264
   0.237761
   0.237755
   0.226399
   0.204956
    0.17593
   0.142822
   0.109526
  0.0793241
  0.0542532
  0.0351236
  0.0216754
  0.0131717
  0.0088668
 0.00962766
  0.0290183
   0.186196
   0.721341
   0.970962
   0.997788
   0.999846
   0.999989
   0.999999
          1
          1
          1
          1
          1
          1
          1
          1
          1
          1
          1
          1
          1
          1
          1
          1
          1
          1
   0.999998
   0.999965
   0.999472
   0.992124
    0.89871
   0.400867
  0.0602426
  0.0124887
  0.0080884
   0.011229
  0.0191837
  0.0329513
  0.0539564
  0.0833885
   0.121027
   0.165201
   0.212056
    0.25663
   0.293921
   0.320353
   0.333965
   0.333971
   0.320357
   0.293914
   0.256642
   0.212059
   0.165195
   0.121041
  0.0833621
  0.0539723
  0.0329485
   0.019183
  0.0112384
  0.0080897
  0.0124628
  0.0603224
   0.400836
   0.898757
   0.992151
   0.999471
   0.999965
   0.999998
          1
          1
          1
          1
          1
          1
          1
          1
          1
          1
          1
          1
          1
          1
          1
          1
          1
          1
   0.999994
   0.999902
   0.998419
   0.975846
   0.731862
   0.171342
  0.0235473
 0.00825821
 0.00896127
  0.0151666
  0.0274608
  0.0478661
  0.0785724
   0.120479
   0.172692
   0.231359
   0.290397
   0.343134
   0.384676
   0.412689
   0.426663
    0.42667
   0.412693
   0.384694
   0.343144
   0.290432
   0.231369
   0.172703
   0.120499
  0.0785465
  0.0478679
  0.0274473
   0.015168
 0.00896603
   0.008261
  0.0235061
   0.171446
   0.731916
   0.975929
   0.998424
   0.999901
   0.999994
          1
          1
          1
          1
          1
          1
          1
          1
          1
          1
          1
          1
          1
          1
          1
          1
          1
   0.999999
   0.999985
   0.999753
    0.99588
   0.937497
   0.495544
  0.0725264
  0.0123133
 0.00743429
  0.0109479
  0.0203111
  0.0376989
  0.0661526
   0.108024
   0.163838
   0.230501
   0.301457
   0.368087
   0.423449
   0.464314
   0.490536
   0.503231
   0.503244
   0.490529
   0.464301
   0.423473
   0.368083
   0.301463
   0.230494
    0.16381
   0.108039
  0.0661308
  0.0376898
  0.0203181
  0.0109378
 0.00743024
  0.0123228
  0.0722568
   0.496083
   0.937481
   0.995909
    0.99975
   0.999985
   0.999999
          1
          1
          1
          1
          1
          1
          1
          1
          1
          1
          1
          1
          1
          1
          1
          1
   0.999998
   0.999969
   0.999464
   0.990806
   0.865829
   0.294735
  0.0352833
 0.00849541
 0.00779541
  0.0135317
  0.0262509
  0.0493873
  0.0866377
   0.140482
   0.209691
   0.288529
   0.367085
   0.435609
   0.488684
   0.525659
   0.548477
   0.559278
   0.559271
   0.548479
   0.525663
   0.488677
   0.435644
    0.36707
   0.288527
   0.209685
   0.140443
  0.0866287
  0.0493632
  0.0262463
  0.0135285
 0.00779577
 0.00848331
  0.0353053
    0.29433
   0.865796
   0.990839
    0.99946
   0.999969
   0.999998
          1
          1
          1
          1
          1
          1
          1
          1
          1
          1
          1
          1
          1
          1
          1
          1
   0.999997
   0.999944
   0.998994
   0.982427
   0.765718
   0.174815
  0.0207141
 0.00710956
 0.00861556
  0.0163187
  0.0324584
  0.0614136
   0.107575
    0.17258
    0.25322
    0.34023
   0.421493
   0.487772
   0.536191
   0.568541
   0.587951
   0.596994
   0.597004
   0.587935
   0.568532
   0.536188
   0.487754
    0.42149
   0.340224
   0.253223
   0.172584
   0.107546
  0.0614227
  0.0324611
  0.0163156
 0.00861346
 0.00712187
  0.0206763
   0.174754
   0.765748
   0.982472
   0.998987
   0.999944
   0.999997
          1
          1
          1
          1
          1
          1
          1
          1
          1
          1
          1
          1
          1
          1
          1
          1
   0.999995
   0.999911
   0.998381
   0.971439
   0.661804
   0.113374
  0.0145002
 0.00665053
 0.00952232
  0.0189261
  0.0381404
  0.0725174
    0.12642
    0.20077
    0.28959
   0.380933
   0.461608
    0.52405
   0.567864
   0.596308
   0.613071
   0.620814
   0.620806
   0.613071
   0.596284
   0.567851
   0.524047
   0.461592
   0.380943
   0.289577
   0.200729
   0.126437
  0.0724811
  0.0381698
  0.0189233
 0.00952244
 0.00664933
  0.0145034
   0.113331
   0.661544
   0.971512
   0.998379
   0.999911
   0.999995
          1
          1
          1
          1
          1
          1
          1
          1
          1
          1
          1
          1
          1
          1
          1
          1
   0.999994
   0.999881
   0.997783
   0.960576
   0.581202
  0.0842657
   0.011748
 0.00653404
  0.0102746
    0.02094
  0.0425869
  0.0809752
   0.140779
   0.221495
   0.315351
   0.408361
   0.487323
   0.546413
   0.586822
   0.612622
    0.62767
   0.634548
   0.634553
   0.627649
    0.61261
   0.586797
   0.546397
   0.487319
   0.408356
   0.315361
   0.221495
   0.140749
  0.0810002
  0.0425847
    0.02093
  0.0102743
 0.00653788
  0.0117321
  0.0843468
    0.58108
   0.960699
   0.997769
   0.999881
   0.999994
          1
          1
          1
          1
          1
          1
          1
          1
          1
          1
          1
          1
          1
          1
          1
          1
   0.999993
   0.999861
   0.997402
   0.954058
   0.539174
  0.0727068
  0.0106667
 0.00653206
  0.0106904
  0.0220534
  0.0449673
  0.0856611
   0.148446
   0.232494
     0.3286
   0.422011
   0.499767
   0.556956
   0.595629
    0.62013
   0.634319
   0.640802
   0.640789
   0.634307
   0.620107
   0.595614
   0.556944
   0.499741
   0.422001
   0.328588
   0.232475
   0.148463
  0.0856281
  0.0449823
  0.0220436
  0.0106953
 0.00653598
  0.0106749
  0.0726113
   0.539303
   0.954193
   0.997389
   0.999861
   0.999993
          1
          1
          1
          1
          1
          1
          1
          1
          1
          1
          1
          1
          1
          1
          1
          1
   0.999993
   0.999862
   0.997404
   0.953904
   0.539654
  0.0726903
  0.0106838
 0.00652228
  0.0107004
  0.0220364
  0.0450016
  0.0856237
   0.148485
   0.232473
   0.328587
   0.422017
   0.499752
   0.556957
   0.595631
   0.620123
   0.634322
   0.640791
   0.640792
     0.6343
   0.620101
   0.595609
   0.556938
   0.499742
   0.422012
   0.328596
    0.23247
   0.148476
  0.0856253
  0.0449948
  0.0220315
  0.0107039
 0.00653491
  0.0106608
  0.0727651
   0.539117
   0.954038
   0.997394
   0.999861
   0.999993
          1
          1
          1
          1
          1
          1
          1
          1
          1
          1
          1
          1
          1
          1
          1
          1
   0.999994
    0.99988
   0.997773
   0.960719
   0.580835
  0.0844375
  0.0117381
 0.00654122
  0.0102648
  0.0209571
   0.042552
  0.0810266
   0.140748
   0.221525
   0.315371
   0.408347
   0.487331
   0.546406
   0.586822
   0.612624
   0.627659
   0.634548
   0.634542
   0.627648
   0.612604
   0.586795
   0.546399
   0.487317
   0.408362
   0.315348
   0.221497
    0.14075
  0.0810034
  0.0425785
  0.0209484
  0.0102671
 0.00654106
  0.0117451
  0.0841548
   0.581233
   0.960748
   0.997774
   0.999879
   0.999994
          1
          1
          1
          1
          1
          1
          1
          1
          1
          1
          1
          1
          1
          1
          1
          1
   0.999995
   0.999912
   0.998385
   0.971331
   0.662214
   0.113328
  0.0145193
 0.00664011
 0.00953227
  0.0189117
    0.03818
  0.0724706
   0.126453
   0.200748
   0.289591
   0.380929
   0.461592
   0.524047
   0.567858
   0.596298
   0.613062
   0.620793
   0.620795
   0.613049
   0.596274
   0.567837
   0.524033
   0.461593
   0.380936
   0.289597
   0.200737
   0.126449
  0.0724842
   0.038188
  0.0189075
 0.00953411
 0.00664955
  0.0144785
   0.113599
   0.661014
   0.971558
    0.99837
   0.999912
   0.999995
          1
          1
          1
          1
          1
          1
          1
          1
          1
          1
          1
          1
          1
          1
          1
          1
   0.999997
   0.999944
    0.99899
   0.982506
   0.765399
   0.174784
  0.0206884
 0.00711473
 0.00860569
  0.0163356
  0.0324264
   0.061455
    0.10754
   0.172612
   0.253243
   0.340227
   0.421506
   0.487754
   0.536191
   0.568534
   0.587942
   0.596989
    0.59699
    0.58793
   0.568527
   0.536174
   0.487777
   0.421483
   0.340228
   0.253202
   0.172611
   0.107558
  0.0614353
  0.0324472
  0.0163282
 0.00861087
 0.00711739
  0.0207123
   0.174452
   0.765503
    0.98248
   0.998993
   0.999943
   0.999997
          1
          1
          1
          1
          1
          1
          1
          1
          1
          1
          1
          1
          1
          1
          1
          1
   0.999998
   0.999969
   0.999463
   0.990768
   0.865969
   0.294489
  0.0353005
 0.00848117
 0.00779518
   0.013523
  0.0262725
  0.0493535
  0.0866572
   0.140433
   0.209705
   0.288526
   0.367082
   0.435621
    0.48867
   0.525651
   0.548465
   0.559264
   0.559255
   0.548454
   0.525641
   0.488677
   0.435611
   0.367069
   0.288515
    0.20971
    0.14047
  0.0866559
  0.0493605
  0.0262701
  0.0135142
 0.00780693
 0.00848623
  0.0352403
   0.294707
   0.865839
   0.990815
   0.999457
   0.999969
   0.999998
          1
          1
          1
          1
          1
          1
          1
          1
          1
          1
          1
          1
          1
          1
          1
          1
   0.999999
   0.999985
   0.999754
   0.995884
   0.937301
   0.495608
  0.0723714
  0.0123331
 0.00742516
  0.0109555
  0.0203003
  0.0377245
  0.0661336
    0.10806
   0.163843
   0.230513
   0.301478
    0.36808
   0.423447
   0.464304
   0.490531
   0.503221
   0.503222
   0.490521
   0.464305
   0.423456
   0.368107
   0.301453
   0.230534
   0.163814
   0.108076
  0.0661334
  0.0377194
  0.0203087
  0.0109523
 0.00743486
  0.0123208
  0.0724746
   0.495959
   0.937282
   0.995908
   0.999752
   0.999985
   0.999999
          1
          1
          1
          1
          1
          1
          1
          1
          1
          1
          1
          1
          1
          1
          1
          1
          1
   0.999994
   0.999901
    0.99842
   0.975823
   0.731706
   0.171607
  0.0234852
 0.00826306
 0.00895867
  0.0151822
  0.0274381
  0.0478983
  0.0785288
   0.120523
     0.1727
   0.231385
    0.29042
   0.343155
   0.384692
   0.412686
   0.426662
   0.426665
   0.412687
   0.384684
   0.343141
   0.290407
   0.231386
   0.172697
   0.120527
  0.0785562
   0.047891
  0.0274494
  0.0151785
 0.00895616
 0.00827488
  0.0235098
   0.171265
   0.731843
    0.97595
   0.998426
     0.9999
   0.999994
          1
          1
          1
          1
          1
          1
          1
          1
          1
          1
          1
          1
          1
          1
          1
          1
          1
          1
   0.999998
   0.999966
   0.999467
   0.992137
    0.89861
    0.40035
  0.0604208
  0.0124525
 0.00808842
  0.0112256
  0.0191991
  0.0329428
  0.0539942
  0.0833656
   0.121048
   0.165184
   0.212066
   0.256617
   0.293912
   0.320342
   0.333956
   0.333951
   0.320353
   0.293905
   0.256653
    0.21209
     0.1652
   0.121096
  0.0833678
  0.0539993
  0.0329284
  0.0192029
  0.0112283
 0.00809869
  0.0124685
  0.0602183
   0.401105
   0.898654
   0.992136
    0.99947
   0.999966
   0.999998
          1
          1
          1
          1
          1
          1
          1
          1
          1
          1
          1
          1
          1
          1
          1
          1
          1
          1
   0.999999
   0.999989
   0.999845
   0.997785
   0.970861
   0.721503
   0.185774
  0.0290141
 0.00962727
 0.00887166
  0.0131581
  0.0216944
  0.0351205
  0.0542771
  0.0793311
   0.109552
    0.14282
   0.175953
   0.204987
   0.226437
   0.237783
    0.23779
   0.226412
   0.204995
   0.175965
   0.142841
   0.109573
  0.0793096
  0.0542783
  0.0351143
   0.021696
  0.0131693
 0.00886468
 0.00962833
  0.0290106
   0.186237
   0.721341
   0.970944
   0.997784
   0.999846
   0.999989
   0.999999
          1
          1
          1
          1
          1
          1
          1
          1
          1
          1
          1
          1
          1
          1
          1
          1
          1
          1
          1
   0.999997
    0.99996
   0.999459
   0.993058
   0.920547
   0.507424
  0.0987388
  0.0191667
  0.0089841
 0.00952601
  0.0139689
    0.02181
  0.0333108
  0.0486393
  0.0674559
  0.0886604
    0.11035
   0.129975
   0.144878
   0.152927
   0.152904
   0.144879
    0.12997
   0.110374
   0.088697
  0.0674642
  0.0486685
  0.0333037
  0.0218255
  0.0139613
 0.00952136
 0.00898257
  0.0192157
  0.0988274
   0.505209
   0.921127
    0.99306
   0.999459
    0.99996
   0.999997
          1
          1
          1
          1
          1
          1
          1
          1
          1
          1
          1
          1
          1
          1
          1
          1
          1
          1
          1
          1
   0.999999
   0.999991
   0.999881
   0.998561
   0.983487
    0.84406
   0.358094
  0.0668913
  0.0161189
 0.00889556
 0.00956054
  0.0133143
  0.0195205
  0.0280674
  0.0387079
  0.0508586
  0.0634589
  0.0750651
  0.0839821
  0.0888601
  0.0888648
  0.0839826
  0.0750705
  0.0634922
  0.0508643
  0.0387296
  0.0280603
  0.0195295
  0.0133091
 0.00956522
 0.00890798
  0.0161519
  0.0669326
   0.356219
    0.84505
   0.983477
   0.998563
    0.99988
   0.999991
   0.999999
          1
          1
          1
          1
          1
          1
          1
          1
          1
          1
          1
          1
          1
          1
          1
          1
          1
          1
          1
          1
          1
   0.999998
   0.999977
   0.999732
   0.997071
   0.970651
   0.774066
   0.289274
  0.0586709
  0.0160769
  0.0089985
 0.00897153
  0.0114672
  0.0155924
  0.0209699
  0.0272128
   0.033763
  0.0398001
  0.0444771
  0.0470383
  0.0470412
  0.0444838
  0.0398064
  0.0337582
  0.0272247
  0.0209754
  0.0155998
  0.0114645
 0.00898385
  0.0090026
  0.0160886
  0.0585185
   0.288245
   0.775931
   0.970479
   0.997075
   0.999732
   0.999977
   0.999998
          1
          1
          1
          1
          1
          1
          1
          1
          1
          1
          1
          1
          1
          1
          1
          1
          1
          1
          1
          1
          1
          1
          1
   0.999996
   0.999955
   0.999538
   0.995511
   0.960813
   0.744855
   0.286668
  0.0659157
  0.0189396
 0.00963325
 0.00821777
 0.00920402
   0.011324
  0.0140718
  0.0170457
  0.0198324
  0.0219873
  0.0231772
  0.0231755
  0.0219893
   0.019834
  0.0170525
  0.0140697
  0.0113321
 0.00920224
 0.00822861
 0.00963246
  0.0189822
  0.0657789
   0.286151
   0.746855
   0.960325
   0.995514
   0.999535
   0.999955
   0.999996
          1
          1
          1
          1
          1
          1
          1
          1
          1
          1
          1
          1
          1
          1
          1
          1
          1
          1
          1
          1
          1
          1
          1
          1
   0.999999
   0.999993
   0.999933
   0.999393
   0.994794
   0.960297
   0.771064
   0.350183
  0.0958405
  0.0282296
  0.0123087
 0.00831146
  0.0075977
  0.0080587
 0.00898195
 0.00998522
  0.0108059
  0.0112674
  0.0112648
  0.0108048
 0.00998447
 0.00898196
 0.00806361
 0.00759617
 0.00831986
  0.0123004
  0.0282348
  0.0958019
   0.349974
   0.771977
   0.959842
   0.994815
   0.999392
   0.999934
   0.999993
   0.999999
          1
          1
          1
          1
          1
          1
          1
          1
          1
          1
          1
          1
          1
          1
          1
          1
          1
          1
          1
          1
          1
          1
          1
          1
          1
   0.999999
   0.999991
   0.999924
   0.999382
   0.995399
   0.969607
   0.839731
   0.495439
   0.178989
  0.0577156
  0.0226069
  0.0120024
  0.0084297
 0.00718012
 0.00679278
 0.00673464
  0.0067473
 0.00674978
 0.00672951
 0.00679857
 0.00717845
 0.00842619
  0.0120148
  0.0226175
   0.057691
    0.17912
   0.495203
   0.839524
   0.969501
   0.995412
   0.999385
   0.999925
   0.999991
   0.999999
          1
          1
          1
          1
          1
          1
          1
          1
          1
          1
          1
          1
          1
          1
          1
          1
          1
          1
          1
          1
          1
          1
          1
          1
          1
          1
          1
   0.999999
   0.999991
   0.999932
   0.999519
    0.99695
   0.982683
   0.916966
   0.709889
    0.38515
    0.16135
  0.0676145
  0.0330307
  0.0195371
  0.0138455
  0.0112839
  0.0103033
   0.010279
  0.0112956
  0.0138177
  0.0195678
  0.0330018
  0.0676939
   0.161353
   0.385573
   0.709261
   0.917033
   0.982648
   0.996955
   0.999519
   0.999932
   0.999991
   0.999999
          1
          1
          1
          1
          1
          1
          1
          1
          1
          1
          1
          1
          1
          1
          1
          1
          1
          1
          1
          1
          1
          1
          1
          1
          1
          1
          1
          1
          1
   0.999999
   0.999993
   0.999952
   0.999718
   0.998483
   0.992694
   0.969157
   0.892271
   0.714947
   0.472898
   0.274646
   0.161499
   0.104016
  0.0772968
  0.0662362
  0.0664156
  0.0769865
   0.104353
   0.160854
   0.275347
   0.471836
   0.715316
   0.891555
    0.96927
   0.992643
   0.998481
   0.999717
   0.999952
   0.999993
   0.999999
          1
          1
          1
          1
          1
          1
          1
          1
          1
          1
          1
          1
          1
          1
          1
          1
          1
          1
          1
          1
          1
          1
          1
          1
          1
          1
          1
          1
          1
          1
          1
   0.999999
   0.999996
   0.999975
   0.999875
   0.999425
   0.997665
   0.991573
    0.97386
   0.931282
   0.853683
   0.745562
   0.637303
   0.552644
   0.510069
   0.508677
   0.553387
    0.63583
   0.746711
   0.852931
    0.93181
   0.973688
   0.991625
   0.997648
   0.999429
   0.999874
   0.999975
   0.999996
   0.999999
          1
          1
          1
          1
          1
          1
          1
          1
          1
          1
          1
          1
          1
          1
          1
          1
          1
          1
          1
          1
          1
          1
          1
          1
          1
          1
          1
          1
          1
          1
          1
          1
          1
          1
   0.999998
    0.99999
   0.999958
   0.999834
   0.999426
   0.998271
   0.995473
   0.989739
   0.980481
   0.968108
   0.956006
   0.948149
   0.948326
    0.95577
   0.968249
   0.980341
   0.989846
   0.995443
   0.998286
   0.999426
   0.999835
   0.999957
    0.99999
   0.999998
          1
          1
          1
          1
          1
          1
          1
          1
          1
          1
          1
          1
          1
          1
          1
          1
          1
          1
          1
          1
          1
          1
          1
          1
          1
          1
          1
          1
          1
          1
          1
          1
          1
          1
          1
          1
          1
   0.999999
   0.999997
   0.999989
   0.999963
   0.999891
   0.999724
   0.999399
   0.998871
   0.998183
   0.997496
    0.99706
   0.997052
     0.9975
   0.998174
   0.998875
   0.999395
   0.999726
   0.999891
   0.999962
   0.999989
   0.999997
   0.999999
          1
          1
          1
          1
          1
          1
          1
          1
          1
          1
          1
          1
          1
          1
          1
          1
          1
          1
          1
          1
          1
          1
          1
          1
          1
          1
          1
          1
          1
          1
          1
          1
          1
          1
          1
          1
          1
          1
          1
          1
   0.999999
   0.999998
   0.999993
   0.999984
   0.999966
   0.999937
   0.999901
   0.999865
   0.999842
   0.999843
   0.999864
   0.999901
   0.999937
   0.999966
   0.999984
   0.999993
   0.999998
   0.999999
          1
          1
          1
          1
          1
          1
          1
          1
          1
          1
          1
          1
          1
          1
          1
          1
          1
          1
          1
          1
          1
          1
          1
          1
          1
          1
          1
          1
          1
          1
          1
          1
          1
          1
          1
          1
          1
          1
          1
          1
          1
          1
          1
          1
          1
   0.999999
   0.999998
   0.999997
   0.999995
   0.999993
   0.999992
   0.999992
   0.999993
   0.999995
   0.999997
   0.999998
   0.999999
          1
          1
          1
          1
          1
          1
          1
          1
          1
          1
          1
          1
          1
          1
          1
          1
          1
          1
          1
          1
          1
          1
          1
          1
          1
          1
          1
          1
          1
          1
          1
          1
          1
          1
          1
          1
          1
          1
          1
          1
          1
          1
          1
          1
          1
          1
          1
          1
          1
          1
          1
          1
          1
          1
          1
          1
          1
          1
          1
          1
          1
          1
          1
          1
          1
          1
          1
          1
          1
          1
          1
          1
          1
          1
          1
          1
          1
          1
          1
          1
          1
          1
          1
          1
          1
          1
          1
          1
          1
          1
          1
          1
          1
          1
          1
          1
          1
          1
          1
          1
          1
          1
          1
          1
          1
          1
          1
          1
          1
          1
          1
          1
          1
          1
          1
          1
          1
          1
          1
          1
          1
          1
          1
          1
          1
          1
          1
          1
          1
          1
          1
          1
          1
          1
          1
          1
          1
          1
          1
          1
          1
          1
          1
          1
          1
          1
          1
          1
          1
          1
          1
          1
          1
          1
          1
          1
          1
          1
          1
          1
          1
          1
          1
          1
          1
          1
          1
          1
          1
          1
          1
          1
          1
          1
          1
          1
          1
          1
          1
          1
          1
          1
          1
          1
          1
          1
          1
          1
          1
          1
          1
          1
          1
          1
          1
          1
          1
          1
          1
          1
          1
          1
          1
          1
          1
          1
          1
          1
          1
          1
          1
          1
          1
          1
          1
          1
          1
          1
          1
          1
          1
          1
          1
          1
          1
          1
          1
          1
          1
          1
          1
          1
          1
          1
          1
          1
          1
          1
          1
          1
          1
          1
          1
          1
          1
          1
          1
          1
          1
          1
          1
          1
          1
          1
          1
          1
          1
          1
          1
          1
          1
          1
          1
          1
          1
          1
          1
          1
          1
          1
          1
          1
          1
          1
          1
          1
          1
          1
          1
          1
          1
          1
          1
          1
          1
          1
          1
          1
          1
          1
          1
          1
          1
          1
          1
          1
          1
          1
          1
          1
          1
          1
          1
          1
          1
          1
          1
          1
          1
          1
          1
          1
          1
          1
          1
          1
          1
          1
          1
          1
          1
          1
          1
          1
          1
          1
          1
          1
          1
          1
          1
          1
          1
          1
          1
          1
          1
          1
          1
          1
          1
          1
          1
          1
          1
          1
          1
          1
          1
          1
          1
          1
          1
          1
          1
          1
          1
          1
          1
          1
          1
          1
          1
          1
          1
          1
          1
          1
          1
          1
          1
          1
          1
          1
          1
          1
          1
          1
          1
          1
          1
          1
          1
          1
          1
          1
          1
          1
          1
          1
          1
          1
          1
          1
          1
          1
          1
          1
          1
          1
          1
          1
          1
          1
          1
          1
          1
          1
          1
          1
          1
          1
          1
          1
          1
          1
          1
          1
          1
          1
          1
          1
          1
          1
          1
          1
          1
          1
          1
          1
          1
          1
          1
          1
          1
          1
          1
          1
          1
          1
          1
          1
          1
          1
          1
          1
          1
          1
          1
          1
          1
          1
          1
          1
          1
          1
          1
          1
          1
          1
          1
          1
          1
          1
          1
          1
          1
          1
          1
          1
          1
          1
          1
          1
          1
          1
          1
          1
          1
          1
          1
          1
          1
          1
          1
          1
          1
          1
          1
          1
          1
          1
          1
          1
          1
          1
          1
          1
          1
          1
          1
          1
          1
          1
          1
          1
          1
          1
          1
          1
          1
          1
          1
          1
          1
          1
          1
          1
          1
          1
          1
          1
          1
          1
          1
          1
          1
          1
          1
          1
          1
          1
          1
          1
          1
          1
          1
          1
          1
          1
          1
          1
          1
          1
          1
          1
          1
          1
          1
          1
          1
          1
          1
          1
          1
          1
          1
          1
          1
          1
          1
          1
          1
          1
          1
          1
          1
          1
          1
          1
          1
          1
          1
          1
          1
          1
          1
          1
          1
          1
          1
          1
          1
          1
          1
          1
          1
          1
          1
          1
          1
          1
          1
          1
          1
          1
          1
          1
          1
          1
          1
          1
          1
          1
          1
          1
          1
          1
          1
          1
          1
          1
          1
          1
          1
          1
          1
          1
          1
          1
          1
          1
          1
          1
          1
          1
          1
          1
          1
          1
          1
          1
          1
          1
          1
          1
          1
          1
          1
          1
          1
          1
          1
          1
          1
          1
          1
          1
          1
          1
          1
          1
          1
          1
          1
          1
          1
          1
          1
          1
          1
          1
          1
          1
          1
          1
          1
          1
          1
          1
          1
          1
          1
          1
          1
          1
          1
          1
          1
          1
          1
          1
          1
          1
          1
          1
          1
          1
          1
          1
          1
          1
          1
          1
          1
          1
          1
          1
          1
          1
          1
          1
          1
          1
          1
          1
          1
          1
          1
          1
          1
          1
          1
          1
          1
          1
          1
          1
          1
          1
          1
          1
          1
          1
          1
          1
          1
          1
          1
          1
          1
          1
          1
          1
          1
          1
          1
          1
          1
          1
          1
          1
          1
          1
          1
          1
          1
          1
          1
          1
          1
          1
          1
          1
          1
          1
          1
          1
          1
          1
          1
          1
          1
          1
          1
          1
          1
          1
          1
          1
          1
          1
          1
          1
          1
          1
          1
          1
          1
          1
          1
          1
          1
          1
          1
          1
          1
          1
          1
          1
          1
          1
          1
          1
          1
          1
          1
          1
          1
          1
          1
          1
          1
          1
          1
          1
          1
          1
          1
          1
          1
          1
          1
          1
          1
          1
          1
          1
          1
          1
          1
          1
          1
          1
          1
          1
          1
          1
          1
          1
          1
          1
          1
          1
          1
          1
          1
          1
          1
          1
          1
          1
          1
          1
          1
          1
          1
          1
          1
          1
          1
          1
          1
          1
          1
          1
          1
          1
          1
          1
          1
          1
          1
          1
          1
          1
          1
          1
          1
          1
          1
          1
          1
          1
          1
          1
          1
          1
          1
          1
          1
          1
          1
          1
          1
          1
          1
          1
          1
          1
          1
          1
          1
          1
          1
          1
          1
          1
          1
          1
          1
          1
          1
          1
          1
          1
          1
          1
          1
          1
          1
          1
          1
          1
          1
          1
          1
          1
          1
          1
          1
          1
          1
          1
          1
          1
          1
          1
          1
          1
          1
          1
          1
          1
          1
          1
          1
          1
          1
          1
          1
          1
          1
          1
          1
          1
          1
          1
          1
          1
   0.999999
   0.999999
   0.999999
   0.999998
   0.999998
   0.999999
   0.999999
   0.999999
          1
          1
          1
          1
          1
          1
          1
          1
          1
          1
          1
          1
          1
          1
          1
          1
          1
          1
          1
          1
          1
          1
          1
          1
          1
          1
          1
          1
          1
          1
          1
          1
          1
          1
          1
          1
          1
          1
          1
          1
          1
          1
          1
          1
          1
          1
          1
          1
   0.999999
   0.999998
   0.999996
   0.999992
   0.999986
   0.999978
    0.99997
   0.999965
   0.999965
    0.99997
   0.999978
   0.999986
   0.999992
   0.999996
   0.999998
   0.999999
          1
          1
          1
          1
          1
          1
          1
          1
          1
          1
          1
          1
          1
          1
          1
          1
          1
          1
          1
          1
          1
          1
          1
          1
          1
          1
          1
          1
          1
          1
          1
          1
          1
          1
          1
          1
          1
          1
          1
          1
          1
          1
   0.999999
   0.999997
    0.99999
   0.999973
   0.999932
   0.999855
   0.999731
   0.999569
   0.999403
   0.999301
   0.999297
   0.999407
   0.999567
   0.999731
   0.999854
   0.999932
   0.999973
    0.99999
   0.999997
   0.999999
          1
          1
          1
          1
          1
          1
          1
          1
          1
          1
          1
          1
          1
          1
          1
          1
          1
          1
          1
          1
          1
          1
          1
          1
          1
          1
          1
          1
          1
          1
          1
          1
          1
          1
          1
          1
          1
          1
   0.999999
   0.999997
   0.999988
   0.999953
   0.999842
   0.999524
   0.998776
   0.997251
   0.994763
   0.991453
   0.988148
   0.985978
   0.986026
   0.988118
   0.991448
   0.994767
    0.99727
   0.998774
   0.999527
   0.999841
   0.999953
   0.999988
   0.999997
   0.999999
          1
          1
          1
          1
          1
          1
          1
          1
          1
          1
          1
          1
          1
          1
          1
          1
          1
          1
          1
          1
          1
          1
          1
          1
          1
          1
          1
          1
          1
          1
          1
          1
          1
          1
          1
   0.999999
   0.999992
    0.99996
    0.99982
   0.999275
   0.997405
   0.991997
   0.978544
   0.951549
   0.908539
   0.855944
   0.807515
   0.779127
   0.779243
    0.80745
   0.855915
   0.908421
   0.951544
    0.97852
   0.992007
   0.997408
   0.999274
    0.99982
    0.99996
   0.999992
   0.999999
          1
          1
          1
          1
          1
          1
          1
          1
          1
          1
          1
          1
          1
          1
          1
          1
          1
          1
          1
          1
          1
          1
          1
          1
          1
          1
          1
          1
          1
          1
          1
          1
          1
   0.999997
   0.999983
   0.999899
    0.99946
   0.997426
   0.989147
   0.960538
   0.881411
   0.725988
   0.526039
   0.355245
   0.246252
   0.187132
   0.162288
   0.162059
   0.187298
   0.245676
   0.355942
   0.525457
   0.726379
   0.881349
   0.960685
   0.989136
   0.997446
   0.999463
   0.999899
   0.999983
   0.999997
          1
          1
          1
          1
          1
          1
          1
          1
          1
          1
          1
          1
          1
          1
          1
          1
          1
          1
          1
          1
          1
          1
          1
          1
          1
          1
          1
          1
          1
          1
          1
   0.999996
   0.999971
   0.999805
   0.998767
    0.99314
   0.965943
   0.863559
   0.616824
   0.324443
   0.146293
  0.0689747
  0.0376841
  0.0243188
  0.0184771
   0.016164
  0.0161963
  0.0184492
  0.0243662
  0.0376108
  0.0690639
   0.146009
   0.324804
   0.616267
   0.863634
   0.965822
   0.993129
   0.998774
   0.999804
   0.999972
   0.999996
          1
          1
          1
          1
          1
          1
          1
          1
          1
          1
          1
          1
          1
          1
          1
          1
          1
          1
          1
          1
          1
          1
          1
          1
          1
          1
          1
          1
          1
   0.999996
   0.999964
   0.999716
   0.997877
   0.986253
   0.921504
   0.687867
   0.322444
    0.11018
  0.0392282
  0.0174709
  0.0101078
 0.00729664
 0.00615516
 0.00567768
 0.00551737
 0.00551313
 0.00568154
 0.00614863
  0.0073003
  0.0100981
  0.0174799
  0.0392398
   0.110283
   0.322277
   0.687781
   0.921512
   0.986142
   0.997897
   0.999716
   0.999965
   0.999996
          1
          1
          1
          1
          1
          1
          1
          1
          1
          1
          1
          1
          1
          1
          1
          1
          1
          1
          1
          1
          1
          1
          1
          1
          1
          1
          1
   0.999996
   0.999964
   0.999682
   0.997264
   0.979272
   0.867742
   0.510522
   0.163295
   0.044904
  0.0160887
 0.00862222
 0.00657204
 0.00621731
 0.00648208
 0.00694045
 0.00736873
 0.00761723
 0.00762177
 0.00736932
 0.00694034
 0.00648191
  0.0062156
  0.0065737
 0.00862133
  0.0160938
  0.0449675
   0.163223
   0.510199
   0.867832
   0.979053
   0.997281
   0.999682
   0.999965
   0.999996
          1
          1
          1
          1
          1
          1
          1
          1
          1
          1
          1
          1
          1
          1
          1
          1
          1
          1
          1
          1
          1
          1
          1
          1
          1
   0.999997
   0.999972
   0.999721
   0.997318
    0.97645
   0.831831
   0.401974
   0.099525
  0.0252761
  0.0103336
 0.00727261
  0.0072947
 0.00850432
  0.0102858
  0.0122875
  0.0141844
  0.0156667
   0.016494
  0.0164954
  0.0156726
  0.0141876
  0.0122861
  0.0102914
 0.00850579
 0.00729552
 0.00727438
  0.0103296
  0.0252775
  0.0995228
   0.402017
   0.832157
   0.976297
   0.997317
   0.999723
   0.999973
   0.999997
          1
          1
          1
          1
          1
          1
          1
          1
          1
          1
          1
          1
          1
          1
          1
          1
          1
          1
          1
          1
          1
          1
          1
   0.999999
   0.999983
   0.999813
   0.997976
   0.979663
    0.83347
   0.369108
   0.078094
  0.0188813
 0.00880793
 0.00772358
 0.00932877
  0.0124226
  0.0166002
  0.0215035
  0.0266669
  0.0314729
  0.0352186
  0.0372918
   0.037295
  0.0352271
  0.0314703
  0.0266735
  0.0214993
  0.0166082
  0.0124285
 0.00933155
 0.00772617
 0.00880989
  0.0188656
  0.0779246
   0.369205
    0.83378
   0.979546
   0.997978
   0.999814
   0.999984
   0.999999
          1
          1
          1
          1
          1
          1
          1
          1
          1
          1
          1
          1
          1
          1
          1
          1
          1
          1
          1
          1
          1
   0.999999
   0.999993
   0.999905
   0.998839
    0.98675
   0.871637
   0.406324
  0.0787451
  0.0173931
 0.00847285
 0.00845308
  0.0115035
  0.0168216
  0.0242816
  0.0337227
  0.0446297
  0.0560936
  0.0667289
  0.0750216
  0.0795736
  0.0795878
    0.07502
  0.0667421
  0.0560828
  0.0446422
  0.0337159
  0.0242959
  0.0168239
  0.0115059
 0.00844958
  0.0084809
  0.0173814
  0.0785545
   0.406729
   0.871507
    0.98672
   0.998848
   0.999903
   0.999993
   0.999999
          1
          1
          1
          1
          1
          1
          1
          1
          1
          1
          1
          1
          1
          1
          1
          1
          1
          1
          1
          1
   0.999997
   0.999963
   0.999493
   0.993531
   0.925384
   0.520051
   0.102082
  0.0191002
 0.00847675
 0.00874759
  0.0128549
  0.0202678
  0.0313171
  0.0463087
  0.0649996
  0.0863796
   0.108478
   0.128684
   0.144136
   0.152538
   0.152522
   0.144151
    0.12869
   0.108498
  0.0863654
  0.0650191
  0.0463024
  0.0313284
  0.0202661
  0.0128566
 0.00873918
 0.00848322
   0.019081
   0.101948
   0.520326
   0.925186
   0.993574
   0.999497
   0.999963
   0.999997
          1
          1
          1
          1
          1
          1
          1
          1
          1
          1
          1
          1
          1
          1
          1
          1
          1
          1
          1
   0.999999
   0.999989
   0.999833
   0.997605
   0.968104
   0.699132
   0.169339
  0.0258983
  0.0088148
  0.0083846
  0.0127851
  0.0214886
  0.0354339
  0.0556406
  0.0824998
   0.115229
   0.151495
   0.187583
   0.219186
   0.242499
   0.254824
   0.254833
   0.242506
   0.219207
   0.187579
    0.15151
   0.115231
  0.0825187
  0.0556417
  0.0354453
  0.0214907
  0.0127821
 0.00837881
 0.00882231
  0.0259063
    0.16952
   0.699003
   0.968063
   0.997612
   0.999833
   0.999989
   0.999999
          1
          1
          1
          1
          1
          1
          1
          1
          1
          1
          1
          1
          1
          1
          1
          1
          1
          1
   0.999997
   0.999957
   0.999333
   0.989961
   0.871419
    0.33537
  0.0467471
  0.0104318
 0.00761185
  0.0113052
  0.0200099
  0.0352058
  0.0588503
  0.0923258
   0.135379
   0.185536
   0.238099
   0.287193
   0.327635
   0.355899
   0.370342
   0.370342
   0.355916
   0.327631
   0.287211
   0.238085
   0.185561
   0.135377
  0.0923182
  0.0588557
    0.03522
  0.0200083
  0.0113173
 0.00761249
  0.0104179
   0.046856
   0.335286
   0.871625
   0.989979
    0.99933
   0.999957
   0.999997
          1
          1
          1
          1
          1
          1
          1
          1
          1
          1
          1
          1
          1
          1
          1
          1
          1
          1
   0.999991
   0.999857
   0.997642
   0.963741
   0.635589
   0.116301
  0.0166082
 0.00718785
 0.00908129
  0.0164146
   0.030746
  0.0549835
  0.0918346
     0.1421
    0.20364
   0.270814
   0.336051
   0.392422
   0.435615
   0.464221
   0.478342
   0.478347
   0.464222
   0.435639
   0.392423
   0.336105
   0.270825
   0.203677
   0.142124
  0.0918448
  0.0549925
  0.0307519
  0.0164073
 0.00909765
 0.00718354
  0.0165832
   0.116472
   0.635083
   0.963772
   0.997629
   0.999857
   0.999991
          1
          1
          1
          1
          1
          1
          1
          1
          1
          1
          1
          1
          1
          1
          1
          1
          1
   0.999999
   0.999976
   0.999575
   0.992766
   0.891607
   0.343792
  0.0416605
  0.0087082
 0.00709314
  0.0119969
  0.0235704
  0.0452194
  0.0811627
   0.134011
   0.202733
   0.281385
   0.360625
   0.431251
    0.48749
   0.527847
   0.553343
    0.56559
   0.565594
   0.553339
   0.527841
   0.487497
   0.431236
   0.360654
   0.281376
   0.202748
    0.13404
  0.0811747
  0.0452092
  0.0235676
  0.0119967
 0.00709135
  0.0087162
  0.0416012
   0.343926
   0.891481
    0.99275
   0.999576
   0.999976
   0.999999
          1
          1
          1
          1
          1
          1
          1
          1
          1
          1
          1
          1
          1
          1
          1
          1
   0.999997
   0.999941
   0.998912
   0.980832
   0.747056
   0.158263
  0.0183782
 0.00650596
 0.00817271
  0.0159308
  0.0325539
  0.0632059
   0.112891
   0.183049
   0.268706
   0.359443
   0.443325
   0.512068
    0.56308
   0.597804
   0.618991
   0.628977
   0.628972
    0.61899
   0.597798
   0.563071
   0.512072
   0.443319
   0.359468
   0.268705
   0.183042
   0.112909
  0.0632125
  0.0325428
   0.015948
 0.00816938
 0.00650103
  0.0184228
   0.157941
   0.747337
   0.980738
   0.998917
    0.99994
   0.999997
          1
          1
          1
          1
          1
          1
          1
          1
          1
          1
          1
          1
          1
          1
          1
          1
   0.999993
   0.999873
   0.997571
    0.95689
   0.554196
  0.0751566
  0.0104661
 0.00604658
 0.00981519
  0.0205411
  0.0429329
  0.0836745
   0.147973
   0.234257
    0.33263
    0.42885
   0.510921
   0.573624
   0.617681
   0.646533
   0.663683
    0.67163
   0.671625
   0.663671
   0.646521
   0.617667
     0.5736
   0.510923
   0.428836
   0.332663
    0.23427
   0.147995
  0.0836914
  0.0429333
  0.0205438
 0.00982067
 0.00604772
  0.0104707
  0.0752549
   0.553538
   0.956795
   0.997569
   0.999873
   0.999993
          1
          1
          1
          1
          1
          1
          1
          1
          1
          1
          1
          1
          1
          1
          1
   0.999999
   0.999988
   0.999764
   0.995374
   0.918661
   0.382585
  0.0409771
 0.00743493
 0.00623234
  0.0116687
  0.0253884
  0.0537672
   0.104833
   0.182827
   0.282072
   0.387838
   0.484092
   0.561029
   0.616793
   0.654477
   0.678414
   0.692302
   0.698639
   0.698631
   0.692294
   0.678393
   0.654455
   0.616773
   0.561005
   0.484093
   0.387828
     0.2821
   0.182839
   0.104846
  0.0537651
   0.025409
   0.011662
 0.00622952
 0.00744915
  0.0409311
   0.382465
   0.918427
   0.995383
   0.999762
   0.999988
   0.999999
          1
          1
          1
          1
          1
          1
          1
          1
          1
          1
          1
          1
          1
          1
   0.999999
   0.999981
   0.999625
   0.992449
   0.871599
   0.268734
  0.0263987
 0.00617086
 0.00662637
  0.0134173
  0.0298792
  0.0638411
   0.124107
   0.213349
   0.321441
   0.430135
   0.523728
   0.595102
   0.645027
   0.677787
   0.698062
   0.709553
   0.714691
   0.714691
   0.709536
   0.698044
   0.677763
   0.644997
   0.595087
   0.523703
   0.430162
   0.321448
   0.213363
   0.124134
  0.0638312
  0.0298863
  0.0134203
 0.00662166
 0.00617441
  0.0264086
   0.268576
   0.871056
   0.992489
   0.999623
   0.999981
   0.999999
          1
          1
          1
          1
          1
          1
          1
          1
          1
          1
          1
          1
          1
          1
   0.999999
   0.999975
   0.999485
   0.989608
   0.828168
   0.206505
  0.0199497
 0.00564084
 0.00699589
  0.0147801
  0.0333772
  0.0716313
   0.138862
   0.235829
   0.348959
   0.458169
   0.548751
    0.61589
   0.661772
    0.69127
   0.709144
   0.719042
   0.723398
   0.723389
    0.71903
   0.709121
   0.691247
   0.661743
   0.615858
   0.548735
   0.458158
   0.348993
   0.235846
   0.138858
   0.071636
  0.0333962
  0.0147723
 0.00699666
 0.00564666
  0.0199253
   0.206556
   0.827828
   0.989607
   0.999482
   0.999975
   0.999999
          1
          1
          1
          1
          1
          1
          1
          1
          1
          1
          1
          1
          1
          1
   0.999999
    0.99997
   0.999402
   0.987787
   0.802758
   0.179958
  0.0174557
  0.0054527
 0.00721605
  0.0155384
  0.0352873
  0.0759309
   0.146825
   0.247713
   0.363021
    0.47196
   0.560765
   0.625654
   0.669516
   0.697398
    0.71407
   0.723189
   0.727142
    0.72714
   0.723171
   0.714053
   0.697377
   0.669484
   0.625633
   0.560745
   0.471983
   0.363019
   0.247718
   0.146849
  0.0759209
  0.0352983
  0.0155418
 0.00720987
 0.00545658
  0.0174671
   0.179677
   0.802301
   0.987825
   0.999398
    0.99997
   0.999999
          1
          1
          1
          1
          1
          1
          1
          1
          1
          1
          1
          1
          1
          1
   0.999999
   0.999971
   0.999399
     0.9878
   0.802755
   0.179803
  0.0174692
 0.00544782
 0.00722002
  0.0155319
  0.0352995
  0.0759197
    0.14684
   0.247715
   0.363013
   0.471977
    0.56076
   0.625655
   0.669511
   0.697394
   0.714073
   0.723183
   0.727143
   0.727134
    0.72317
   0.714052
   0.697374
   0.669487
   0.625628
   0.560746
   0.471984
   0.363031
   0.247707
   0.146862
  0.0759081
  0.0353161
  0.0155257
 0.00721759
 0.00545661
  0.0174306
   0.180116
   0.802081
   0.987803
   0.999397
   0.999971
   0.999999
          1
          1
          1
          1
          1
          1
          1
          1
          1
          1
          1
          1
          1
          1
   0.999999
   0.999975
   0.999487
    0.98957
   0.828142
   0.206603
   0.019925
 0.00564412
 0.00698968
  0.0147865
  0.0333656
  0.0716575
   0.138846
   0.235834
   0.348976
   0.458146
    0.54875
   0.615877
   0.661764
   0.691262
    0.70913
   0.719035
   0.723383
   0.723381
    0.71902
   0.709114
   0.691243
   0.661737
   0.615868
   0.548733
   0.458175
   0.348984
   0.235857
   0.138858
  0.0716457
  0.0333803
  0.0147869
 0.00698981
 0.00564695
  0.0199624
   0.205974
   0.827825
   0.989604
   0.999485
   0.999975
   0.999999
          1
          1
          1
          1
          1
          1
          1
          1
          1
          1
          1
          1
          1
          1
   0.999999
   0.999981
   0.999623
   0.992473
   0.871437
   0.268862
  0.0264072
 0.00616672
 0.00663081
  0.0134118
  0.0298957
   0.063829
   0.124128
   0.213362
   0.321439
    0.43015
   0.523724
   0.595098
   0.645019
   0.677778
   0.698051
   0.709537
   0.714681
   0.714676
    0.70953
   0.698039
    0.67776
      0.645
   0.595081
   0.523719
   0.430159
   0.321463
   0.213367
   0.124145
  0.0638176
  0.0299145
  0.0134058
 0.00662887
 0.00617722
  0.0263461
    0.26904
   0.870782
   0.992514
    0.99962
   0.999981
   0.999999
          1
          1
          1
          1
          1
          1
          1
          1
          1
          1
          1
          1
          1
          1
   0.999999
   0.999988
   0.999765
   0.995357
   0.918783
   0.382519
  0.0409583
 0.00743571
 0.00623052
  0.0116767
  0.0253821
  0.0537968
   0.104828
    0.18285
   0.282115
    0.38782
   0.484103
    0.56102
   0.616787
   0.654464
   0.678401
   0.692288
   0.698623
   0.698619
   0.692282
   0.678386
   0.654457
   0.616765
   0.561026
   0.484091
   0.387858
   0.282088
   0.182874
   0.104839
   0.053795
  0.0253887
  0.0116743
 0.00622765
 0.00743595
  0.0410351
   0.381857
   0.918515
   0.995379
   0.999764
   0.999988
   0.999999
          1
          1
          1
          1
          1
          1
          1
          1
          1
          1
          1
          1
          1
          1
          1
   0.999993
   0.999873
   0.997575
   0.956817
   0.553924
  0.0752294
  0.0104461
  0.0060512
  0.0098157
  0.0205537
  0.0429258
  0.0837001
   0.147986
   0.234296
   0.332674
   0.428864
   0.510934
   0.573624
    0.61768
   0.646527
   0.663679
   0.671623
   0.671624
   0.663669
   0.646529
   0.617665
   0.573623
   0.510924
   0.428861
   0.332663
   0.234294
   0.148011
  0.0837109
  0.0429189
  0.0205697
 0.00980485
 0.00605119
   0.010469
  0.0750952
   0.554135
   0.956766
    0.99758
   0.999872
   0.999993
          1
          1
          1
          1
          1
          1
          1
          1
          1
          1
          1
          1
          1
          1
          1
          1
   0.999997
   0.999941
   0.998907
   0.980847
   0.746886
   0.158136
  0.0184032
 0.00649359
 0.00818239
  0.0159294
  0.0325689
   0.063217
    0.11291
   0.183075
   0.268718
   0.359479
    0.44334
   0.512078
   0.563083
   0.597801
   0.618987
   0.628971
   0.628966
   0.618987
   0.597793
   0.563089
   0.512068
   0.443357
   0.359471
    0.26875
   0.183054
   0.112951
  0.0632064
  0.0325865
  0.0159309
 0.00817847
  0.0065028
  0.0183781
   0.158159
   0.746974
   0.980678
   0.998915
   0.999941
   0.999997
          1
          1
          1
          1
          1
          1
          1
          1
          1
          1
          1
          1
          1
          1
          1
          1
   0.999999
   0.999976
   0.999578
   0.992767
   0.891376
   0.344491
  0.0415814
  0.0087145
 0.00709132
  0.0120047
  0.0235636
  0.0452349
  0.0811694
    0.13407
   0.202774
   0.281418
   0.360671
   0.431267
   0.487515
   0.527861
   0.553358
   0.565603
   0.565609
   0.553354
   0.527879
   0.487518
    0.43129
   0.360658
    0.28143
   0.202746
   0.134076
  0.0811819
   0.045243
  0.0235657
  0.0120041
  0.0070854
 0.00872305
  0.0416321
   0.343444
   0.891546
   0.992723
   0.999579
   0.999976
   0.999999
          1
          1
          1
          1
          1
          1
          1
          1
          1
          1
          1
          1
          1
          1
          1
          1
          1
   0.999992
   0.999857
   0.997653
   0.963655
   0.635075
   0.116476
    0.01656
 0.00719029
 0.00908714
  0.0164214
  0.0307497
  0.0549984
  0.0918346
   0.142142
   0.203668
   0.270854
   0.336099
   0.392437
   0.435641
   0.464235
    0.47836
   0.478354
   0.464243
    0.43564
    0.39244
    0.33608
   0.270872
   0.203657
   0.142162
  0.0918432
  0.0550327
  0.0307329
  0.0164352
 0.00908397
 0.00719038
  0.0165939
    0.11616
   0.635969
   0.963633
   0.997636
   0.999857
   0.999992
   0.999999
          1
          1
          1
          1
          1
          1
          1
          1
          1
          1
          1
          1
          1
          1
          1
          1
          1
   0.999997
   0.999958
   0.999329
   0.989975
   0.871546
   0.334952
  0.0467855
  0.0104225
 0.00762225
  0.0113029
  0.0200205
  0.0352206
   0.058882
  0.0923451
   0.135417
   0.185561
   0.238146
   0.287236
   0.327655
   0.355929
   0.370367
   0.370372
   0.355933
   0.327672
   0.287241
   0.238173
   0.185568
   0.135454
  0.0923329
  0.0588933
  0.0352012
  0.0200331
   0.011311
 0.00761138
  0.0104165
  0.0468076
   0.335717
   0.871118
   0.989998
   0.999327
   0.999958
   0.999997
          1
          1
          1
          1
          1
          1
          1
          1
          1
          1
          1
          1
          1
          1
          1
          1
          1
          1
   0.999999
   0.999989
   0.999835
   0.997591
    0.96813
   0.699812
   0.168938
  0.0258806
 0.00881491
 0.00839507
  0.0127771
  0.0214899
  0.0354429
  0.0556535
   0.082521
    0.11527
   0.151525
   0.187632
   0.219248
   0.242569
    0.25488
   0.254894
   0.242563
   0.219254
   0.187641
   0.151511
   0.115295
  0.0825033
    0.05567
  0.0354398
  0.0215121
  0.0127779
 0.00838343
 0.00880172
  0.0259131
   0.169474
   0.698259
   0.968224
   0.997591
   0.999832
   0.999989
   0.999999
          1
          1
          1
          1
          1
          1
          1
          1
          1
          1
          1
          1
          1
          1
          1
          1
          1
          1
          1
   0.999997
   0.999963
   0.999497
   0.993516
   0.925052
   0.521014
   0.101906
  0.0190794
 0.00847095
 0.00875462
  0.0128606
   0.020266
  0.0313372
   0.046313
  0.0650213
  0.0863887
    0.10851
   0.128703
   0.144166
   0.152561
   0.152562
   0.144167
   0.128714
   0.108506
  0.0864272
   0.065009
  0.0463545
  0.0313301
  0.0202807
  0.0128563
 0.00874298
 0.00847006
  0.0191021
   0.101925
   0.518957
   0.925613
    0.99351
   0.999496
   0.999963
   0.999997
          1
          1
          1
          1
          1
          1
          1
          1
          1
          1
          1
          1
          1
          1
          1
          1
          1
          1
          1
          1
   0.999999
   0.999993
   0.999904
   0.998845
   0.986741
    0.87089
   0.407032
  0.0786763
  0.0173773
  0.0084743
 0.00845703
  0.0115123
  0.0168285
  0.0243052
  0.0337394
  0.0446729
  0.0561113
  0.0667795
  0.0750643
  0.0796275
  0.0796258
    0.07507
  0.0667765
  0.0561397
  0.0446576
  0.0337583
  0.0242949
  0.0168256
  0.0115065
 0.00844711
 0.00847037
    0.01741
  0.0785753
   0.405483
   0.872406
   0.986668
   0.998846
   0.999904
   0.999993
   0.999999
          1
          1
          1
          1
          1
          1
          1
          1
          1
          1
          1
          1
          1
          1
          1
          1
          1
          1
          1
          1
          1
   0.999999
   0.999984
   0.999813
   0.997985
   0.979685
   0.833301
   0.369203
   0.078049
  0.0188737
  0.0088122
 0.00772905
 0.00933655
  0.0124288
  0.0166087
  0.0215043
  0.0266892
  0.0314896
  0.0352433
  0.0373145
  0.0373232
  0.0352476
  0.0314923
  0.0266809
  0.0215132
  0.0166033
  0.0124282
 0.00933082
 0.00772785
 0.00880359
  0.0188796
  0.0778347
   0.368048
   0.834671
   0.979421
   0.997986
   0.999814
   0.999984
   0.999999
          1
          1
          1
          1
          1
          1
          1
          1
          1
          1
          1
          1
          1
          1
          1
          1
          1
          1
          1
          1
          1
          1
          1
   0.999997
   0.999972
   0.999722
   0.997328
   0.976377
   0.832124
   0.401655
  0.0996547
  0.0252944
  0.0103323
 0.00728224
 0.00730082
 0.00851236
  0.0102983
  0.0122953
  0.0141985
  0.0156816
  0.0165037
  0.0165087
  0.0156785
  0.0141966
  0.0122959
  0.0102964
 0.00851028
 0.00729916
 0.00727777
  0.0103247
  0.0252819
  0.0994153
   0.400949
   0.833327
   0.976107
   0.997326
   0.999723
   0.999973
   0.999997
          1
          1
          1
          1
          1
          1
          1
          1
          1
          1
          1
          1
          1
          1
          1
          1
          1
          1
          1
          1
          1
          1
          1
          1
          1
   0.999996
   0.999965
   0.999681
   0.997296
   0.979067
   0.868074
   0.509817
   0.163127
  0.0449771
  0.0160864
 0.00862911
 0.00657469
 0.00622066
 0.00648594
 0.00694828
 0.00737175
 0.00762673
 0.00762173
 0.00737818
  0.0069398
 0.00648613
 0.00621836
 0.00657595
 0.00862075
  0.0160744
  0.0449282
    0.16315
   0.509337
   0.868631
   0.978925
    0.99728
   0.999682
   0.999965
   0.999996
          1
          1
          1
          1
          1
          1
          1
          1
          1
          1
          1
          1
          1
          1
          1
          1
          1
          1
          1
          1
          1
          1
          1
          1
          1
          1
          1
   0.999996
   0.999964
   0.999715
   0.997907
   0.986102
   0.921767
   0.687431
   0.321983
   0.110257
  0.0391929
   0.017482
  0.0100973
 0.00730704
 0.00615391
 0.00568649
 0.00551238
 0.00552541
 0.00567592
 0.00616121
 0.00729416
  0.0101052
  0.0174522
  0.0392459
   0.110033
   0.322376
   0.686792
   0.921942
   0.985985
   0.997908
   0.999716
   0.999964
   0.999996
          1
          1
          1
          1
          1
          1
          1
          1
          1
          1
          1
          1
          1
          1
          1
          1
          1
          1
          1
          1
          1
          1
          1
          1
          1
          1
          1
          1
          1
   0.999996
   0.999971
   0.999803
   0.998778
   0.993104
   0.965875
   0.863325
   0.615487
   0.324209
   0.145681
  0.0689864
  0.0375299
  0.0243373
  0.0184306
  0.0161964
  0.0161297
  0.0184921
  0.0242467
  0.0376865
  0.0688348
   0.146162
   0.323502
   0.617128
   0.862702
   0.966111
   0.993048
   0.998789
   0.999804
   0.999971
   0.999996
          1
          1
          1
          1
          1
          1
          1
          1
          1
          1
          1
          1
          1
          1
          1
          1
          1
          1
          1
          1
          1
          1
          1
          1
          1
          1
          1
          1
          1
          1
          1
   0.999997
   0.999983
   0.999898
   0.999461
   0.997433
   0.989159
   0.960593
   0.881055
   0.726454
   0.524555
   0.355458
   0.245356
   0.187069
   0.161445
    0.16226
   0.186073
   0.246175
    0.35404
   0.525779
   0.724961
   0.881878
   0.960193
   0.989229
   0.997413
   0.999467
   0.999898
   0.999983
   0.999997
          1
          1
          1
          1
          1
          1
          1
          1
          1
          1
          1
          1
          1
          1
          1
          1
          1
          1
          1
          1
          1
          1
          1
          1
          1
          1
          1
          1
          1
          1
          1
          1
          1
   0.999999
   0.999992
    0.99996
   0.999819
   0.999269
   0.997408
   0.991993
   0.978472
   0.951697
   0.908247
   0.855968
   0.807299
   0.779552
   0.778211
   0.807902
   0.854934
   0.908926
   0.951402
    0.97864
   0.991927
   0.997439
   0.999267
    0.99982
    0.99996
   0.999992
   0.999999
          1
          1
          1
          1
          1
          1
          1
          1
          1
          1
          1
          1
          1
          1
          1
          1
          1
          1
          1
          1
          1
          1
          1
          1
          1
          1
          1
          1
          1
          1
          1
          1
          1
          1
          1
   0.999999
   0.999997
   0.999988
   0.999953
    0.99984
   0.999525
   0.998774
   0.997243
   0.994765
   0.991433
   0.988114
   0.985929
   0.986022
   0.988049
   0.991484
   0.994723
   0.997265
   0.998766
   0.999529
   0.999839
   0.999953
   0.999988
   0.999997
   0.999999
          1
          1
          1
          1
          1
          1
          1
          1
          1
          1
          1
          1
          1
          1
          1
          1
          1
          1
          1
          1
          1
          1
          1
          1
          1
          1
          1
          1
          1
          1
          1
          1
          1
          1
          1
          1
          1
          1
   0.999999
   0.999997
    0.99999
   0.999973
   0.999932
   0.999854
   0.999729
   0.999566
   0.999404
   0.999299
   0.999294
   0.999405
   0.999563
   0.999731
   0.999854
   0.999932
   0.999972
    0.99999
   0.999997
   0.999999
          1
          1
          1
          1
          1
          1
          1
          1
          1
          1
          1
          1
          1
          1
          1
          1
          1
          1
          1
          1
          1
          1
          1
          1
          1
          1
          1
          1
          1
          1
          1
          1
          1
          1
          1
          1
          1
          1
          1
          1
          1
          1
   0.999999
   0.999998
   0.999996
   0.999992
   0.999986
   0.999978
   0.999971
   0.999965
   0.999965
    0.99997
   0.999978
   0.999986
   0.999992
   0.999996
   0.999998
   0.999999
          1
          1
          1
          1
          1
          1
          1
          1
          1
          1
          1
          1
          1
          1
          1
          1
          1
          1
          1
          1
          1
          1
          1
          1
          1
          1
          1
          1
          1
          1
          1
          1
          1
          1
          1
          1
          1
          1
          1
          1
          1
          1
          1
          1
          1
          1
          1
          1
   0.999999
   0.999999
   0.999999
   0.999998
   0.999998
   0.999999
   0.999999
   0.999999
          1
          1
          1
          1
          1
          1
          1
          1
          1
          1
          1
          1
          1
          1
          1
          1
          1
          1
          1
          1
          1
          1
          1
          1
          1
          1
          1
          1
          1
          1
          1
          1
          1
          1
          1
          1
          1
          1
          1
          1
          1
          1
          1
          1
          1
          1
          1
          1
          1
          1
          1
          1
          1
          1
          1
          1
          1
          1
          1
          1
          1
          1
          1
          1
          1
          1
          1
          1
          1
          1
          1
          1
          1
          1
          1
          1
          1
          1
          1
          1
          1
          1
          1
          1
          1
          1
          1
          1
          1
          1
          1
          1
          1
          1
          1
          1
          1
          1
          1
          1
          1
          1
          1
          1
          1
          1
          1
          1
          1
          1
          1
          1
          1
          1
          1
          1
          1
          1
          1
          1
          1
          1
          1
          1
          1
          1
          1
          1
          1
          1
          1
          1
          1
          1
          1
          1
          1
          1
          1
          1
          1
          1
          1
          1
          1
          1
          1
          1
          1
          1
          1
          1
          1
          1
          1
          1
          1
          1
          1
          1
          1
          1
          1
          1
          1
          1
          1
          1
          1
          1
          1
          1
          1
          1
          1
          1
          1
          1
          1
          1
          1
          1
          1
          1
          1
          1
          1
          1
          1
          1
          1
          1
          1
          1
          1
          1
          1
          1
          1
          1
          1
          1
          1
          1
          1
          1
          1
          1
          1
          1
          1
          1
          1
          1
          1
          1
          1
          1
          1
          1
          1
          1
          1
          1
          1
          1
          1
          1
          1
          1
          1
          1
          1
          1
          1
          1
          1
          1
          1
          1
          1
          1
          1
          1
          1
          1
          1
          1
          1
          1
          1
          1
          1
          1
          1
          1
          1
          1
          1
          1
          1
          1
          1
          1
          1
          1
          1
          1
          1
          1
          1
          1
          1
          1
          1
          1
          1
          1
          1
          1
          1
          1
          1
          1
          1
          1
          1
          1
          1
          1
          1
          1
          1
          1
          1
          1
          1
          1
          1
          1
          1
          1
          1
          1
          1
          1
          1
          1
          1
          1
          1
          1
          1
          1
          1
          1
          1
          1
          1
          1
          1
          1
          1
          1
          1
          1
          1
          1
          1
          1
          1
          1
          1
          1
          1
          1
          1
          1
          1
          1
          1
          1
          1
          1
          1
          1
          1
          1
          1
          1
          1
          1
          1
          1
          1
          1
          1
          1
          1
          1
          1
          1
          1
          1
          1
          1
          1
          1
          1
          1
          1
          1
          1
          1
          1
          1
          1
          1
          1
          1
          1
          1
          1
          1
          1
          1
          1
          1
          1
          1
          1
          1
          1
          1
          1
          1
          1
          1
          1
          1
          1
          1
          1
          1
          1
          1
          1
          1
          1
          1
          1
          1
          1
          1
          1
          1
          1
          1
          1
          1
          1
          1
          1
          1
          1
          1
          1
          1
          1
          1
          1
          1
          1
          1
          1
          1
          1
          1
          1
          1
          1
          1
          1
          1
          1
          1
          1
          1
          1
          1
          1
          1
          1
          1
          1
          1
          1
          1
          1
          1
          1
          1
          1
          1
          1
          1
          1
          1
          1
          1
          1
          1
          1
          1
          1
          1
          1
          1
          1
          1
          1
          1
          1
          1
          1
          1
          1
          1
          1
          1
          1
          1
          1
          1
          1
          1
          1
          1
          1
          1
          1
          1
          1
          1
          1
          1
          1
          1
          1
          1
          1
          1
          1
          1
          1
          1
          1
          1
          1
          1
          1
          1
          1
          1
          1
          1
          1
          1
          1
          1
          1
          1
          1
          1
          1
          1
          1
          1
          1
          1
          1
          1
          1
          1
          1
          1
          1
          1
          1
          1
          1
          1
          1
          1
          1
          1
          1
          1
          1
          1
          1
          1
          1
          1
          1
          1
          1
          1
          1
          1
          1
          1
          1
          1
          1
          1
          1
          1
          1
          1
          1
          1
          1
          1
          1
          1
          1
          1
          1
          1
          1
          1
          1
          1
          1
          1
          1
          1
          1
          1
          1
          1
          1
          1
          1
          1
          1
          1
          1
          1
          1
          1
          1
          1
          1
          1
          1
          1
          1
          1
          1
          1
          1
          1
          1
          1
          1
          1
          1
          1
          1
          1
          1
          1
          1
          1
          1
          1
          1
          1
          1
          1
          1
          1
          1
          1
          1
          1
          1
          1
          1
          1
          1
          1
          1
          1
          1
          1
          1
          1
          1
          1
          1
          1
          1
          1
          1
          1
          1
          1
          1
          1
          1
          1
          1
          1
          1
          1
          1
          1
          1
          1
          1
          1
          1
          1
          1
          1
          1
          1
          1
          1
          1
          1
          1
          1
          1
          1
          1
          1
          1
          1
          1
          1
          1
          1
          1
          1
          1
          1
          1
          1
          1
          1
          1
          1
          1
          1
          1
          1
          1
          1
          1
          1
          1
          1
          1
          1
          1
          1
          1
          1
          1
          1
          1
          1
          1
          1
          1
          1
          1
          1
          1
          1
          1
          1
          1
          1
          1
          1
          1
          1
          1
          1
          1
          1
          1
          1
          1
          1
          1
          1
          1
          1
          1
          1
          1
          1
          1
          1
          1
          1
          1
          1
          1
          1
          1
          1
          1
          1
          1
          1
          1
          1
          1
          1
          1
          1
          1
          1
          1
          1
          1
          1
          1
          1
          1
          1
          1
          1
          1
          1
          1
          1
          1
          1
          1
          1
          1
          1
          1
          1
          1
          1
          1
          1
          1
          1
          1
          1
          1
          1
          1
          1
          1
          1
          1
          1
          1
          1
          1
          1
          1
          1
          1
          1
          1
          1
          1
          1
          1
          1
          1
          1
          1
          1
          1
          1
          1
          1
          1
          1
          1
          1
          1
          1
          1
          1
          1
          1
          1
          1
          1
          1
          1
          1
          1
          1
          1
          1
          1
          1
          1
          1
          1
          1
          1
          1
          1
          1
          1
          1
          1
          1
          1
          1
          1
          1
          1
          1
   0.999999
   0.999999
   0.999998
   0.999996
   0.999995
   0.999994
   0.999994
   0.999995
   0.999996
   0.999998
   0.999999
   0.999999
          1
          1
          1
          1
          1
          1
          1
          1
          1
          1
          1
          1
          1
          1
          1
          1
          1
          1
          1
          1
          1
          1
          1
          1
          1
          1
          1
          1
          1
          1
          1
          1
          1
          1
          1
          1
          1
          1
          1
          1
          1
          1
          1
          1
          1
   0.999999
   0.999998
   0.999995
   0.999988
   0.999974
   0.999952
   0.999923
   0.999893
   0.999875
   0.999874
   0.999894
   0.999922
   0.999951
   0.999974
   0.999988
   0.999995
   0.999998
   0.999999
          1
          1
          1
          1
          1
          1
          1
          1
          1
          1
          1
          1
          1
          1
          1
          1
          1
          1
          1
          1
          1
          1
          1
          1
          1
          1
          1
          1
          1
          1
          1
          1
          1
          1
          1
          1
          1
          1
          1
          1
   0.999999
   0.999997
    0.99999
   0.999967
   0.999902
   0.999753
   0.999455
   0.998976
    0.99833
   0.997678
   0.997246
   0.997255
   0.997673
   0.998331
   0.998972
   0.999456
   0.999751
   0.999902
   0.999967
    0.99999
   0.999997
   0.999999
          1
          1
          1
          1
          1
          1
          1
          1
          1
          1
          1
          1
          1
          1
          1
          1
          1
          1
          1
          1
          1
          1
          1
          1
          1
          1
          1
          1
          1
          1
          1
          1
          1
          1
          1
          1
          1
   0.999998
    0.99999
   0.999957
    0.99983
   0.999402
   0.998181
   0.995159
   0.989007
    0.97879
   0.965207
   0.951653
   0.942975
    0.94299
   0.951639
   0.965262
   0.978719
   0.989041
   0.995168
   0.998185
   0.999404
    0.99983
   0.999957
    0.99999
   0.999998
          1
          1
          1
          1
          1
          1
          1
          1
          1
          1
          1
          1
          1
          1
          1
          1
          1
          1
          1
          1
          1
          1
          1
          1
          1
          1
          1
          1
          1
          1
          1
          1
          1
          1
   0.999999
   0.999995
   0.999973
   0.999856
   0.999328
   0.997174
   0.989682
   0.967561
   0.914592
   0.818629
   0.691094
   0.569492
   0.480556
   0.436852
   0.436205
    0.48103
   0.568399
   0.691894
   0.817805
   0.914863
   0.967445
   0.989721
    0.99717
   0.999326
   0.999856
   0.999972
   0.999995
   0.999999
          1
          1
          1
          1
          1
          1
          1
          1
          1
          1
          1
          1
          1
          1
          1
          1
          1
          1
          1
          1
          1
          1
          1
          1
          1
          1
          1
          1
          1
          1
          1
   0.999999
   0.999991
    0.99994
   0.999628
   0.997965
    0.98983
   0.956511
   0.849975
   0.626886
   0.370029
   0.195414
    0.10812
  0.0673463
  0.0491226
  0.0418258
   0.041929
   0.049015
  0.0675713
   0.107784
   0.196105
     0.3691
   0.628152
   0.849458
    0.95668
   0.989835
   0.997962
   0.999629
    0.99994
   0.999991
   0.999999
          1
          1
          1
          1
          1
          1
          1
          1
          1
          1
          1
          1
          1
          1
          1
          1
          1
          1
          1
          1
          1
          1
          1
          1
          1
          1
          1
          1
          1
   0.999998
   0.999987
     0.9999
   0.999267
   0.995319
   0.972667
   0.870455
   0.590499
   0.264558
  0.0979095
  0.0387784
  0.0186614
  0.0110615
 0.00792113
 0.00652233
 0.00599118
 0.00597948
 0.00653041
 0.00790436
  0.0110823
  0.0186093
   0.038858
  0.0975174
   0.265251
   0.590155
   0.870726
   0.972609
   0.995306
   0.999275
   0.999899
   0.999987
   0.999998
          1
          1
          1
          1
          1
          1
          1
          1
          1
          1
          1
          1
          1
          1
          1
          1
          1
          1
          1
          1
          1
          1
          1
          1
          1
          1
          1
   0.999999
   0.999985
   0.999872
    0.99892
    0.99189
   0.945267
   0.734002
   0.333955
  0.0987062
  0.0301434
  0.0121637
 0.00693106
 0.00523153
 0.00471141
 0.00462068
 0.00467662
 0.00473279
 0.00473653
 0.00467524
 0.00462277
 0.00470755
 0.00523236
 0.00692289
  0.0121828
  0.0300958
  0.0988743
   0.333767
   0.733873
   0.945316
   0.991847
   0.998928
   0.999872
   0.999986
   0.999998
          1
          1
          1
          1
          1
          1
          1
          1
          1
          1
          1
          1
          1
          1
          1
          1
          1
          1
          1
          1
          1
          1
          1
          1
          1
   0.999999
   0.999987
   0.999873
   0.998791
   0.989411
   0.918846
   0.605327
   0.193789
  0.0459563
  0.0142071
  0.0071914
 0.00566818
 0.00576597
 0.00649301
 0.00746103
 0.00842864
 0.00920216
  0.0096294
 0.00963334
 0.00920259
 0.00843007
 0.00746092
 0.00649477
  0.0057655
 0.00566441
 0.00719223
  0.0142082
  0.0459325
   0.193303
   0.605392
   0.919002
   0.989363
   0.998794
   0.999874
   0.999987
   0.999999
          1
          1
          1
          1
          1
          1
          1
          1
          1
          1
          1
          1
          1
          1
          1
          1
          1
          1
          1
          1
          1
          1
          1
   0.999999
   0.999991
   0.999902
   0.998958
   0.989508
   0.908497
   0.534959
   0.135653
  0.0287572
 0.00984253
 0.00652236
 0.00675312
 0.00838958
  0.0108565
  0.0138366
  0.0169978
  0.0199584
  0.0222577
  0.0235431
  0.0235365
  0.0222676
  0.0199517
  0.0170046
  0.0138328
  0.0108596
 0.00838879
 0.00675335
  0.0065159
 0.00983578
  0.0287393
   0.135373
   0.535844
    0.90871
   0.989481
   0.998957
   0.999903
   0.999991
   0.999999
          1
          1
          1
          1
          1
          1
          1
          1
          1
          1
          1
          1
          1
          1
          1
          1
          1
          1
          1
          1
          1
          1
   0.999995
   0.999942
   0.999307
   0.992119
   0.920539
   0.537804
   0.121121
  0.0233676
 0.00859738
 0.00691839
 0.00856703
  0.0121064
  0.0172617
  0.0238757
  0.0315758
  0.0397571
  0.0474026
  0.0534467
  0.0567673
  0.0567945
  0.0534355
  0.0474192
  0.0397375
   0.031587
  0.0238663
  0.0172716
  0.0121038
 0.00856938
 0.00691257
 0.00859523
  0.0233388
   0.120784
   0.538282
   0.920767
   0.992109
   0.999307
   0.999942
   0.999995
          1
          1
          1
          1
          1
          1
          1
          1
          1
          1
          1
          1
          1
          1
          1
          1
          1
          1
          1
          1
          1
   0.999998
   0.999974
    0.99965
    0.99552
   0.947665
    0.61293
   0.138157
  0.0235154
 0.00834476
 0.00733429
  0.0101548
  0.0157722
  0.0243605
  0.0362034
  0.0511883
  0.0686993
  0.0871463
   0.104413
   0.117808
   0.125191
   0.125172
   0.117828
   0.104396
   0.087178
  0.0686746
  0.0512052
  0.0361926
  0.0243696
  0.0157639
  0.0101524
 0.00732213
 0.00834987
  0.0234858
   0.137811
   0.612752
    0.94787
   0.995525
   0.999652
   0.999974
   0.999998
          1
          1
          1
          1
          1
          1
          1
          1
          1
          1
          1
          1
          1
          1
          1
          1
          1
          1
          1
   0.999999
   0.999991
   0.999866
   0.998085
   0.974234
   0.743939
   0.200011
  0.0293645
 0.00862431
 0.00730645
  0.0107424
  0.0180265
  0.0299348
  0.0475513
  0.0714224
   0.101238
   0.135045
   0.169531
    0.20036
   0.223484
   0.235803
   0.235811
   0.223465
   0.200375
   0.169525
   0.135068
   0.101232
  0.0714564
   0.047542
  0.0299442
  0.0180209
  0.0107449
 0.00729329
 0.00863304
  0.0293688
   0.199919
   0.743666
   0.974257
   0.998078
   0.999866
   0.999991
   0.999999
          1
          1
          1
          1
          1
          1
          1
          1
          1
          1
          1
          1
          1
          1
          1
          1
          1
          1
   0.999998
    0.99996
   0.999376
    0.99057
   0.877723
   0.346857
  0.0478049
 0.00996302
 0.00684983
   0.010035
  0.0178999
  0.0319132
  0.0541776
  0.0863279
   0.128565
   0.178675
   0.232029
   0.282493
   0.324452
   0.353959
   0.369073
   0.369067
    0.35396
   0.324446
   0.282511
   0.232014
   0.178692
   0.128548
  0.0863281
  0.0541685
  0.0319232
  0.0178951
  0.0100404
 0.00683767
 0.00995898
  0.0477793
   0.347278
    0.87728
   0.990618
   0.999374
    0.99996
   0.999998
          1
          1
          1
          1
          1
          1
          1
          1
          1
          1
          1
          1
          1
          1
          1
          1
          1
   0.999999
   0.999991
   0.999845
   0.997425
   0.960024
   0.608315
   0.104352
  0.0146598
 0.00645911
 0.00837714
  0.0154654
  0.0295281
   0.053833
  0.0914269
   0.143524
   0.207755
   0.278095
   0.346283
   0.405066
   0.450046
   0.479785
   0.494446
   0.494456
   0.479784
   0.450054
   0.405064
   0.346313
   0.278077
   0.207798
   0.143517
  0.0914238
  0.0538218
  0.0295374
  0.0154549
 0.00838472
 0.00645057
  0.0146315
   0.104414
      0.608
   0.960072
   0.997426
   0.999845
   0.999991
   0.999999
          1
          1
          1
          1
          1
          1
          1
          1
          1
          1
          1
          1
          1
          1
          1
          1
   0.999998
    0.99997
   0.999462
   0.990677
   0.861993
   0.281066
  0.0319468
 0.00725438
  0.0065696
  0.0117308
  0.0237244
  0.0466233
   0.085288
   0.142718
   0.217194
   0.301421
   0.384907
   0.458237
   0.516074
   0.557357
   0.583382
   0.595873
   0.595873
   0.583385
   0.557351
   0.516074
   0.458219
   0.384937
   0.301407
   0.217226
   0.142724
  0.0852967
  0.0466225
  0.0237272
  0.0117205
 0.00657565
 0.00724669
  0.0318672
   0.281003
   0.861905
     0.9907
   0.999459
   0.999971
   0.999998
          1
          1
          1
          1
          1
          1
          1
          1
          1
          1
          1
          1
          1
          1
          1
          1
   0.999996
   0.999913
   0.998377
   0.970942
   0.651357
   0.105983
  0.0127348
  0.0055812
 0.00806303
   0.016608
  0.0350396
  0.0696973
   0.126425
   0.205757
   0.300214
   0.396937
   0.483788
     0.5535
   0.604601
   0.639148
   0.660125
   0.669979
   0.669975
   0.660125
   0.639143
   0.604599
   0.553497
   0.483777
   0.396954
   0.300196
   0.205761
   0.126417
  0.0697086
  0.0350364
  0.0166163
 0.00806165
 0.00557578
  0.0127372
   0.105748
   0.651777
   0.970985
   0.998371
   0.999914
   0.999996
          1
          1
          1
          1
          1
          1
          1
          1
          1
          1
          1
          1
          1
          1
          1
   0.999999
   0.999989
   0.999782
   0.995725
   0.923869
   0.396821
  0.0422048
 0.00709789
 0.00557303
  0.0103514
  0.0228397
  0.0493275
  0.0983554
   0.175109
   0.274582
   0.382259
   0.482436
   0.564789
   0.626132
   0.668485
   0.695799
   0.711825
   0.719179
    0.71918
   0.711819
   0.695791
   0.668476
   0.626119
   0.564781
   0.482428
   0.382278
   0.274576
   0.175108
   0.098366
  0.0493329
  0.0228302
  0.0103621
 0.00556643
 0.00708827
  0.0422396
   0.396625
   0.923988
   0.995711
   0.999782
   0.999989
   0.999999
          1
          1
          1
          1
          1
          1
          1
          1
          1
          1
          1
          1
          1
          1
   0.999999
   0.999977
   0.999521
   0.990368
   0.837157
   0.214858
   0.020156
 0.00523511
 0.00619868
   0.013116
  0.0300815
  0.0659101
   0.130791
   0.226861
   0.341256
   0.454287
    0.55099
   0.625024
   0.676937
    0.71094
   0.731881
   0.743679
   0.748943
    0.74894
   0.743674
   0.731871
    0.71093
   0.676928
    0.62501
   0.550978
   0.454263
   0.341283
   0.226862
   0.130804
  0.0659154
  0.0300825
  0.0131139
 0.00619776
 0.00522924
  0.0201312
   0.214819
   0.837256
   0.990352
   0.999521
   0.999977
   0.999999
          1
          1
          1
          1
          1
          1
          1
          1
          1
          1
          1
          1
          1
          1
   0.999998
   0.999958
     0.9991
   0.981404
   0.719786
   0.119935
   0.011831
 0.00462303
 0.00707205
  0.0160451
  0.0377211
  0.0833788
   0.163826
   0.275828
   0.398781
   0.511088
   0.601227
   0.666565
   0.710134
   0.737297
   0.753164
   0.761647
   0.765267
   0.765268
   0.761639
   0.753156
   0.737284
   0.710121
    0.66655
   0.601209
   0.511083
    0.39877
   0.275831
   0.163823
  0.0833889
  0.0377107
  0.0160548
 0.00706471
 0.00462122
  0.0118227
   0.119798
   0.719764
   0.981422
   0.999102
   0.999958
   0.999998
          1
          1
          1
          1
          1
          1
          1
          1
          1
          1
          1
          1
          1
          1
   0.999997
   0.999933
   0.998541
   0.969641
   0.603229
  0.0752998
 0.00834794
 0.00448635
 0.00794455
  0.0187737
   0.044873
  0.0996357
   0.193365
   0.316563
   0.442808
   0.551681
   0.635182
   0.693327
   0.730517
   0.752597
   0.764744
   0.770775
   0.773186
   0.773183
    0.77077
   0.764733
   0.752584
   0.730501
   0.693309
    0.63517
   0.551653
   0.442826
   0.316548
   0.193372
  0.0996391
   0.044875
  0.0187687
 0.00794715
 0.00448067
 0.00834453
  0.0753163
   0.603321
   0.969677
   0.998544
   0.999934
   0.999997
          1
          1
          1
          1
          1
          1
          1
          1
          1
          1
          1
          1
          1
          1
   0.999996
   0.999908
   0.997988
   0.957938
   0.517023
  0.0549813
  0.0068261
 0.00450043
 0.00864701
  0.0208901
  0.0504783
   0.112279
   0.215496
   0.345227
   0.471973
   0.577262
   0.655805
   0.709003
   0.741953
   0.760707
   0.770395
   0.774813
   0.776408
   0.776407
   0.774805
   0.770387
   0.760692
    0.74194
   0.708988
   0.655787
   0.577253
   0.471968
   0.345246
   0.215502
    0.11228
  0.0504606
   0.020908
 0.00863649
 0.00450072
 0.00682266
  0.0549271
   0.517406
   0.957906
   0.997995
   0.999908
   0.999996
          1
          1
          1
          1
          1
          1
          1
          1
          1
          1
          1
          1
          1
          1
   0.999995
   0.999893
   0.997628
   0.950617
   0.473729
  0.0469743
  0.0062341
 0.00454159
 0.00903043
  0.0220594
  0.0535726
   0.119196
   0.227303
   0.359939
   0.486325
   0.589547
   0.665479
   0.716188
   0.747037
   0.764132
   0.772606
   0.776208
   0.777402
   0.777398
   0.776203
   0.772596
   0.764121
   0.747023
   0.716171
   0.665469
   0.589527
   0.486346
   0.359951
   0.227305
   0.119206
  0.0535623
  0.0220583
 0.00903604
 0.00453472
 0.00623599
  0.0469789
   0.473389
   0.950628
   0.997632
   0.999894
   0.999995
          1
          1
          1
          1
          1
          1
          1
          1
          1
          1
          1
          1
          1
          1
   0.999995
   0.999892
   0.997644
   0.950478
   0.473753
  0.0469655
 0.00623262
 0.00454102
 0.00903144
  0.0220583
  0.0535685
   0.119204
   0.227303
   0.359926
    0.48634
   0.589541
    0.66548
   0.716184
   0.747037
   0.764133
   0.772603
   0.776208
   0.777398
   0.777398
     0.7762
   0.772594
    0.76412
   0.747022
   0.716174
   0.665469
   0.589529
    0.48635
   0.359949
   0.227316
   0.119211
  0.0535483
  0.0220745
 0.00902568
 0.00453876
 0.00623454
  0.0469232
   0.473727
   0.950542
   0.997639
   0.999893
   0.999995
          1
          1
          1
          1
          1
          1
          1
          1
          1
          1
          1
          1
          1
          1
   0.999996
   0.999909
   0.997978
   0.957986
   0.516944
  0.0549415
 0.00682386
 0.00450126
 0.00864653
  0.0208889
  0.0504848
   0.112262
   0.215497
   0.345252
   0.471955
   0.577272
   0.655803
   0.709001
   0.741949
   0.760701
   0.770391
   0.774803
   0.776403
   0.776397
   0.774799
    0.77038
   0.760688
   0.741939
   0.708987
   0.655798
    0.57726
    0.47198
   0.345245
   0.215509
    0.11228
  0.0504795
  0.0208944
 0.00864637
  0.0044968
 0.00682174
  0.0549765
   0.516853
   0.958058
   0.997986
   0.999909
   0.999996
          1
          1
          1
          1
          1
          1
          1
          1
          1
          1
          1
          1
          1
          1
   0.999997
   0.999933
   0.998549
   0.969559
   0.603357
  0.0753189
 0.00834631
 0.00448543
 0.00794592
  0.0187791
  0.0448715
  0.0996539
   0.193362
   0.316563
   0.442823
   0.551677
   0.635186
   0.693325
   0.730514
   0.752591
   0.764735
   0.770768
   0.773172
   0.773173
   0.770759
   0.764726
    0.75258
     0.7305
   0.693317
   0.635174
   0.551671
   0.442841
   0.316569
   0.193382
  0.0996509
  0.0448686
  0.0187883
 0.00794027
 0.00448503
  0.0083459
  0.0752481
    0.60356
   0.969626
   0.998549
   0.999933
   0.999997
          1
          1
          1
          1
          1
          1
          1
          1
          1
          1
          1
          1
          1
          1
   0.999998
   0.999958
   0.999094
   0.981439
   0.719732
   0.119921
  0.0118282
 0.00462355
 0.00707607
   0.016041
   0.037734
  0.0833799
   0.163829
   0.275847
   0.398766
   0.511115
   0.601232
   0.666565
   0.710135
   0.737294
   0.753158
   0.761637
   0.765258
   0.765254
   0.761631
    0.75315
   0.737282
   0.710127
   0.666551
   0.601229
   0.511107
    0.39881
   0.275845
   0.163851
  0.0833902
  0.0377379
  0.0160485
  0.0070738
 0.00462113
  0.0118248
   0.119958
    0.71971
   0.981436
   0.999096
   0.999958
   0.999998
          1
          1
          1
          1
          1
          1
          1
          1
          1
          1
          1
          1
          1
          1
   0.999999
   0.999977
   0.999524
   0.990308
   0.837168
   0.214892
  0.0201331
 0.00523387
 0.00619979
  0.0131191
  0.0300809
  0.0659245
   0.130798
   0.226894
   0.341284
   0.454293
   0.551006
   0.625037
   0.676944
   0.710943
   0.731881
   0.743676
   0.748936
   0.748933
   0.743668
    0.73187
   0.710939
   0.676931
   0.625033
   0.550997
   0.454301
   0.341313
   0.226887
   0.130838
  0.0659304
  0.0300781
  0.0131344
 0.00619235
  0.0052342
  0.0201505
   0.214708
   0.837362
   0.990328
   0.999522
   0.999977
   0.999999
          1
          1
          1
          1
          1
          1
          1
          1
          1
          1
          1
          1
          1
          1
   0.999999
   0.999989
   0.999781
   0.995732
   0.923801
   0.396231
  0.0422537
 0.00708465
 0.00557686
  0.0103505
   0.022842
  0.0493444
  0.0983604
   0.175139
     0.2746
   0.382302
   0.482468
   0.564811
   0.626151
   0.668497
   0.695808
   0.711831
   0.719183
   0.719185
   0.711826
   0.695805
   0.668484
   0.626145
   0.564793
   0.482465
   0.382313
   0.274619
   0.175148
  0.0983792
  0.0493298
  0.0228655
  0.0103502
  0.0055746
 0.00708807
  0.0421928
   0.396937
   0.923812
   0.995725
   0.999781
   0.999989
   0.999999
          1
          1
          1
          1
          1
          1
          1
          1
          1
          1
          1
          1
          1
          1
          1
   0.999995
   0.999914
   0.998369
   0.970916
   0.651831
   0.105647
  0.0127386
 0.00557688
 0.00807093
  0.0166095
   0.035045
  0.0697077
   0.126443
   0.205781
   0.300237
   0.396974
   0.483815
   0.553525
   0.604626
   0.639168
   0.660141
   0.669989
   0.669984
   0.660138
   0.639156
   0.604626
   0.553515
   0.483829
   0.396986
   0.300253
   0.205787
   0.126447
  0.0697259
  0.0350639
  0.0166115
 0.00807208
 0.00557047
  0.0127414
   0.105661
   0.651697
   0.970922
   0.998368
   0.999914
   0.999995
          1
          1
          1
          1
          1
          1
          1
          1
          1
          1
          1
          1
          1
          1
          1
          1
   0.999998
    0.99997
   0.999464
   0.990672
   0.861796
   0.281269
  0.0318304
 0.00725621
 0.00657247
  0.0117323
  0.0237312
  0.0466268
  0.0853199
   0.142762
   0.217238
   0.301474
   0.384958
    0.45828
   0.516122
   0.557397
   0.583425
   0.595915
   0.595915
   0.583419
   0.557406
   0.516112
    0.45829
   0.384956
   0.301471
   0.217236
   0.142763
  0.0853123
  0.0466534
  0.0237216
  0.0117477
 0.00656602
 0.00724961
  0.0318969
   0.280809
   0.862028
   0.990665
   0.999463
    0.99997
   0.999998
          1
          1
          1
          1
          1
          1
          1
          1
          1
          1
          1
          1
          1
          1
          1
          1
   0.999999
   0.999991
   0.999843
   0.997427
   0.960042
   0.608053
   0.104224
  0.0146427
 0.00646443
 0.00837503
  0.0154707
  0.0295385
  0.0538421
   0.091441
   0.143559
   0.207797
   0.278148
    0.34634
   0.405109
   0.450091
    0.47982
   0.494486
   0.494484
   0.479825
   0.450073
   0.405113
   0.346313
   0.278161
   0.207822
   0.143576
  0.0914511
  0.0538576
   0.029533
  0.0154883
 0.00837925
 0.00645484
  0.0146393
   0.104385
   0.608179
   0.959978
   0.997436
   0.999843
   0.999991
   0.999999
          1
          1
          1
          1
          1
          1
          1
          1
          1
          1
          1
          1
          1
          1
          1
          1
          1
   0.999998
   0.999961
    0.99937
   0.990587
     0.8779
   0.346288
  0.0477745
 0.00995746
 0.00685016
  0.0100338
  0.0179045
  0.0319245
  0.0542007
  0.0863482
   0.128599
    0.17871
   0.232101
   0.282567
   0.324524
   0.354026
   0.369136
   0.369142
   0.354022
   0.324528
   0.282568
   0.232117
   0.178727
   0.128608
   0.086348
  0.0542059
  0.0319219
  0.0179227
  0.0100355
 0.00685037
 0.00994138
   0.047779
   0.347327
   0.877267
    0.99064
   0.999373
    0.99996
   0.999998
          1
          1
          1
          1
          1
          1
          1
          1
          1
          1
          1
          1
          1
          1
          1
          1
          1
          1
   0.999999
   0.999991
   0.999867
   0.998075
   0.974177
   0.744057
   0.199777
   0.029378
 0.00861248
 0.00730892
  0.0107452
  0.0180265
  0.0299454
  0.0475603
  0.0714564
   0.101265
   0.135084
   0.169576
   0.200421
    0.22354
    0.23586
   0.235871
   0.223538
   0.200422
   0.169582
   0.135061
   0.101272
  0.0714489
   0.047583
   0.029955
  0.0180443
  0.0107468
  0.0073001
 0.00862475
  0.0293324
   0.199883
   0.743351
   0.974343
   0.998072
   0.999866
   0.999991
   0.999999
          1
          1
          1
          1
          1
          1
          1
          1
          1
          1
          1
          1
          1
          1
          1
          1
          1
          1
          1
   0.999998
   0.999974
   0.999652
   0.995531
   0.947489
   0.613462
    0.13788
  0.0234955
 0.00834123
 0.00733296
   0.010159
  0.0157771
  0.0243741
  0.0362112
  0.0512205
  0.0687162
  0.0872095
   0.104444
   0.117863
   0.125225
   0.125234
   0.117869
   0.104448
  0.0871924
  0.0687447
  0.0512217
  0.0362411
  0.0243834
  0.0157824
  0.0101577
 0.00732334
 0.00834706
  0.0235108
   0.137726
   0.612099
   0.948149
   0.995475
   0.999652
   0.999974
   0.999998
          1
          1
          1
          1
          1
          1
          1
          1
          1
          1
          1
          1
          1
          1
          1
          1
          1
          1
          1
          1
          1
   0.999995
   0.999942
   0.999308
    0.99213
   0.920498
   0.538211
    0.12089
  0.0233291
 0.00859522
 0.00691595
 0.00857186
  0.0121131
  0.0172729
  0.0238819
  0.0316014
  0.0397681
  0.0474487
  0.0534715
  0.0568233
  0.0568256
  0.0534842
  0.0474485
  0.0397833
  0.0315961
  0.0238968
  0.0172727
    0.01211
 0.00857061
 0.00691368
 0.00859756
  0.0233478
   0.120884
   0.537545
   0.921102
    0.99204
    0.99931
   0.999942
   0.999995
          1
          1
          1
          1
          1
          1
          1
          1
          1
          1
          1
          1
          1
          1
          1
          1
          1
          1
          1
          1
          1
          1
   0.999999
   0.999991
   0.999902
   0.998955
   0.989549
   0.908464
   0.535209
   0.135611
  0.0287313
 0.00984375
 0.00652286
  0.0067566
 0.00839663
  0.0108632
  0.0138422
  0.0170131
  0.0199687
  0.0222764
  0.0235512
  0.0235539
  0.0222812
  0.0199651
  0.0170142
  0.0138476
  0.0108655
 0.00839566
 0.00676118
 0.00652256
 0.00984788
  0.0287173
   0.135386
   0.534923
    0.90903
   0.989419
   0.998968
   0.999902
   0.999991
   0.999999
          1
          1
          1
          1
          1
          1
          1
          1
          1
          1
          1
          1
          1
          1
          1
          1
          1
          1
          1
          1
          1
          1
          1
   0.999999
   0.999987
   0.999873
   0.998794
   0.989385
   0.918878
    0.60469
   0.193618
   0.045914
   0.014198
 0.00719898
 0.00566562
 0.00577126
 0.00649707
 0.00746982
 0.00843423
 0.00921173
   0.009636
  0.0096454
 0.00920456
 0.00844084
 0.00746416
 0.00650086
 0.00576958
  0.0056742
 0.00718627
  0.0142091
  0.0458446
   0.193438
   0.604726
   0.919424
   0.989293
   0.998801
   0.999873
   0.999987
   0.999999
          1
          1
          1
          1
          1
          1
          1
          1
          1
          1
          1
          1
          1
          1
          1
          1
          1
          1
          1
          1
          1
          1
          1
          1
          1
   0.999998
   0.999986
   0.999872
   0.998931
    0.99183
   0.945338
   0.733652
    0.33351
  0.0987834
  0.0300608
  0.0121839
 0.00692606
 0.00523842
 0.00470827
 0.00462763
 0.00467497
 0.00474123
 0.00473138
   0.004684
 0.00461873
 0.00471614
 0.00522759
 0.00693132
  0.0121499
  0.0301267
  0.0986426
   0.334115
   0.733315
   0.945684
   0.991759
   0.998932
   0.999871
   0.999986
   0.999998
          1
          1
          1
          1
          1
          1
          1
          1
          1
          1
          1
          1
          1
          1
          1
          1
          1
          1
          1
          1
          1
          1
          1
          1
          1
          1
          1
   0.999998
   0.999987
   0.999899
   0.999273
   0.995283
   0.972552
   0.870221
   0.589025
   0.264971
  0.0973255
  0.0388037
  0.0185866
  0.0110803
 0.00789899
  0.0065332
  0.0059712
 0.00599518
 0.00650943
 0.00792741
  0.0110439
  0.0186435
  0.0387014
  0.0978841
   0.264267
   0.590931
   0.869714
   0.972877
    0.99524
    0.99928
   0.999899
   0.999987
   0.999998
          1
          1
          1
          1
          1
          1
          1
          1
          1
          1
          1
          1
          1
          1
          1
          1
          1
          1
          1
          1
          1
          1
          1
          1
          1
          1
          1
          1
          1
   0.999999
   0.999991
   0.999939
   0.999629
   0.997969
   0.989823
   0.956691
   0.849033
   0.627834
   0.368727
   0.195904
   0.107529
  0.0674734
  0.0489079
  0.0419479
  0.0416803
  0.0491385
  0.0671262
   0.108177
   0.195027
    0.37019
   0.626057
   0.850046
   0.956258
   0.989949
   0.997938
   0.999633
   0.999939
   0.999991
   0.999999
          1
          1
          1
          1
          1
          1
          1
          1
          1
          1
          1
          1
          1
          1
          1
          1
          1
          1
          1
          1
          1
          1
          1
          1
          1
          1
          1
          1
          1
          1
          1
   0.999999
   0.999995
   0.999972
   0.999855
   0.999323
   0.997161
   0.989724
   0.967354
   0.914807
   0.817394
   0.691832
   0.567779
   0.480907
   0.434837
   0.436868
   0.479006
   0.569683
   0.690099
   0.818845
   0.914114
   0.967717
   0.989636
    0.99721
   0.999322
   0.999857
   0.999973
   0.999995
   0.999999
          1
          1
          1
          1
          1
          1
          1
          1
          1
          1
          1
          1
          1
          1
          1
          1
          1
          1
          1
          1
          1
          1
          1
          1
          1
          1
          1
          1
          1
          1
          1
          1
          1
          1
   0.999998
    0.99999
   0.999957
   0.999829
   0.999399
   0.998181
   0.995147
   0.989043
   0.978635
   0.965281
   0.951421
   0.943259
   0.942691
   0.951818
   0.964956
   0.978859
   0.988933
   0.995189
   0.998164
   0.999406
   0.999828
   0.999957
    0.99999
   0.999998
          1
          1
          1
          1
          1
          1
          1
          1
          1
          1
          1
          1
          1
          1
          1
          1
          1
          1
          1
          1
          1
          1
          1
          1
          1
          1
          1
          1
          1
          1
          1
          1
          1
          1
          1
          1
          1
   0.999999
   0.999997
    0.99999
   0.999967
   0.999902
   0.999752
   0.999454
   0.998975
   0.998322
   0.997683
   0.997236
    0.99726
   0.997662
   0.998336
   0.998966
   0.999458
    0.99975
   0.999902
   0.999966
    0.99999
   0.999997
   0.999999
          1
          1
          1
          1
          1
          1
          1
          1
          1
          1
          1
          1
          1
          1
          1
          1
          1
          1
          1
          1
          1
          1
          1
          1
          1
          1
          1
          1
          1
          1
          1
          1
          1
          1
          1
          1
          1
          1
          1
          1
   0.999999
   0.999998
   0.999995
   0.999988
   0.999974
   0.999951
   0.999922
   0.999893
   0.999875
   0.999873
   0.999893
   0.999922
   0.999952
   0.999973
   0.999988
   0.999995
   0.999998
   0.999999
          1
          1
          1
          1
          1
          1
          1
          1
          1
          1
          1
          1
          1
          1
          1
          1
          1
          1
          1
          1
          1
          1
          1
          1
          1
          1
          1
          1
          1
          1
          1
          1
          1
          1
          1
          1
          1
          1
          1
          1
          1
          1
          1
          1
          1
   0.999999
   0.999999
   0.999998
   0.999996
   0.999995
   0.999994
   0.999994
   0.999995
   0.999996
   0.999998
   0.999999
   0.999999
          1
          1
          1
          1
          1
          1
          1
          1
          1
          1
          1
          1
          1
          1
          1
          1
          1
          1
          1
          1
          1
          1
          1
          1
          1
          1
          1
          1
          1
          1
          1
          1
          1
          1
          1
          1
          1
          1
          1
          1
          1
          1
          1
          1
          1
          1
          1
          1
          1
          1
          1
          1
          1
          1
          1
          1
          1
          1
          1
          1
          1
          1
          1
          1
          1
          1
          1
          1
          1
          1
          1
          1
          1
          1
          1
          1
          1
          1
          1
          1
          1
          1
          1
          1
          1
          1
          1
          1
          1
          1
          1
          1
          1
          1
          1
          1
          1
          1
          1
          1
          1
          1
          1
          1
          1
          1
          1
          1
          1
          1
          1
          1
          1
          1
          1
          1
          1
          1
          1
          1
          1
          1
          1
          1
          1
          1
          1
          1
          1
          1
          1
          1
          1
          1
          1
          1
          1
          1
          1
          1
          1
          1
          1
          1
          1
          1
          1
          1
          1
          1
          1
          1
          1
          1
          1
          1
          1
          1
          1
          1
          1
          1
          1
          1
          1
          1
          1
          1
          1
          1
          1
          1
          1
          1
          1
          1
          1
          1
          1
          1
          1
          1
          1
          1
          1
          1
          1
          1
          1
          1
          1
          1
          1
          1
          1
          1
          1
          1
          1
          1
          1
          1
          1
          1
          1
          1
          1
          1
          1
          1
          1
          1
          1
          1
          1
          1
          1
          1
          1
          1
          1
          1
          1
          1
          1
          1
          1
          1
          1
          1
          1
          1
          1
          1
          1
          1
          1
          1
          1
          1
          1
          1
          1
          1
          1
          1
          1
          1
          1
          1
          1
          1
          1
          1
          1
          1
          1
          1
          1
          1
          1
          1
          1
          1
          1
          1
          1
          1
          1
          1
          1
          1
          1
          1
          1
          1
          1
          1
          1
          1
          1
          1
          1
          1
          1
          1
          1
          1
          1
          1
          1
          1
          1
          1
          1
          1
          1
          1
          1
          1
          1
          1
          1
          1
          1
          1
          1
          1
          1
          1
          1
          1
          1
          1
          1
          1
          1
          1
          1
          1
          1
          1
          1
          1
          1
          1
          1
          1
          1
          1
          1
          1
          1
          1
          1
          1
          1
          1
          1
          1
          1
          1
          1
          1
          1
          1
          1
          1
          1
          1
          1
          1
          1
          1
          1
          1
          1
          1
          1
          1
          1
          1
          1
          1
          1
          1
          1
          1
          1
          1
          1
          1
          1
          1
          1
          1
          1
          1
          1
          1
          1
          1
          1
          1
          1
          1
          1
          1
          1
          1
          1
          1
          1
          1
          1
          1
          1
          1
          1
          1
          1
          1
          1
          1
          1
          1
          1
          1
          1
          1
          1
          1
          1
          1
          1
          1
          1
          1
          1
          1
          1
          1
          1
          1
          1
          1
          1
          1
          1
          1
          1
          1
          1
          1
          1
          1
          1
          1
          1
          1
          1
          1
          1
          1
          1
          1
          1
          1
          1
          1
          1
          1
          1
          1
          1
          1
          1
          1
          1
          1
          1
          1
          1
          1
          1
          1
          1
          1
          1
          1
          1
          1
          1
          1
          1
          1
          1
          1
          1
          1
          1
          1
          1
          1
          1
          1
          1
          1
          1
          1
          1
          1
          1
          1
          1
          1
          1
          1
          1
          1
          1
          1
          1
          1
          1
          1
          1
          1
          1
          1
          1
          1
          1
          1
          1
          1
          1
          1
          1
          1
          1
          1
          1
          1
          1
          1
          1
          1
          1
          1
          1
          1
          1
          1
          1
          1
          1
          1
          1
          1
          1
          1
          1
          1
          1
          1
          1
          1
          1
          1
          1
          1
          1
          1
          1
          1
          1
          1
          1
          1
          1
          1
          1
          1
          1
          1
          1
          1
          1
          1
          1
          1
          1
          1
          1
          1
          1
          1
          1
          1
          1
          1
          1
          1
          1
          1
          1
          1
          1
          1
          1
          1
          1
          1
          1
          1
          1
          1
          1
          1
          1
          1
          1
          1
          1
          1
          1
          1
          1
          1
          1
          1
          1
          1
          1
          1
          1
          1
          1
          1
          1
          1
          1
          1
          1
          1
          1
          1
          1
          1
          1
          1
          1
          1
          1
          1
          1
          1
          1
          1
          1
          1
          1
          1
          1
          1
          1
          1
          1
          1
          1
          1
          1
          1
          1
          1
          1
          1
          1
          1
          1
          1
          1
          1
          1
          1
          1
          1
          1
          1
          1
          1
          1
          1
          1
          1
          1
          1
          1
          1
          1
          1
          1
          1
          1
          1
          1
          1
          1
          1
          1
          1
          1
          1
          1
          1
          1
          1
          1
          1
          1
          1
          1
          1
          1
          1
          1
          1
          1
          1
          1
          1
          1
          1
          1
          1
          1
          1
          1
          1
          1
          1
          1
          1
          1
          1
          1
          1
          1
          1
          1
          1
          1
          1
          1
          1
          1
          1
          1
          1
          1
          1
          1
          1
          1
          1
          1
          1
          1
          1
          1
          1
          1
          1
          1
          1
          1
          1
          1
          1
          1
          1
          1
          1
          1
          1
          1
          1
          1
          1
          1
          1
          1
          1
          1
          1
          1
          1
          1
          1
          1
          1
          1
          1
          1
          1
          1
          1
          1
          1
          1
          1
          1
          1
          1
          1
          1
          1
          1
          1
          1
          1
          1
          1
          1
          1
          1
          1
          1
          1
          1
          1
          1
          1
          1
          1
          1
          1
          1
          1
          1
          1
          1
          1
          1
          1
          1
          1
          1
          1
          1
          1
   0.999999
   0.999999
   0.999999
   0.999999
          1
          1
          1
          1
          1
          1
          1
          1
          1
          1
          1
          1
          1
          1
          1
          1
          1
          1
          1
          1
          1
          1
          1
          1
          1
          1
          1
          1
          1
          1
          1
          1
          1
          1
          1
          1
          1
          1
          1
          1
          1
          1
          1
          1
          1
          1
          1
          1
          1
          1
          1
   0.999999
   0.999998
   0.999996
   0.999993
   0.999989
   0.999985
   0.999983
   0.999983
   0.999985
   0.999989
   0.999993
   0.999996
   0.999998
   0.999999
          1
          1
          1
          1
          1
          1
          1
          1
          1
          1
          1
          1
          1
          1
          1
          1
          1
          1
          1
          1
          1
          1
          1
          1
          1
          1
          1
          1
          1
          1
          1
          1
          1
          1
          1
          1
          1
          1
          1
          1
          1
          1
          1
          1
   0.999998
   0.999995
   0.999985
   0.999962
   0.999918
   0.999846
   0.999751
   0.999657
   0.999596
   0.999596
   0.999656
   0.999752
   0.999846
   0.999918
   0.999962
   0.999985
   0.999995
   0.999998
          1
          1
          1
          1
          1
          1
          1
          1
          1
          1
          1
          1
          1
          1
          1
          1
          1
          1
          1
          1
          1
          1
          1
          1
          1
          1
          1
          1
          1
          1
          1
          1
          1
          1
          1
          1
          1
          1
          1
          1
   0.999998
   0.999992
   0.999969
   0.999895
   0.999687
   0.999191
    0.99819
   0.996526
    0.99429
   0.992015
   0.990519
   0.990543
   0.992002
   0.994299
   0.996512
   0.998191
   0.999188
   0.999688
   0.999895
   0.999969
   0.999992
   0.999998
          1
          1
          1
          1
          1
          1
          1
          1
          1
          1
          1
          1
          1
          1
          1
          1
          1
          1
          1
          1
          1
          1
          1
          1
          1
          1
          1
          1
          1
          1
          1
          1
          1
          1
          1
          1
   0.999999
   0.999994
    0.99997
   0.999865
   0.999449
   0.998015
   0.993797
   0.983258
   0.961849
   0.926674
   0.882771
   0.840801
   0.815885
   0.815336
   0.841212
   0.882471
   0.926956
   0.961733
   0.983352
   0.993781
   0.998027
   0.999449
   0.999864
    0.99997
   0.999994
   0.999999
          1
          1
          1
          1
          1
          1
          1
          1
          1
          1
          1
          1
          1
          1
          1
          1
          1
          1
          1
          1
          1
          1
          1
          1
          1
          1
          1
          1
          1
          1
          1
          1
          1
   0.999998
   0.999986
   0.999914
    0.99954
   0.997751
   0.990335
   0.964355
   0.890459
   0.741081
   0.541008
   0.366894
   0.252651
   0.191256
   0.164459
   0.164869
   0.190821
   0.253046
   0.365895
    0.54176
   0.740067
   0.890989
   0.964132
   0.990373
   0.997753
   0.999537
   0.999915
   0.999985
   0.999998
          1
          1
          1
          1
          1
          1
          1
          1
          1
          1
          1
          1
          1
          1
          1
          1
          1
          1
          1
          1
          1
          1
          1
          1
          1
          1
          1
          1
          1
          1
          1
   0.999996
   0.999973
   0.999809
   0.998798
   0.993062
   0.964985
   0.857462
   0.599298
   0.304374
   0.131463
  0.0597869
  0.0314233
  0.0197216
  0.0145767
  0.0126209
  0.0125948
  0.0145994
   0.019692
  0.0315098
  0.0596346
   0.131816
   0.303464
   0.600697
   0.857047
   0.965145
   0.993065
   0.998794
   0.999811
   0.999973
   0.999996
          1
          1
          1
          1
          1
          1
          1
          1
          1
          1
          1
          1
          1
          1
          1
          1
          1
          1
          1
          1
          1
          1
          1
          1
          1
          1
          1
          1
          1
   0.999995
   0.999961
   0.999677
   0.997615
   0.983884
   0.908269
   0.643285
    0.27422
  0.0870668
  0.0292509
  0.0124104
 0.00686844
 0.00480502
 0.00394716
 0.00359306
 0.00345617
 0.00345976
 0.00358919
 0.00395123
 0.00479765
  0.0068758
  0.0123787
  0.0293075
  0.0867699
   0.274724
   0.642852
   0.908541
   0.983908
   0.997612
   0.999682
    0.99996
   0.999996
          1
          1
          1
          1
          1
          1
          1
          1
          1
          1
          1
          1
          1
          1
          1
          1
          1
          1
          1
          1
          1
          1
          1
          1
          1
          1
          1
   0.999996
   0.999956
   0.999587
   0.996452
   0.972075
   0.826903
   0.423784
   0.117908
  0.0303965
  0.0105544
  0.0056069
 0.00426828
 0.00404693
 0.00421797
 0.00451886
 0.00478861
 0.00495056
 0.00494875
 0.00479133
 0.00451821
 0.00422104
 0.00404362
  0.0042725
  0.0056009
  0.0105735
   0.030379
   0.117892
   0.423369
   0.826995
   0.972073
   0.996431
   0.999591
   0.999956
   0.999996
          1
          1
          1
          1
          1
          1
          1
          1
          1
          1
          1
          1
          1
          1
          1
          1
          1
          1
          1
          1
          1
          1
          1
          1
          1
   0.999997
   0.999962
   0.999592
   0.995963
   0.963576
   0.756184
   0.290227
  0.0622165
  0.0155071
 0.00662688
 0.00495347
 0.00516558
 0.00615297
 0.00751045
 0.00900983
  0.0104138
  0.0115159
  0.0121229
  0.0121249
  0.0115172
  0.0104165
    0.00901
 0.00751142
 0.00615061
 0.00517009
 0.00495193
 0.00663077
  0.0155113
  0.0622129
   0.290058
   0.756252
   0.963738
   0.995953
   0.999596
   0.999961
   0.999997
          1
          1
          1
          1
          1
          1
          1
          1
          1
          1
          1
          1
          1
          1
          1
          1
          1
          1
          1
          1
          1
          1
          1
   0.999998
   0.999974
   0.999691
   0.996523
   0.964026
   0.730374
   0.235708
  0.0430623
  0.0109968
 0.00591267
  0.0058239
 0.00746105
  0.0102116
  0.0138285
  0.0180862
  0.0226054
  0.0268469
  0.0301897
  0.0320341
  0.0320388
  0.0301904
  0.0268485
  0.0226006
  0.0180881
  0.0138321
  0.0102104
  0.0074619
 0.00582258
 0.00590877
  0.0109914
   0.043048
   0.235526
   0.730393
   0.964174
   0.996515
   0.999693
   0.999974
   0.999998
          1
          1
          1
          1
          1
          1
          1
          1
          1
          1
          1
          1
          1
          1
          1
          1
          1
          1
          1
          1
          1
   0.999999
   0.999986
   0.999818
   0.997716
   0.972942
   0.760641
    0.23791
  0.0384984
 0.00965577
 0.00599302
 0.00704562
  0.0103318
  0.0156488
   0.023079
  0.0325965
  0.0438628
  0.0559578
  0.0674669
  0.0765809
   0.081666
   0.081671
  0.0765952
  0.0674718
  0.0559656
   0.043859
  0.0326037
  0.0230811
   0.015648
  0.0103321
  0.0070467
 0.00599109
 0.00965733
   0.038514
   0.237566
    0.76023
   0.973074
   0.997706
    0.99982
   0.999986
   0.999999
          1
          1
          1
          1
          1
          1
          1
          1
          1
          1
          1
          1
          1
          1
          1
          1
          1
          1
          1
          1
   0.999995
   0.999919
   0.998862
   0.984672
   0.833207
   0.297183
  0.0437424
 0.00969436
 0.00608575
 0.00787307
  0.0127315
   0.021004
  0.0334615
  0.0506825
  0.0727941
   0.098769
   0.126318
   0.151903
    0.17168
   0.182456
   0.182455
   0.171692
   0.151903
   0.126312
  0.0987678
  0.0727946
  0.0506909
  0.0334594
  0.0210027
  0.0127311
 0.00787139
 0.00607723
 0.00969818
  0.0437978
    0.29687
   0.833225
    0.98478
   0.998854
    0.99992
   0.999994
          1
          1
          1
          1
          1
          1
          1
          1
          1
          1
          1
          1
          1
          1
          1
          1
          1
          1
          1
   0.999998
   0.999973
   0.999571
   0.993523
   0.913436
    0.43705
  0.0644639
  0.0111583
 0.00596984
 0.00782555
  0.0136107
  0.0242936
  0.0416338
  0.0673478
   0.102327
   0.145579
   0.193793
   0.241444
   0.282502
   0.312184
   0.327617
   0.327621
   0.312188
   0.282511
   0.241455
   0.193796
   0.145596
   0.102332
  0.0673601
  0.0416504
  0.0242939
  0.0136125
 0.00783233
 0.00595799
  0.0111651
  0.0645147
   0.436655
   0.913373
   0.993547
   0.999568
   0.999972
   0.999998
          1
          1
          1
          1
          1
          1
          1
          1
          1
          1
          1
          1
          1
          1
          1
          1
          1
          1
   0.999993
   0.999876
   0.997931
   0.967581
   0.659533
   0.124229
  0.0160313
 0.00588995
 0.00693231
  0.0125543
  0.0241174
  0.0445504
  0.0770505
   0.123624
   0.183261
   0.251133
   0.319277
   0.379661
   0.426802
   0.458343
   0.473996
   0.473998
   0.458347
   0.426808
   0.379665
   0.319301
    0.25113
   0.183287
   0.123616
  0.0770511
  0.0445523
  0.0241091
  0.0125537
 0.00693579
 0.00588205
   0.016027
   0.124204
   0.659286
   0.967591
   0.997945
   0.999875
   0.999993
          1
          1
          1
          1
          1
          1
          1
          1
          1
          1
          1
          1
          1
          1
          1
          1
          1
   0.999998
   0.999973
     0.9995
   0.991249
   0.868562
   0.290558
  0.0322167
 0.00670429
  0.0056923
  0.0100615
  0.0205616
  0.0410491
  0.0765296
   0.130766
   0.203152
   0.287252
    0.37243
   0.448487
   0.509212
   0.552904
    0.58059
   0.593905
   0.593906
   0.580593
   0.552902
   0.509221
   0.448488
   0.372465
   0.287241
    0.20319
    0.13077
  0.0765372
  0.0410504
  0.0205617
  0.0100564
 0.00569465
 0.00670403
  0.0321385
   0.290597
   0.868449
   0.991249
   0.999502
   0.999973
   0.999998
          1
          1
          1
          1
          1
          1
          1
          1
          1
          1
          1
          1
          1
          1
          1
          1
   0.999995
   0.999907
    0.99823
   0.967926
    0.62405
  0.0941578
    0.01105
 0.00488246
 0.00719658
  0.0151175
  0.0325205
  0.0660051
   0.122095
   0.202094
   0.298615
   0.398315
   0.488336
   0.560934
   0.614311
   0.650456
   0.672432
   0.682752
   0.682755
   0.672436
   0.650459
   0.614311
   0.560944
   0.488343
   0.398346
    0.29861
   0.202118
   0.122094
  0.0660157
  0.0325265
  0.0151195
 0.00719081
 0.00488285
  0.0110435
  0.0939108
   0.624134
    0.96792
   0.998234
   0.999907
   0.999995
          1
          1
          1
          1
          1
          1
          1
          1
          1
          1
          1
          1
          1
          1
          1
   0.999999
   0.999986
   0.999727
   0.994514
   0.901786
   0.328887
  0.0317758
 0.00571935
 0.00499031
 0.00976105
  0.0221397
  0.0490064
  0.0997803
    0.18029
   0.284707
   0.396875
   0.500475
   0.585152
   0.647838
   0.690779
   0.718248
   0.734254
   0.741565
   0.741567
   0.734252
   0.718246
   0.690775
   0.647835
   0.585162
   0.500484
    0.39691
   0.284706
   0.180313
    0.09978
  0.0490115
  0.0221431
  0.0097644
  0.0049887
  0.0057161
  0.0317957
   0.328389
   0.901977
   0.994528
   0.999726
   0.999986
   0.999999
          1
          1
          1
          1
          1
          1
          1
          1
          1
          1
          1
          1
          1
          1
   0.999998
   0.999967
   0.999292
   0.985351
   0.765411
   0.145623
  0.0133529
 0.00423593
 0.00586511
  0.0131284
  0.0311173
  0.0700304
   0.141459
   0.246406
   0.368244
   0.485465
   0.583795
   0.657658
   0.708311
   0.740683
   0.760154
   0.770902
   0.775627
   0.775625
     0.7709
    0.76015
   0.740678
   0.708307
   0.657653
   0.583796
   0.485455
   0.368278
   0.246431
   0.141476
  0.0700337
  0.0311186
  0.0131284
 0.00586683
  0.0042355
  0.0133523
    0.14553
   0.765575
    0.98537
   0.999292
   0.999967
   0.999998
          1
          1
          1
          1
          1
          1
          1
          1
          1
          1
          1
          1
          1
          1
   0.999997
   0.999928
   0.998431
   0.966654
   0.575453
   0.066868
 0.00725625
 0.00392865
 0.00709767
  0.0170818
  0.0416532
   0.094664
   0.187845
   0.312796
   0.442909
   0.556854
   0.645425
    0.70729
   0.746763
   0.770196
   0.783179
    0.78974
   0.792407
   0.792407
   0.789736
   0.783174
   0.770189
   0.746757
   0.707284
   0.645417
   0.556863
     0.4429
   0.312841
   0.187854
  0.0946646
   0.041655
  0.0170839
 0.00709716
 0.00392815
 0.00725723
  0.0667183
   0.575397
   0.966846
    0.99842
   0.999929
   0.999997
          1
          1
          1
          1
          1
          1
          1
          1
          1
          1
          1
          1
          1
          1
   0.999994
   0.999868
   0.996999
   0.936194
   0.400723
  0.0352173
 0.00496225
  0.0040425
 0.00846426
  0.0212524
  0.0529503
   0.120711
   0.233694
   0.371748
   0.502506
   0.609396
   0.687631
   0.738951
   0.769474
   0.786026
   0.794063
   0.797392
    0.79846
   0.798458
   0.797389
   0.794055
   0.786018
   0.769465
   0.738945
   0.687627
   0.609388
   0.502521
    0.37176
   0.233727
   0.120718
  0.0529506
  0.0212513
  0.0084681
 0.00403995
 0.00496062
  0.0351966
   0.400545
    0.93625
   0.997002
   0.999868
   0.999994
          1
          1
          1
          1
          1
          1
          1
          1
          1
          1
          1
          1
          1
          1
   0.999991
   0.999787
   0.995106
   0.897454
    0.28178
  0.0219951
 0.00401547
 0.00428756
 0.00974824
  0.0251646
  0.0636404
   0.144906
   0.273321
   0.417797
   0.545496
   0.644997
    0.71463
   0.757935
   0.781943
   0.793532
   0.797934
   0.798854
   0.798701
     0.7987
   0.798847
    0.79793
    0.79352
   0.781935
   0.757929
   0.714623
      0.645
   0.545477
   0.417837
   0.273342
   0.144917
  0.0636511
  0.0251646
 0.00974763
 0.00428984
 0.00401325
  0.0219757
   0.281546
   0.897928
   0.995069
   0.999788
   0.999991
          1
          1
          1
          1
          1
          1
          1
          1
          1
          1
          1
          1
          1
   0.999999
   0.999987
   0.999709
   0.993152
   0.861079
   0.215389
  0.0162605
 0.00361023
 0.00452465
  0.0107497
  0.0282193
  0.0721122
   0.163607
   0.301969
   0.448737
   0.572733
    0.66666
   0.730345
   0.768369
   0.788158
   0.796492
   0.798474
   0.797745
   0.796758
   0.796756
   0.797741
   0.798465
   0.796484
   0.788146
    0.76836
    0.73034
   0.666656
   0.572733
    0.44874
   0.302029
   0.163609
  0.0721096
  0.0282199
  0.0107541
 0.00452238
 0.00360995
  0.0162461
   0.215293
      0.861
   0.993173
   0.999708
   0.999988
   0.999999
          1
          1
          1
          1
          1
          1
          1
          1
          1
          1
          1
          1
   0.999999
   0.999986
   0.999655
   0.991967
   0.838571
   0.187003
  0.0140415
 0.00346006
 0.00466406
  0.0112987
  0.0299179
  0.0767947
   0.173782
   0.316958
   0.464043
   0.585864
   0.676831
   0.737519
   0.772932
   0.790643
   0.797362
   0.798115
   0.796547
   0.795126
   0.795129
   0.796542
   0.798109
   0.797351
   0.790633
   0.772926
   0.737512
   0.676834
   0.585849
   0.464081
   0.316973
   0.173793
  0.0768033
  0.0299194
  0.0112974
  0.0046657
 0.00345826
  0.0140226
   0.186844
   0.838863
   0.991936
   0.999657
   0.999986
   0.999999
          1
          1
          1
          1
          1
          1
          1
          1
          1
          1
          1
          1
   0.999999
   0.999985
   0.999658
   0.991926
   0.838868
   0.186989
  0.0140327
 0.00346063
 0.00466313
  0.0112982
  0.0299125
  0.0768036
   0.173794
   0.316915
   0.464084
   0.585847
   0.676835
   0.737516
   0.772934
   0.790641
   0.797359
   0.798114
   0.796543
   0.795127
   0.795124
   0.796543
   0.798106
   0.797352
   0.790633
   0.772927
   0.737515
   0.676835
   0.585854
   0.464097
   0.316964
   0.173807
  0.0768043
  0.0299141
   0.011304
 0.00466151
 0.00346077
  0.0140243
   0.186849
   0.838971
   0.991929
   0.999658
   0.999986
   0.999999
          1
          1
          1
          1
          1
          1
          1
          1
          1
          1
          1
          1
   0.999999
   0.999988
   0.999706
   0.993198
   0.860817
    0.21553
  0.0162546
 0.00360946
 0.00452567
  0.0107461
  0.0282296
  0.0721009
   0.163611
   0.302017
   0.448706
   0.572758
   0.666662
   0.730348
   0.768366
   0.788154
   0.796488
   0.798466
   0.797739
   0.796748
   0.796751
   0.797734
   0.798462
   0.796481
   0.788148
   0.768363
   0.730344
    0.66667
   0.572754
   0.448751
   0.302046
   0.163625
  0.0721199
  0.0282269
  0.0107488
 0.00452692
 0.00360827
  0.0162478
   0.215327
   0.861218
   0.993164
   0.999707
   0.999988
   0.999999
          1
          1
          1
          1
          1
          1
          1
          1
          1
          1
          1
          1
          1
   0.999991
   0.999789
   0.995075
   0.897797
   0.281615
  0.0219902
 0.00401644
 0.00428796
 0.00975276
  0.0251583
    0.06366
   0.144904
   0.273317
   0.417837
   0.545491
   0.645013
   0.714632
   0.757935
   0.781942
   0.793525
   0.797929
   0.798842
   0.798693
    0.79869
   0.798841
   0.797923
    0.79352
   0.781935
   0.757932
   0.714636
   0.645015
     0.5455
   0.417872
   0.273361
   0.144933
  0.0636581
  0.0251622
 0.00975706
  0.0042875
 0.00401578
  0.0219764
   0.281637
   0.897741
   0.995078
   0.999789
   0.999991
          1
          1
          1
          1
          1
          1
          1
          1
          1
          1
          1
          1
          1
          1
   0.999994
   0.999867
   0.997013
    0.93613
   0.400798
  0.0352141
 0.00496158
 0.00404325
 0.00846281
  0.0212618
  0.0529439
   0.120725
   0.233722
   0.371741
   0.502555
   0.609405
   0.687643
   0.738954
   0.769473
   0.786022
   0.794055
   0.797385
   0.798449
   0.798449
   0.797381
   0.794051
   0.786017
    0.76947
   0.738957
   0.687643
    0.60942
   0.502558
   0.371794
   0.233754
   0.120735
  0.0529565
  0.0212647
 0.00846631
 0.00404347
 0.00496307
  0.0352024
   0.400415
   0.936383
   0.996994
   0.999867
   0.999994
          1
          1
          1
          1
          1
          1
          1
          1
          1
          1
          1
          1
          1
          1
   0.999997
   0.999929
   0.998422
   0.966758
   0.575541
   0.066763
 0.00725871
  0.0039266
  0.0071029
  0.0170772
  0.0416681
  0.0946627
   0.187853
    0.31284
   0.442911
   0.556892
   0.645439
   0.707301
   0.746769
   0.770195
   0.783175
   0.789734
   0.792398
   0.792398
   0.789731
   0.783171
   0.770192
   0.746769
     0.7073
   0.645452
   0.556897
   0.442937
   0.312885
   0.187872
  0.0946978
  0.0416608
  0.0170841
 0.00710571
 0.00392549
 0.00726315
  0.0666824
   0.575752
   0.966655
   0.998422
   0.999929
   0.999997
          1
          1
          1
          1
          1
          1
          1
          1
          1
          1
          1
          1
          1
          1
   0.999998
   0.999967
   0.999292
   0.985364
   0.765258
   0.145646
  0.0133416
 0.00424006
 0.00586022
  0.0131388
  0.0311163
  0.0700421
   0.141494
   0.246421
   0.368308
   0.485489
   0.583822
   0.657682
   0.708327
   0.740693
   0.760159
   0.770905
   0.775627
   0.775627
   0.770903
   0.760156
   0.740694
   0.708326
    0.65769
   0.583828
   0.485503
   0.368341
   0.246467
   0.141518
  0.0700393
  0.0311211
  0.0131426
 0.00586372
 0.00423779
  0.0133439
   0.145622
   0.764756
   0.985399
    0.99929
   0.999967
   0.999998
          1
          1
          1
          1
          1
          1
          1
          1
          1
          1
          1
          1
          1
          1
   0.999999
   0.999987
   0.999726
   0.994514
   0.902106
   0.327918
  0.0317863
 0.00571222
 0.00499521
 0.00975568
  0.0221568
  0.0490136
  0.0997893
   0.180329
   0.284728
   0.396939
    0.50053
   0.585196
   0.647868
   0.690803
   0.718266
   0.734267
   0.741579
    0.74158
   0.734265
   0.718266
   0.690797
   0.647873
   0.585192
   0.500535
   0.396966
   0.284758
   0.180351
  0.0997935
  0.0490267
  0.0221566
 0.00976118
 0.00499476
 0.00570896
  0.0318006
   0.327824
   0.902078
   0.994522
   0.999725
   0.999987
   0.999999
          1
          1
          1
          1
          1
          1
          1
          1
          1
          1
          1
          1
          1
          1
          1
   0.999995
   0.999908
   0.998235
   0.967868
   0.624509
  0.0938715
  0.0110569
  0.0048756
 0.00720559
   0.015115
  0.0325344
  0.0660287
   0.122128
    0.20214
   0.298662
   0.398371
   0.488396
   0.560987
   0.614359
   0.650502
   0.672471
   0.682788
   0.682788
    0.67247
   0.650496
   0.614366
   0.560989
   0.488415
   0.398401
   0.298666
   0.202157
   0.122132
  0.0660438
  0.0325443
  0.0151144
 0.00720684
 0.00487719
  0.0110411
  0.0939311
   0.623982
   0.967924
   0.998227
   0.999907
   0.999995
          1
          1
          1
          1
          1
          1
          1
          1
          1
          1
          1
          1
          1
          1
          1
          1
   0.999999
   0.999972
   0.999501
   0.991281
   0.868255
   0.290683
  0.0321434
 0.00671156
 0.00568654
  0.0100729
  0.0205633
  0.0410586
  0.0765546
   0.130818
   0.203222
   0.287323
   0.372507
   0.448564
   0.509278
   0.552962
   0.580647
   0.593966
   0.593963
    0.58065
   0.552969
   0.509271
   0.448567
   0.372503
   0.287322
   0.203237
   0.130813
    0.07658
  0.0410623
  0.0205621
  0.0100761
 0.00568952
 0.00670602
  0.0321509
   0.290594
   0.868205
   0.991243
   0.999502
   0.999972
   0.999999
          1
          1
          1
          1
          1
          1
          1
          1
          1
          1
          1
          1
          1
          1
          1
          1
          1
   0.999993
   0.999875
   0.997936
    0.96767
   0.659244
   0.124257
  0.0160073
 0.00590054
 0.00692821
  0.0125674
   0.024118
  0.0445692
  0.0770573
   0.123659
   0.183316
   0.251212
   0.319359
   0.379754
   0.426876
   0.458427
   0.474074
   0.474073
   0.458422
   0.426867
   0.379759
   0.319369
   0.251219
   0.183345
    0.12366
  0.0770919
  0.0445635
  0.0241254
  0.0125754
 0.00692746
  0.0058932
  0.0160085
   0.124198
   0.659225
   0.967656
    0.99794
   0.999875
   0.999993
          1
          1
          1
          1
          1
          1
          1
          1
          1
          1
          1
          1
          1
          1
          1
          1
          1
          1
   0.999998
   0.999973
    0.99957
   0.993512
   0.913472
   0.436639
  0.0645493
  0.0111383
 0.00597319
 0.00782513
  0.0136192
  0.0243008
  0.0416669
   0.067377
   0.102362
   0.145626
   0.193864
   0.241521
   0.282614
   0.312283
   0.327727
   0.327734
    0.31229
   0.282611
    0.24154
   0.193871
   0.145641
   0.102362
  0.0673772
   0.041661
  0.0243079
  0.0136279
 0.00782822
 0.00596857
  0.0111425
  0.0644535
   0.436227
   0.913652
   0.993507
   0.999571
   0.999972
   0.999998
          1
          1
          1
          1
          1
          1
          1
          1
          1
          1
          1
          1
          1
          1
          1
          1
          1
          1
          1
   0.999994
   0.999919
   0.998865
    0.98466
   0.833334
   0.296602
  0.0438293
 0.00967814
 0.00608811
 0.00787001
  0.0127378
  0.0210058
  0.0334781
  0.0507107
  0.0728332
  0.0988151
   0.126368
   0.151958
   0.171751
   0.182519
   0.182529
   0.171741
   0.151956
   0.126353
  0.0988031
  0.0728249
   0.050714
  0.0334822
  0.0210191
   0.012743
 0.00787518
  0.0060801
 0.00968883
  0.0437422
   0.296724
    0.83324
   0.984733
   0.998857
    0.99992
   0.999995
          1
          1
          1
          1
          1
          1
          1
          1
          1
          1
          1
          1
          1
          1
          1
          1
          1
          1
          1
          1
   0.999999
   0.999986
   0.999818
   0.997723
   0.972989
   0.760574
    0.23764
  0.0385123
 0.00965227
 0.00599708
 0.00704708
   0.010341
    0.01565
  0.0230972
  0.0326155
  0.0438854
  0.0560007
   0.067516
  0.0766369
  0.0817196
   0.081717
  0.0766502
  0.0675122
   0.056002
  0.0438982
  0.0326307
  0.0231035
  0.0156597
  0.0103411
 0.00704663
 0.00598892
 0.00965673
  0.0384922
   0.237353
   0.760113
   0.973038
   0.997693
    0.99982
   0.999986
   0.999999
          1
          1
          1
          1
          1
          1
          1
          1
          1
          1
          1
          1
          1
          1
          1
          1
          1
          1
          1
          1
          1
   0.999998
   0.999974
    0.99969
   0.996537
   0.964061
   0.730575
   0.235537
  0.0430175
  0.0109832
 0.00591284
 0.00581933
 0.00747193
  0.0102118
  0.0138421
  0.0180982
  0.0226203
  0.0268633
  0.0302103
  0.0320556
  0.0320691
  0.0302071
  0.0268701
  0.0226207
     0.0181
   0.013841
  0.0102179
 0.00746461
 0.00582294
  0.0059118
  0.0109981
  0.0430015
   0.235506
   0.730199
   0.964073
   0.996519
   0.999694
   0.999974
   0.999998
          1
          1
          1
          1
          1
          1
          1
          1
          1
          1
          1
          1
          1
          1
          1
          1
          1
          1
          1
          1
          1
          1
          1
   0.999997
   0.999962
   0.999594
    0.99597
   0.963683
   0.755909
   0.290162
   0.062188
  0.0154884
 0.00663336
 0.00494585
 0.00517551
 0.00615151
 0.00751898
 0.00901235
  0.0104251
  0.0115182
  0.0121359
   0.012126
  0.0115295
  0.0104177
  0.0090186
 0.00751395
 0.00615949
 0.00517025
 0.00495784
  0.0066277
  0.0155197
  0.0620152
   0.289873
   0.755649
   0.963571
   0.995973
   0.999594
   0.999961
   0.999997
          1
          1
          1
          1
          1
          1
          1
          1
          1
          1
          1
          1
          1
          1
          1
          1
          1
          1
          1
          1
          1
          1
          1
          1
          1
   0.999996
   0.999956
   0.999589
   0.996446
   0.972071
   0.826554
   0.423429
   0.117777
  0.0303174
  0.0105874
 0.00559931
 0.00427578
 0.00404476
 0.00422708
 0.00451787
  0.0047972
 0.00494824
 0.00495859
 0.00478964
 0.00452621
 0.00421994
 0.00405147
 0.00426746
 0.00560941
  0.0105458
  0.0303767
   0.117595
   0.423434
   0.826455
   0.972131
   0.996426
   0.999587
   0.999955
   0.999996
          1
          1
          1
          1
          1
          1
          1
          1
          1
          1
          1
          1
          1
          1
          1
          1
          1
          1
          1
          1
          1
          1
          1
          1
          1
          1
          1
   0.999995
   0.999961
    0.99968
   0.997616
    0.98387
   0.908245
   0.642106
    0.27458
  0.0866079
  0.0292942
  0.0123766
 0.00687708
 0.00479256
 0.00395359
 0.00358582
 0.00346392
 0.00345203
 0.00359627
 0.00394396
 0.00480719
 0.00685675
  0.0124022
  0.0291882
  0.0869269
   0.273756
   0.643449
    0.90799
   0.983957
   0.997585
   0.999681
    0.99996
   0.999995
          1
          1
          1
          1
          1
          1
          1
          1
          1
          1
          1
          1
          1
          1
          1
          1
          1
          1
          1
          1
          1
          1
          1
          1
          1
          1
          1
          1
          1
   0.999996
   0.999973
   0.999809
   0.998798
    0.99305
   0.965097
   0.856471
   0.600517
   0.303219
   0.131585
  0.0595666
  0.0314907
  0.0196475
  0.0146071
  0.0125685
  0.0126294
  0.0145525
   0.019733
  0.0313684
  0.0597774
   0.131188
    0.30432
    0.59873
   0.857655
   0.964819
   0.993105
   0.998784
   0.999811
   0.999973
   0.999996
          1
          1
          1
          1
          1
          1
          1
          1
          1
          1
          1
          1
          1
          1
          1
          1
          1
          1
          1
          1
          1
          1
          1
          1
          1
          1
          1
          1
          1
          1
          1
   0.999998
   0.999986
   0.999914
   0.999539
    0.99774
   0.990419
   0.964067
   0.890828
   0.740185
   0.541566
   0.365363
   0.252942
   0.190241
   0.164899
   0.163935
   0.191145
   0.251926
    0.36663
   0.539821
   0.740947
   0.889918
   0.964378
    0.99027
   0.997766
   0.999535
   0.999914
   0.999986
   0.999998
          1
          1
          1
          1
          1
          1
          1
          1
          1
          1
          1
          1
          1
          1
          1
          1
          1
          1
          1
          1
          1
          1
          1
          1
          1
          1
          1
          1
          1
          1
          1
          1
          1
   0.999999
   0.999994
    0.99997
   0.999865
   0.999445
   0.998031
   0.993776
   0.983311
   0.961698
   0.926976
   0.882006
   0.841345
   0.814693
   0.816069
   0.840304
   0.882863
   0.926434
    0.96193
   0.983198
    0.99383
   0.998006
   0.999452
   0.999864
    0.99997
   0.999994
   0.999999
          1
          1
          1
          1
          1
          1
          1
          1
          1
          1
          1
          1
          1
          1
          1
          1
          1
          1
          1
          1
          1
          1
          1
          1
          1
          1
          1
          1
          1
          1
          1
          1
          1
          1
          1
          1
   0.999998
   0.999992
    0.99997
   0.999895
   0.999688
   0.999188
   0.998194
   0.996506
   0.994316
    0.99196
   0.990573
   0.990477
    0.99203
   0.994268
   0.996531
   0.998178
   0.999193
   0.999685
   0.999896
   0.999969
   0.999992
   0.999998
          1
          1
          1
          1
          1
          1
          1
          1
          1
          1
          1
          1
          1
          1
          1
          1
          1
          1
          1
          1
          1
          1
          1
          1
          1
          1
          1
          1
          1
          1
          1
          1
          1
          1
          1
          1
          1
          1
          1
          1
   0.999998
   0.999995
   0.999985
   0.999962
   0.999918
   0.999847
    0.99975
   0.999659
   0.999595
   0.999598
   0.999655
   0.999752
   0.999846
   0.999918
   0.999962
   0.999985
   0.999995
   0.999998
          1
          1
          1
          1
          1
          1
          1
          1
          1
          1
          1
          1
          1
          1
          1
          1
          1
          1
          1
          1
          1
          1
          1
          1
          1
          1
          1
          1
          1
          1
          1
          1
          1
          1
          1
          1
          1
          1
          1
          1
          1
          1
          1
          1
   0.999999
   0.999998
   0.999996
   0.999993
   0.999989
   0.999985
   0.999983
   0.999983
   0.999985
   0.999989
   0.999993
   0.999996
   0.999998
   0.999999
          1
          1
          1
          1
          1
          1
          1
          1
          1
          1
          1
          1
          1
          1
          1
          1
          1
          1
          1
          1
          1
          1
          1
          1
          1
          1
          1
          1
          1
          1
          1
          1
          1
          1
          1
          1
          1
          1
          1
          1
          1
          1
          1
          1
          1
          1
          1
          1
          1
          1
          1
   0.999999
   0.999999
   0.999999
   0.999999
          1
          1
          1
          1
          1
          1
          1
          1
          1
          1
          1
          1
          1
          1
          1
          1
          1
          1
          1
          1
          1
          1
          1
          1
          1
          1
          1
          1
          1
          1
          1
          1
          1
          1
          1
          1
          1
          1
          1
          1
          1
          1
          1
          1
          1
          1
          1
          1
          1
          1
          1
          1
          1
          1
          1
          1
          1
          1
          1
          1
          1
          1
          1
          1
          1
          1
          1
          1
          1
          1
          1
          1
          1
          1
          1
          1
          1
          1
          1
          1
          1
          1
          1
          1
          1
          1
          1
          1
          1
          1
          1
          1
          1
          1
          1
          1
          1
          1
          1
          1
          1
          1
          1
          1
          1
          1
          1
          1
          1
          1
          1
          1
          1
          1
          1
          1
          1
          1
          1
          1
          1
          1
          1
          1
          1
          1
          1
          1
          1
          1
          1
          1
          1
          1
          1
          1
          1
          1
          1
          1
          1
          1
          1
          1
          1
          1
          1
          1
          1
          1
          1
          1
          1
          1
          1
          1
          1
          1
          1
          1
          1
          1
          1
          1
          1
          1
          1
          1
          1
          1
          1
          1
          1
          1
          1
          1
          1
          1
          1
          1
          1
          1
          1
          1
          1
          1
          1
          1
          1
          1
          1
          1
          1
          1
          1
          1
          1
          1
          1
          1
          1
          1
          1
          1
          1
          1
          1
          1
          1
          1
          1
          1
          1
          1
          1
          1
          1
          1
          1
          1
          1
          1
          1
          1
          1
          1
          1
          1
          1
          1
          1
          1
          1
          1
          1
          1
          1
          1
          1
          1
          1
          1
          1
          1
          1
          1
          1
          1
          1
          1
          1
          1
          1
          1
          1
          1
          1
          1
          1
          1
          1
          1
          1
          1
          1
          1
          1
          1
          1
          1
          1
          1
          1
          1
          1
          1
          1
          1
          1
          1
          1
          1
          1
          1
          1
          1
          1
          1
          1
          1
          1
          1
          1
          1
          1
          1
          1
          1
          1
          1
          1
          1
          1
          1
          1
          1
          1
          1
          1
          1
          1
          1
          1
          1
          1
          1
          1
          1
          1
          1
          1
          1
          1
          1
          1
          1
          1
          1
          1
          1
          1
          1
          1
          1
          1
          1
          1
          1
          1
          1
          1
          1
          1
          1
          1
          1
          1
          1
          1
          1
          1
          1
          1
          1
          1
          1
          1
          1
          1
          1
          1
          1
          1
          1
          1
          1
          1
          1
          1
          1
          1
          1
          1
          1
          1
          1
          1
          1
          1
          1
          1
          1
          1
          1
          1
          1
          1
          1
          1
          1
          1
          1
          1
          1
          1
          1
          1
          1
          1
          1
          1
          1
          1
          1
          1
          1
          1
          1
          1
          1
          1
          1
          1
          1
          1
          1
          1
          1
          1
          1
          1
          1
          1
          1
          1
          1
          1
          1
          1
          1
          1
          1
          1
          1
          1
          1
          1
          1
          1
          1
          1
          1
          1
          1
          1
          1
          1
          1
          1
          1
          1
          1
          1
          1
          1
          1
          1
          1
          1
          1
          1
          1
          1
          1
          1
          1
          1
          1
          1
          1
          1
          1
          1
          1
          1
          1
          1
          1
          1
          1
          1
          1
          1
          1
          1
          1
          1
          1
          1
          1
          1
          1
          1
          1
          1
          1
          1
          1
          1
          1
          1
          1
          1
          1
          1
          1
          1
          1
          1
          1
          1
          1
          1
          1
          1
          1
          1
          1
          1
          1
          1
          1
          1
          1
          1
          1
          1
          1
          1
          1
          1
          1
          1
          1
          1
          1
          1
          1
          1
          1
          1
          1
          1
          1
          1
          1
          1
          1
          1
          1
          1
          1
          1
          1
          1
          1
          1
          1
          1
          1
          1
          1
          1
          1
          1
          1
          1
          1
          1
          1
          1
          1
          1
          1
          1
          1
          1
          1
          1
          1
          1
          1
          1
          1
          1
          1
          1
          1
          1
          1
          1
          1
          1
          1
          1
          1
          1
          1
          1
          1
          1
          1
          1
          1
          1
          1
          1
          1
          1
          1
          1
          1
          1
          1
          1
          1
          1
          1
          1
          1
          1
          1
          1
          1
          1
          1
          1
          1
          1
          1
          1
          1
          1
          1
          1
          1
          1
          1
          1
          1
          1
          1
          1
          1
          1
          1
          1
          1
          1
          1
          1
          1
          1
          1
          1
          1
          1
          1
          1
          1
          1
          1
          1
          1
          1
          1
          1
          1
          1
          1
          1
          1
          1
          1
          1
          1
          1
          1
          1
          1
          1
          1
          1
          1
          1
          1
          1
          1
          1
          1
          1
          1
          1
          1
          1
          1
          1
          1
          1
          1
          1
          1
          1
          1
          1
          1
          1
          1
          1
          1
          1
          1
          1
          1
          1
          1
          1
          1
          1
          1
          1
          1
          1
          1
          1
          1
          1
          1
          1
          1
          1
          1
          1
          1
          1
          1
          1
          1
          1
          1
          1
          1
          1
          1
          1
          1
          1
          1
          1
          1
          1
          1
          1
          1
          1
          1
          1
          1
          1
          1
          1
          1
          1
          1
          1
          1
          1
          1
          1
          1
          1
          1
          1
          1
   0.999999
   0.999999
   0.999998
   0.999998
   0.999998
   0.999998
   0.999999
   0.999999
          1
          1
          1
          1
          1
          1
          1
          1
          1
          1
          1
          1
          1
          1
          1
          1
          1
          1
          1
          1
          1
          1
          1
          1
          1
          1
          1
          1
          1
          1
          1
          1
          1
          1
          1
          1
          1
          1
          1
          1
          1
          1
          1
          1
          1
          1
          1
          1
   0.999999
   0.999998
   0.999995
    0.99999
   0.999982
   0.999972
   0.999961
   0.999954
   0.999954
   0.999961
   0.999972
   0.999982
    0.99999
   0.999995
   0.999998
   0.999999
          1
          1
          1
          1
          1
          1
          1
          1
          1
          1
          1
          1
          1
          1
          1
          1
          1
          1
          1
          1
          1
          1
          1
          1
          1
          1
          1
          1
          1
          1
          1
          1
          1
          1
          1
          1
          1
          1
          1
          1
          1
          1
   0.999999
   0.999996
   0.999986
   0.999959
   0.999895
   0.999771
   0.999569
   0.999298
    0.99903
    0.99885
   0.998851
   0.999029
     0.9993
   0.999568
   0.999772
   0.999896
   0.999959
   0.999986
   0.999996
   0.999999
          1
          1
          1
          1
          1
          1
          1
          1
          1
          1
          1
          1
          1
          1
          1
          1
          1
          1
          1
          1
          1
          1
          1
          1
          1
          1
          1
          1
          1
          1
          1
          1
          1
          1
          1
          1
          1
          1
   0.999999
   0.999995
   0.999979
   0.999917
    0.99971
   0.999114
   0.997661
   0.994698
   0.989693
   0.983051
   0.976167
   0.971823
   0.971766
   0.976229
   0.983007
   0.989721
   0.994687
   0.997664
   0.999115
   0.999711
   0.999917
   0.999979
   0.999995
   0.999999
          1
          1
          1
          1
          1
          1
          1
          1
          1
          1
          1
          1
          1
          1
          1
          1
          1
          1
          1
          1
          1
          1
          1
          1
          1
          1
          1
          1
          1
          1
          1
          1
          1
          1
          1
   0.999997
   0.999984
   0.999919
    0.99962
   0.998415
   0.994174
   0.981484
   0.950187
   0.889031
   0.799336
   0.700198
   0.620486
    0.57602
   0.576477
   0.619942
   0.700578
   0.798834
   0.889336
   0.950133
    0.98156
    0.99417
   0.998421
   0.999621
   0.999918
   0.999984
   0.999997
          1
          1
          1
          1
          1
          1
          1
          1
          1
          1
          1
          1
          1
          1
          1
          1
          1
          1
          1
          1
          1
          1
          1
          1
          1
          1
          1
          1
          1
          1
          1
          1
   0.999999
   0.999994
   0.999961
   0.999763
   0.998676
   0.993398
   0.971355
   0.896315
   0.718362
   0.467278
   0.263587
   0.148224
  0.0924631
  0.0663368
  0.0561807
  0.0560917
  0.0664239
  0.0922749
   0.148484
   0.263041
   0.467856
   0.717654
   0.896539
   0.971229
   0.993402
   0.998676
   0.999761
   0.999961
   0.999994
   0.999999
          1
          1
          1
          1
          1
          1
          1
          1
          1
          1
          1
          1
          1
          1
          1
          1
          1
          1
          1
          1
          1
          1
          1
          1
          1
          1
          1
          1
          1
   0.999999
   0.999991
   0.999926
   0.999468
   0.996488
   0.979409
   0.898762
   0.652093
   0.314642
   0.116983
  0.0446003
  0.0199099
  0.0109138
 0.00721619
 0.00562525
 0.00499536
 0.00500348
 0.00561899
 0.00722631
  0.0108979
  0.0199511
  0.0445018
   0.117375
   0.314008
   0.652642
   0.898594
   0.979372
   0.996492
   0.999468
   0.999927
    0.99999
   0.999999
          1
          1
          1
          1
          1
          1
          1
          1
          1
          1
          1
          1
          1
          1
          1
          1
          1
          1
          1
          1
          1
          1
          1
          1
          1
          1
          1
   0.999999
   0.999988
   0.999891
   0.999092
   0.993011
   0.952588
   0.757844
    0.35672
   0.104077
  0.0294775
  0.0106613
  0.0053012
 0.00356867
 0.00294862
  0.0027474
 0.00269124
 0.00268698
 0.00268411
 0.00269274
 0.00274442
 0.00295183
 0.00356168
 0.00531111
  0.0106324
  0.0295515
   0.103941
   0.356784
   0.757735
   0.952476
   0.992997
    0.99909
   0.999892
   0.999988
   0.999999
          1
          1
          1
          1
          1
          1
          1
          1
          1
          1
          1
          1
          1
          1
          1
          1
          1
          1
          1
          1
          1
          1
          1
          1
          1
   0.999999
   0.999988
   0.999877
   0.998826
    0.98949
   0.918788
   0.599228
   0.184596
  0.0409061
  0.0114045
 0.00511414
 0.00363053
 0.00347725
 0.00378083
 0.00426948
  0.0047685
 0.00517446
 0.00539682
 0.00539929
 0.00517235
  0.0047703
 0.00426778
  0.0037835
 0.00347367
 0.00363828
 0.00510764
  0.0114239
   0.040897
    0.18454
   0.599182
   0.918508
   0.989511
   0.998817
   0.999877
   0.999988
   0.999999
          1
          1
          1
          1
          1
          1
          1
          1
          1
          1
          1
          1
          1
          1
          1
          1
          1
          1
          1
          1
          1
          1
          1
   0.999999
   0.999991
   0.999893
   0.998839
   0.988035
   0.895238
   0.491716
   0.112974
  0.0221697
 0.00699585
 0.00434051
 0.00432828
 0.00530099
 0.00680593
 0.00864706
  0.0106006
  0.0124333
  0.0138657
  0.0146576
  0.0146564
  0.0138664
  0.0124316
  0.0106029
 0.00864577
 0.00680986
 0.00529802
 0.00433401
 0.00433813
 0.00700245
  0.0221759
   0.113068
   0.491662
   0.894999
   0.988126
   0.998829
   0.999894
   0.999991
   0.999999
          1
          1
          1
          1
          1
          1
          1
          1
          1
          1
          1
          1
          1
          1
          1
          1
          1
          1
          1
          1
          1
          1
   0.999995
   0.999929
   0.999123
   0.989716
   0.896608
   0.458138
  0.0883709
  0.0161182
 0.00583183
 0.00473126
 0.00592312
 0.00844609
  0.0121116
  0.0168538
    0.02246
  0.0284958
   0.034263
  0.0388589
  0.0414263
  0.0414287
  0.0388554
  0.0342599
  0.0284975
  0.0224616
  0.0168571
  0.0121193
 0.00844374
 0.00592521
  0.0047296
 0.00583451
  0.0161142
  0.0884237
   0.458003
   0.896166
   0.989769
   0.999123
   0.999929
   0.999994
          1
          1
          1
          1
          1
          1
          1
          1
          1
          1
          1
          1
          1
          1
          1
          1
          1
          1
          1
          1
          1
   0.999997
   0.999963
   0.999492
   0.993295
   0.921334
   0.498005
  0.0891766
  0.0146969
 0.00557003
 0.00530696
 0.00768721
  0.0122441
  0.0192515
  0.0290797
  0.0418885
  0.0573183
  0.0742123
  0.0904799
   0.103479
   0.110749
   0.110746
   0.103492
  0.0904801
  0.0742156
  0.0573255
  0.0418957
  0.0290817
  0.0192589
   0.012243
  0.0076889
 0.00530744
 0.00557089
  0.0147049
  0.0893051
   0.497773
   0.921108
   0.993326
   0.999491
   0.999963
   0.999997
          1
          1
          1
          1
          1
          1
          1
          1
          1
          1
          1
          1
          1
          1
          1
          1
          1
          1
          1
   0.999999
   0.999985
   0.999778
   0.996704
   0.954997
   0.610293
   0.116153
  0.0163576
 0.00557271
 0.00554545
 0.00882743
  0.0154089
  0.0263471
  0.0429495
  0.0663065
  0.0966056
   0.132422
   0.170192
   0.204789
   0.231083
   0.245203
   0.245213
   0.231074
     0.2048
   0.170197
   0.132428
  0.0966232
  0.0663143
  0.0429479
  0.0263533
  0.0154117
 0.00883125
  0.0055444
 0.00556692
  0.0163606
    0.11632
   0.610441
   0.954834
    0.99672
   0.999777
   0.999985
   0.999999
          1
          1
          1
          1
          1
          1
          1
          1
          1
          1
          1
          1
          1
          1
          1
          1
          1
          1
   0.999996
   0.999925
   0.998779
   0.980901
   0.770223
    0.19309
  0.0229526
 0.00585662
  0.0052572
 0.00876141
  0.0165734
  0.0307291
  0.0539136
  0.0886274
   0.135724
   0.193152
   0.255105
   0.313584
   0.361588
   0.394812
   0.411633
   0.411622
   0.394826
   0.361597
   0.313604
   0.255131
   0.193166
   0.135759
  0.0886266
  0.0539172
  0.0307306
  0.0165765
  0.0087675
 0.00525988
 0.00584831
  0.0229766
   0.193227
   0.770143
   0.980862
   0.998781
   0.999925
   0.999996
          1
          1
          1
          1
          1
          1
          1
          1
          1
          1
          1
          1
          1
          1
          1
          1
          1
   0.999999
   0.999981
   0.999654
   0.993967
   0.906589
   0.374784
  0.0433331
 0.00713817
 0.00466358
 0.00753129
  0.0151813
  0.0305017
  0.0578172
   0.101432
   0.163044
   0.239394
    0.32172
   0.399104
   0.463262
   0.510559
   0.540994
   0.555746
   0.555753
   0.540989
   0.510574
   0.463268
   0.399121
   0.321752
   0.239396
   0.163084
   0.101431
   0.057819
  0.0304974
  0.0151817
 0.00753362
 0.00466414
 0.00713564
  0.0433504
   0.374386
   0.906509
   0.993976
   0.999652
   0.999981
   0.999999
          1
          1
          1
          1
          1
          1
          1
          1
          1
          1
          1
          1
          1
          1
          1
          1
   0.999996
   0.999925
    0.99857
   0.974162
   0.674294
   0.112132
  0.0119836
 0.00430975
 0.00574702
  0.0118901
  0.0257607
  0.0531306
   0.100737
   0.172053
   0.262935
   0.361661
    0.45443
   0.531432
   0.589225
   0.628949
   0.653347
   0.664882
   0.664877
   0.653354
   0.628953
    0.58924
   0.531453
    0.45445
   0.361687
   0.262933
   0.172095
   0.100744
  0.0531432
  0.0257593
  0.0118953
  0.0057465
 0.00430753
  0.0119922
   0.111923
   0.674282
   0.974138
   0.998566
   0.999925
   0.999996
          1
          1
          1
          1
          1
          1
          1
          1
          1
          1
          1
          1
          1
          1
          1
   0.999999
   0.999987
   0.999742
   0.994841
   0.906743
   0.338622
  0.0320337
 0.00523183
 0.00420275
 0.00810523
  0.0185431
  0.0417058
   0.086795
   0.161107
   0.261656
   0.373946
   0.480814
   0.570071
   0.637176
   0.683672
   0.713687
   0.731308
   0.739401
   0.739405
   0.731305
   0.713689
   0.683675
   0.637189
   0.570091
   0.480842
    0.37398
   0.261641
   0.161146
  0.0868024
  0.0417121
    0.01855
 0.00810804
 0.00420176
 0.00523086
  0.0320293
   0.338161
   0.906824
   0.994825
   0.999743
   0.999987
   0.999999
          1
          1
          1
          1
          1
          1
          1
          1
          1
          1
          1
          1
          1
          1
   0.999998
   0.999964
   0.999228
   0.983751
   0.744145
   0.129642
  0.0114584
 0.00360908
 0.00506629
  0.0115304
   0.027845
  0.0640024
   0.132345
   0.235738
   0.358729
   0.479297
   0.581683
   0.659029
   0.712121
   0.746041
   0.766466
   0.777775
   0.782767
   0.782764
   0.777775
   0.766463
   0.746043
   0.712125
   0.659041
   0.581695
   0.479314
   0.358769
   0.235739
   0.132392
  0.0640052
  0.0278498
  0.0115359
 0.00506627
 0.00360933
    0.01145
   0.129697
   0.743907
   0.983753
   0.999226
   0.999964
   0.999998
          1
          1
          1
          1
          1
          1
          1
          1
          1
          1
          1
          1
          1
          1
   0.999996
    0.99991
   0.997975
   0.956785
   0.502071
   0.050047
 0.00558479
 0.00336949
 0.00644172
  0.0159486
  0.0398701
   0.092832
   0.187825
   0.316159
   0.449942
   0.567145
   0.657722
   0.720116
   0.759233
   0.782076
   0.794549
   0.800767
   0.803264
   0.803263
   0.800764
   0.794549
   0.782073
   0.759235
    0.72012
   0.657729
   0.567156
   0.449945
   0.316197
   0.187839
  0.0928557
  0.0398684
  0.0159536
 0.00644221
 0.00337017
  0.0055862
  0.0499522
   0.502625
   0.956722
   0.997971
    0.99991
   0.999996
          1
          1
          1
          1
          1
          1
          1
          1
          1
          1
          1
          1
          1
          1
   0.999992
   0.999805
   0.995447
   0.903517
   0.293638
  0.0223516
 0.00365524
 0.00360953
 0.00812527
  0.0211315
  0.0543018
    0.12684
    0.24767
   0.391939
   0.525628
     0.6332
   0.709878
   0.758311
   0.785904
   0.800085
   0.806389
   0.808584
   0.809083
   0.809081
   0.808582
   0.806383
   0.800081
   0.785901
   0.758312
   0.709881
   0.633211
   0.525657
   0.391937
   0.247729
   0.126845
  0.0543103
  0.0211375
 0.00812975
 0.00361063
 0.00365275
  0.0223495
   0.293587
   0.903342
   0.995469
   0.999804
   0.999992
          1
          1
          1
          1
          1
          1
          1
          1
          1
          1
          1
          1
          1
   0.999999
   0.999985
   0.999633
   0.991243
   0.823978
   0.168855
  0.0121342
 0.00295372
 0.00403191
 0.00991325
  0.0266952
  0.0700301
   0.162653
   0.304407
    0.45479
   0.582541
   0.679014
   0.743181
   0.780508
   0.799415
   0.807051
    0.80852
   0.807451
    0.80628
   0.806279
   0.807446
   0.808519
   0.807042
   0.799413
   0.780507
   0.743183
   0.679025
   0.582552
   0.454814
    0.30442
   0.162707
   0.070031
  0.0267046
 0.00991442
 0.00403433
 0.00295236
  0.0121228
   0.168883
   0.824139
   0.991197
   0.999636
   0.999985
   0.999999
          1
          1
          1
          1
          1
          1
          1
          1
          1
          1
          1
          1
   0.999999
   0.999976
   0.999411
   0.985585
   0.734316
   0.106231
 0.00795092
 0.00270121
  0.0044774
  0.0115796
  0.0319763
  0.0851272
   0.195569
    0.35102
   0.501298
   0.621697
   0.708619
   0.763195
    0.79252
   0.805209
   0.807987
   0.805712
   0.802013
   0.799474
   0.799473
   0.802009
   0.805705
   0.807981
     0.8052
   0.792518
   0.763194
   0.708625
   0.621716
   0.501295
   0.351084
   0.195588
   0.085141
  0.0319827
  0.0115871
 0.00447662
 0.00270217
 0.00794697
   0.106172
    0.73408
   0.985593
    0.99941
   0.999976
   0.999999
          1
          1
          1
          1
          1
          1
          1
          1
          1
          1
          1
          1
   0.999999
   0.999968
   0.999183
    0.97991
   0.659483
  0.0767845
 0.00613845
 0.00262265
 0.00483791
  0.0128813
  0.0361696
  0.0971867
   0.220546
   0.383462
   0.531217
   0.645784
      0.726
   0.774243
   0.798415
   0.807032
    0.80651
   0.801592
      0.796
   0.792464
   0.792461
   0.795995
   0.801587
     0.8065
   0.807026
    0.79841
   0.774241
   0.726005
   0.645796
   0.531238
   0.383484
   0.220624
  0.0971894
  0.0361875
  0.0128822
 0.00484159
 0.00262169
 0.00613506
  0.0768458
   0.658967
   0.979877
   0.999184
   0.999968
   0.999999
          1
          1
          1
          1
          1
          1
          1
          1
          1
          1
          1
          1
   0.999999
   0.999962
   0.999042
   0.976217
   0.618402
  0.0651098
 0.00543551
 0.00260476
 0.00503925
  0.0135966
  0.0385108
   0.103884
   0.234048
   0.399825
   0.545767
    0.65717
    0.73398
   0.779096
   0.800743
   0.807328
   0.805113
   0.798813
   0.792219
   0.788151
    0.78815
   0.792216
   0.798807
   0.805107
   0.807319
    0.80074
   0.779096
   0.733985
    0.65719
    0.54577
    0.39989
   0.234069
   0.103905
  0.0385247
  0.0136021
 0.00503973
 0.00260536
   0.005431
  0.0650779
   0.618019
   0.976267
   0.999041
   0.999962
   0.999999
          1
          1
          1
          1
          1
          1
          1
          1
          1
          1
          1
          1
   0.999998
   0.999962
   0.999039
    0.97629
   0.618139
  0.0651439
 0.00543584
 0.00260516
 0.00503935
  0.0135974
    0.03851
   0.103898
   0.233997
   0.399881
   0.545753
   0.657174
    0.73398
   0.779098
   0.800742
   0.807327
   0.805113
   0.798811
   0.792217
   0.788149
    0.78815
   0.792213
   0.798808
   0.805104
   0.807322
   0.800739
   0.779098
   0.733988
   0.657192
    0.54577
   0.399903
   0.234076
   0.103903
  0.0385274
  0.0135992
 0.00504286
 0.00260395
 0.00543417
  0.0650865
   0.618248
   0.976216
   0.999041
   0.999962
   0.999998
          1
          1
          1
          1
          1
          1
          1
          1
          1
          1
          1
          1
   0.999999
   0.999967
   0.999188
   0.979858
   0.659689
  0.0768121
 0.00613808
  0.0026233
 0.00483803
  0.0128804
   0.036174
  0.0971794
   0.220606
   0.383428
    0.53125
   0.645788
   0.726002
   0.774241
   0.798414
   0.807031
   0.806504
   0.801588
   0.795993
   0.792458
   0.792458
   0.795992
   0.801583
     0.8065
   0.807024
   0.798413
   0.774245
   0.726013
   0.645813
    0.53126
   0.383491
    0.22063
  0.0972037
   0.036186
   0.012886
 0.00483924
 0.00262383
 0.00613416
  0.0767731
   0.659238
   0.979902
   0.999185
   0.999967
   0.999999
          1
          1
          1
          1
          1
          1
          1
          1
          1
          1
          1
          1
   0.999999
   0.999976
   0.999408
   0.985623
   0.734131
   0.106245
 0.00795081
 0.00270161
 0.00447709
  0.0115825
  0.0319768
  0.0851405
   0.195552
    0.35108
   0.501296
   0.621716
   0.708627
   0.763197
   0.792521
   0.805205
   0.807983
   0.805703
   0.802006
   0.799467
   0.799466
   0.802002
   0.805701
   0.807977
   0.805203
    0.79252
   0.763203
   0.708643
   0.621739
   0.501318
   0.351114
   0.195619
  0.0851513
  0.0319891
  0.0115836
 0.00448056
 0.00270116
  0.0079417
   0.106247
   0.734097
   0.985578
    0.99941
   0.999976
   0.999999
          1
          1
          1
          1
          1
          1
          1
          1
          1
          1
          1
          1
   0.999999
   0.999985
   0.999634
   0.991225
    0.82411
   0.168686
  0.0121365
 0.00295371
 0.00403092
 0.00991674
  0.0266925
  0.0700406
   0.162698
   0.304388
   0.454847
   0.582551
   0.679029
   0.743188
   0.780511
   0.799418
   0.807046
   0.808517
   0.807443
   0.806274
   0.806271
   0.807442
   0.808513
   0.807043
   0.799416
   0.780515
   0.743198
   0.679045
   0.582586
   0.454869
   0.304469
   0.162721
  0.0700476
  0.0267079
  0.0099193
 0.00403233
 0.00295428
   0.012125
   0.168744
   0.823841
    0.99123
   0.999635
   0.999985
   0.999999
          1
          1
          1
          1
          1
          1
          1
          1
          1
          1
          1
          1
          1
   0.999992
   0.999805
   0.995454
   0.903676
    0.29325
  0.0223663
 0.00365037
 0.00361142
 0.00812525
  0.0211372
  0.0543048
   0.126848
   0.247725
    0.39194
   0.525673
   0.633227
   0.709894
   0.758321
   0.785908
   0.800086
   0.806386
    0.80858
   0.809077
   0.809077
   0.808578
   0.806385
   0.800085
   0.785911
   0.758329
   0.709905
   0.633252
   0.525704
   0.391981
   0.247767
   0.126879
   0.054322
  0.0211449
 0.00812689
 0.00361348
 0.00365078
   0.022335
   0.293316
   0.903663
   0.995446
   0.999805
   0.999992
          1
          1
          1
          1
          1
          1
          1
          1
          1
          1
          1
          1
          1
          1
   0.999996
    0.99991
   0.997986
    0.95667
   0.502568
  0.0499277
 0.00559254
 0.00336619
 0.00644704
  0.0159469
  0.0398787
  0.0928617
   0.187828
   0.316226
   0.449957
   0.567176
    0.65775
   0.720135
   0.759248
   0.782085
   0.794555
   0.800771
   0.803266
   0.803266
   0.800769
   0.794556
   0.782085
   0.759254
   0.720146
   0.657772
   0.567204
   0.450001
   0.316259
   0.187889
  0.0928782
   0.039884
  0.0159538
  0.0064486
 0.00336716
 0.00558684
  0.0499197
   0.502627
   0.956611
   0.997982
    0.99991
   0.999996
          1
          1
          1
          1
          1
          1
          1
          1
          1
          1
          1
          1
          1
          1
   0.999998
   0.999964
   0.999224
   0.983815
   0.743705
    0.12983
  0.0114409
 0.00361282
 0.00506283
   0.011539
  0.0278481
  0.0640169
   0.132392
   0.235768
   0.358799
   0.479353
   0.581723
   0.659067
   0.712149
   0.746064
   0.766481
    0.77779
   0.782779
   0.782779
   0.777791
   0.766484
   0.746067
   0.712158
   0.659083
   0.581746
   0.479377
    0.35884
   0.235814
   0.132418
  0.0640258
  0.0278539
   0.011543
 0.00506478
 0.00361185
  0.0114475
   0.129692
   0.743418
    0.98382
   0.999222
   0.999964
   0.999998
          1
          1
          1
          1
          1
          1
          1
          1
          1
          1
          1
          1
          1
          1
   0.999999
   0.999987
   0.999743
    0.99483
   0.906815
   0.338116
  0.0320644
 0.00522217
 0.00420773
 0.00810273
  0.0185575
  0.0417221
  0.0868194
   0.161166
   0.261689
   0.374009
   0.480896
   0.570133
   0.637232
   0.683715
   0.713723
   0.731338
   0.739433
   0.739433
   0.731339
   0.713726
   0.683719
   0.637242
   0.570152
   0.480922
   0.374053
   0.261733
   0.161175
  0.0868441
  0.0417358
  0.0185613
 0.00810473
 0.00420722
  0.0052275
  0.0320057
   0.337882
   0.906897
   0.994819
   0.999742
   0.999987
   0.999999
          1
          1
          1
          1
          1
          1
          1
          1
          1
          1
          1
          1
          1
          1
          1
   0.999996
   0.999925
   0.998568
   0.974129
   0.674233
   0.111906
  0.0119949
 0.00430178
 0.00575633
  0.0118912
  0.0257687
   0.053153
   0.100789
   0.172135
   0.263011
   0.361728
   0.454513
   0.531507
   0.589302
   0.629013
   0.653408
   0.664941
   0.664942
   0.653412
    0.62902
   0.589313
   0.531521
   0.454543
   0.361754
   0.263026
   0.172143
   0.100801
  0.0531681
  0.0257681
   0.011891
 0.00575649
 0.00430525
  0.0119763
   0.112009
   0.674006
   0.974064
   0.998567
   0.999925
   0.999996
          1
          1
          1
          1
          1
          1
          1
          1
          1
          1
          1
          1
          1
          1
          1
          1
   0.999999
   0.999981
   0.999653
    0.99397
   0.906547
   0.374725
  0.0432592
 0.00715149
 0.00465717
  0.0075412
  0.0151847
  0.0305101
  0.0578271
   0.101467
    0.16313
   0.239497
   0.321819
   0.399218
   0.463342
    0.51065
   0.541075
   0.555829
   0.555827
   0.541077
   0.510657
   0.463349
   0.399226
   0.321818
     0.2395
   0.163146
   0.101487
  0.0578582
  0.0305042
  0.0151867
  0.0075467
 0.00465878
 0.00714402
  0.0433363
   0.374351
   0.906274
   0.993984
   0.999653
    0.99998
   0.999999
          1
          1
          1
          1
          1
          1
          1
          1
          1
          1
          1
          1
          1
          1
          1
          1
          1
   0.999996
   0.999925
   0.998783
   0.980845
   0.770084
    0.19335
  0.0229122
 0.00586788
 0.00525087
 0.00877419
  0.0165835
   0.030747
  0.0539321
  0.0886548
   0.135796
   0.193245
   0.255203
   0.313717
    0.36171
   0.394946
   0.411756
   0.411756
   0.394942
   0.361707
    0.31374
   0.255218
   0.193265
   0.135812
  0.0886641
  0.0539539
  0.0307411
  0.0165833
 0.00877837
 0.00525459
 0.00585892
  0.0229506
   0.193102
   0.769982
    0.98097
   0.998775
   0.999925
   0.999996
          1
          1
          1
          1
          1
          1
          1
          1
          1
          1
          1
          1
          1
          1
          1
          1
          1
          1
   0.999999
   0.999985
   0.999778
   0.996719
   0.954827
   0.609755
   0.116385
  0.0163206
 0.00558127
  0.0055395
 0.00883595
  0.0154152
  0.0263665
  0.0429724
  0.0663413
  0.0966585
   0.132496
   0.170266
   0.204894
   0.231187
   0.245331
   0.245325
   0.231192
   0.204899
   0.170275
     0.1325
  0.0966664
  0.0663326
  0.0429756
  0.0263559
  0.0154219
 0.00883787
 0.00554372
 0.00557386
  0.0163313
   0.116325
   0.610029
   0.954989
     0.9967
   0.999778
   0.999985
   0.999999
          1
          1
          1
          1
          1
          1
          1
          1
          1
          1
          1
          1
          1
          1
          1
          1
          1
          1
          1
   0.999997
   0.999963
   0.999491
   0.993313
   0.921341
   0.497201
  0.0892956
  0.0146767
 0.00558363
 0.00530478
 0.00769479
  0.0122436
  0.0192701
     0.0291
  0.0419211
    0.05736
  0.0742688
  0.0905445
   0.103556
   0.110811
   0.110818
   0.103542
  0.0905394
  0.0742652
   0.057361
  0.0419162
  0.0291096
   0.019265
  0.0122552
 0.00769602
  0.0053073
 0.00557365
  0.0146772
  0.0892544
   0.497446
   0.921099
   0.993287
   0.999491
   0.999963
   0.999997
          1
          1
          1
          1
          1
          1
          1
          1
          1
          1
          1
          1
          1
          1
          1
          1
          1
          1
          1
          1
          1
   0.999994
   0.999929
   0.999118
   0.989726
   0.896444
   0.457895
  0.0883798
  0.0160867
 0.00584034
 0.00472778
 0.00593177
 0.00844458
  0.0121256
  0.0168684
  0.0224823
   0.028519
  0.0342929
  0.0388879
  0.0414657
  0.0414609
  0.0388943
  0.0342886
  0.0285251
  0.0224813
  0.0168749
  0.0121231
 0.00845276
  0.0059293
  0.0047299
 0.00583298
  0.0161002
  0.0884547
   0.457675
   0.896215
   0.989738
   0.999121
   0.999929
   0.999994
          1
          1
          1
          1
          1
          1
          1
          1
          1
          1
          1
          1
          1
          1
          1
          1
          1
          1
          1
          1
          1
          1
   0.999999
   0.999991
   0.999894
   0.998834
   0.988055
   0.895315
    0.49158
   0.113017
  0.0221466
  0.0070051
 0.00433336
 0.00433853
 0.00530007
 0.00681497
 0.00865143
  0.0106141
  0.0124388
  0.0138809
   0.014666
  0.0146735
  0.0138743
  0.0124465
  0.0106081
 0.00865529
 0.00681073
 0.00530646
 0.00433249
 0.00433877
 0.00699721
  0.0221622
   0.112943
   0.491076
   0.894903
   0.988058
   0.998838
   0.999894
   0.999991
   0.999999
          1
          1
          1
          1
          1
          1
          1
          1
          1
          1
          1
          1
          1
          1
          1
          1
          1
          1
          1
          1
          1
          1
          1
   0.999999
   0.999988
   0.999878
   0.998821
   0.989499
   0.918521
   0.598506
    0.18449
    0.04079
   0.011431
 0.00510015
 0.00363871
  0.0034747
 0.00378747
 0.00426831
 0.00477615
 0.00517346
 0.00540509
 0.00539802
 0.00518001
 0.00476992
 0.00427505
 0.00378238
  0.0034799
 0.00363293
 0.00511364
  0.0114142
  0.0408925
    0.18423
   0.598771
   0.918496
   0.989485
    0.99882
   0.999877
   0.999988
   0.999999
          1
          1
          1
          1
          1
          1
          1
          1
          1
          1
          1
          1
          1
          1
          1
          1
          1
          1
          1
          1
          1
          1
          1
          1
          1
   0.999999
   0.999988
   0.999892
    0.99909
      0.993
   0.952382
   0.757231
   0.356717
   0.103633
  0.0295538
  0.0106264
 0.00531158
 0.00356258
 0.00295575
  0.0027437
 0.00269625
 0.00268402
 0.00269027
   0.002691
 0.00275051
 0.00294805
 0.00356916
 0.00529949
  0.0106536
  0.0294581
   0.103924
   0.355991
   0.757692
   0.952304
   0.993013
   0.999085
   0.999891
   0.999988
   0.999999
          1
          1
          1
          1
          1
          1
          1
          1
          1
          1
          1
          1
          1
          1
          1
          1
          1
          1
          1
          1
          1
          1
          1
          1
          1
          1
          1
   0.999999
   0.999991
   0.999926
   0.999468
   0.996491
   0.979411
   0.898074
   0.652837
   0.313667
   0.117109
  0.0444666
   0.019944
  0.0108745
 0.00723045
 0.00561155
 0.00500688
 0.00498949
 0.00562705
  0.0072064
  0.0109168
  0.0198753
  0.0445517
   0.116841
   0.314398
   0.651462
   0.898869
   0.979297
   0.996505
   0.999462
   0.999926
   0.999991
   0.999999
          1
          1
          1
          1
          1
          1
          1
          1
          1
          1
          1
          1
          1
          1
          1
          1
          1
          1
          1
          1
          1
          1
          1
          1
          1
          1
          1
          1
          1
   0.999999
   0.999994
   0.999961
   0.999762
   0.998669
   0.993422
   0.971134
   0.896452
   0.717714
   0.467339
   0.262585
   0.148458
  0.0919856
  0.0664192
  0.0559334
  0.0561851
  0.0661772
  0.0923807
   0.147757
   0.263437
   0.466485
   0.718357
   0.895819
   0.971418
   0.993365
   0.998683
   0.999759
   0.999961
   0.999994
   0.999999
          1
          1
          1
          1
          1
          1
          1
          1
          1
          1
          1
          1
          1
          1
          1
          1
          1
          1
          1
          1
          1
          1
          1
          1
          1
          1
          1
          1
          1
          1
          1
          1
   0.999997
   0.999984
   0.999918
   0.999616
   0.998425
    0.99416
   0.981505
   0.950099
   0.889361
   0.798212
   0.700775
   0.619149
    0.57671
   0.575151
   0.620425
   0.699337
   0.799513
   0.888642
   0.950264
   0.981426
   0.994214
   0.998404
   0.999622
   0.999918
   0.999984
   0.999997
          1
          1
          1
          1
          1
          1
          1
          1
          1
          1
          1
          1
          1
          1
          1
          1
          1
          1
          1
          1
          1
          1
          1
          1
          1
          1
          1
          1
          1
          1
          1
          1
          1
          1
          1
   0.999999
   0.999995
   0.999979
   0.999916
    0.99971
   0.999115
    0.99766
   0.994659
   0.989733
   0.982917
   0.976244
   0.971638
   0.971843
   0.976076
    0.98305
    0.98963
   0.994704
   0.997655
   0.999119
   0.999708
   0.999917
   0.999979
   0.999995
   0.999999
          1
          1
          1
          1
          1
          1
          1
          1
          1
          1
          1
          1
          1
          1
          1
          1
          1
          1
          1
          1
          1
          1
          1
          1
          1
          1
          1
          1
          1
          1
          1
          1
          1
          1
          1
          1
          1
          1
   0.999999
   0.999996
   0.999986
   0.999959
   0.999895
   0.999772
   0.999567
   0.999301
   0.999024
   0.998855
   0.998845
    0.99903
   0.999296
   0.999569
   0.999771
   0.999895
   0.999958
   0.999986
   0.999996
   0.999999
          1
          1
          1
          1
          1
          1
          1
          1
          1
          1
          1
          1
          1
          1
          1
          1
          1
          1
          1
          1
          1
          1
          1
          1
          1
          1
          1
          1
          1
          1
          1
          1
          1
          1
          1
          1
          1
          1
          1
          1
          1
          1
   0.999999
   0.999998
   0.999995
    0.99999
   0.999982
   0.999971
   0.999961
   0.999954
   0.999954
   0.999961
   0.999971
   0.999982
    0.99999
   0.999995
   0.999998
   0.999999
          1
          1
          1
          1
          1
          1
          1
          1
          1
          1
          1
          1
          1
          1
          1
          1
          1
          1
          1
          1
          1
          1
          1
          1
          1
          1
          1
          1
          1
          1
          1
          1
          1
          1
          1
          1
          1
          1
          1
          1
          1
          1
          1
          1
          1
          1
          1
          1
   0.999999
   0.999999
   0.999998
   0.999998
   0.999998
   0.999998
   0.999999
   0.999999
          1
          1
          1
          1
          1
          1
          1
          1
          1
          1
          1
          1
          1
          1
          1
          1
          1
          1
          1
          1
          1
          1
          1
          1
          1
          1
          1
          1
          1
          1
          1
          1
          1
          1
          1
          1
          1
          1
          1
          1
          1
          1
          1
          1
          1
          1
          1
          1
          1
          1
          1
          1
          1
          1
          1
          1
          1
          1
          1
          1
          1
          1
          1
          1
          1
          1
          1
          1
          1
          1
          1
          1
          1
          1
          1
          1
          1
          1
          1
          1
          1
          1
          1
          1
          1
          1
          1
          1
          1
          1
          1
          1
          1
          1
          1
          1
          1
          1
          1
          1
          1
          1
          1
          1
          1
          1
          1
          1
          1
          1
          1
          1
          1
          1
          1
          1
          1
          1
          1
          1
          1
          1
          1
          1
          1
          1
          1
          1
          1
          1
          1
          1
          1
          1
          1
          1
          1
          1
          1
          1
          1
          1
          1
          1
          1
          1
          1
          1
          1
          1
          1
          1
          1
          1
          1
          1
          1
          1
          1
          1
          1
          1
          1
          1
          1
          1
          1
          1
          1
          1
          1
          1
          1
          1
          1
          1
          1
          1
          1
          1
          1
          1
          1
          1
          1
          1
          1
          1
          1
          1
          1
          1
          1
          1
          1
          1
          1
          1
          1
          1
          1
          1
          1
          1
          1
          1
          1
          1
          1
          1
          1
          1
          1
          1
          1
          1
          1
          1
          1
          1
          1
          1
          1
          1
          1
          1
          1
          1
          1
          1
          1
          1
          1
          1
          1
          1
          1
          1
          1
          1
          1
          1
          1
          1
          1
          1
          1
          1
          1
          1
          1
          1
          1
          1
          1
          1
          1
          1
          1
          1
          1
          1
          1
          1
          1
          1
          1
          1
          1
          1
          1
          1
          1
          1
          1
          1
          1
          1
          1
          1
          1
          1
          1
          1
          1
          1
          1
          1
          1
          1
          1
          1
          1
          1
          1
          1
          1
          1
          1
          1
          1
          1
          1
          1
          1
          1
          1
          1
          1
          1
          1
          1
          1
          1
          1
          1
          1
          1
          1
          1
          1
          1
          1
          1
          1
          1
          1
          1
          1
          1
          1
          1
          1
          1
          1
          1
          1
          1
          1
          1
          1
          1
          1
          1
          1
          1
          1
          1
          1
          1
          1
          1
          1
          1
          1
          1
          1
          1
          1
          1
          1
          1
          1
          1
          1
          1
          1
          1
          1
          1
          1
          1
          1
          1
          1
          1
          1
          1
          1
          1
          1
          1
          1
          1
          1
          1
          1
          1
          1
          1
          1
          1
          1
          1
          1
          1
          1
          1
          1
          1
          1
          1
          1
          1
          1
          1
          1
          1
          1
          1
          1
          1
          1
          1
          1
          1
          1
          1
          1
          1
          1
          1
          1
          1
          1
          1
          1
          1
          1
          1
          1
          1
          1
          1
          1
          1
          1
          1
          1
          1
          1
          1
          1
          1
          1
          1
          1
          1
          1
          1
          1
          1
          1
          1
          1
          1
          1
          1
          1
          1
          1
          1
          1
          1
          1
          1
          1
          1
          1
          1
          1
          1
          1
          1
          1
          1
          1
          1
          1
          1
          1
          1
          1
          1
          1
          1
          1
          1
          1
          1
          1
          1
          1
          1
          1
          1
          1
          1
          1
          1
          1
          1
          1
          1
          1
          1
          1
          1
          1
          1
          1
          1
          1
          1
          1
          1
          1
          1
          1
          1
          1
          1
          1
          1
          1
          1
          1
          1
          1
          1
          1
          1
          1
          1
          1
          1
          1
          1
          1
          1
          1
          1
          1
          1
          1
          1
          1
          1
          1
          1
          1
          1
          1
          1
          1
          1
          1
          1
          1
          1
          1
          1
          1
          1
          1
          1
          1
          1
          1
          1
          1
          1
          1
          1
          1
          1
          1
          1
          1
          1
          1
          1
          1
          1
          1
          1
          1
          1
          1
          1
          1
          1
          1
          1
          1
          1
          1
          1
          1
          1
          1
          1
          1
          1
          1
          1
          1
          1
          1
          1
          1
          1
          1
          1
          1
          1
          1
          1
          1
          1
          1
          1
          1
          1
          1
          1
          1
          1
          1
          1
          1
          1
          1
          1
          1
          1
          1
          1
          1
          1
          1
          1
          1
          1
          1
          1
          1
          1
          1
          1
          1
          1
          1
          1
          1
          1
          1
          1
          1
          1
          1
          1
          1
          1
          1
          1
          1
          1
          1
          1
          1
          1
          1
          1
          1
          1
          1
          1
          1
          1
          1
          1
          1
          1
          1
          1
          1
          1
          1
          1
          1
          1
          1
          1
          1
          1
          1
          1
          1
          1
          1
          1
          1
          1
          1
          1
          1
          1
          1
          1
          1
          1
          1
          1
          1
          1
          1
          1
          1
          1
          1
          1
          1
          1
          1
          1
          1
          1
          1
          1
          1
          1
          1
          1
          1
          1
          1
          1
          1
          1
          1
          1
          1
          1
          1
          1
          1
          1
          1
          1
          1
          1
          1
          1
          1
          1
          1
          1
          1
          1
          1
          1
          1
          1
          1
          1
          1
          1
          1
          1
          1
   0.999999
   0.999998
   0.999997
   0.999996
   0.999996
   0.999996
   0.999997
   0.999997
   0.999998
   0.999999
          1
          1
          1
          1
          1
          1
          1
          1
          1
          1
          1
          1
          1
          1
          1
          1
          1
          1
          1
          1
          1
          1
          1
          1
          1
          1
          1
          1
          1
          1
          1
          1
          1
          1
          1
          1
          1
          1
          1
          1
          1
          1
          1
          1
          1
          1
          1
   0.999998
   0.999996
   0.999989
   0.999977
   0.999958
   0.999933
   0.999909
   0.999892
   0.999892
   0.999909
   0.999933
   0.999958
   0.999977
   0.999989
   0.999996
   0.999998
          1
          1
          1
          1
          1
          1
          1
          1
          1
          1
          1
          1
          1
          1
          1
          1
          1
          1
          1
          1
          1
          1
          1
          1
          1
          1
          1
          1
          1
          1
          1
          1
          1
          1
          1
          1
          1
          1
          1
          1
          1
   0.999999
   0.999997
    0.99999
   0.999967
   0.999901
   0.999748
   0.999442
   0.998939
   0.998269
    0.99759
   0.997149
   0.997147
   0.997594
   0.998269
   0.998938
   0.999442
   0.999748
   0.999902
   0.999967
    0.99999
   0.999997
   0.999999
          1
          1
          1
          1
          1
          1
          1
          1
          1
          1
          1
          1
          1
          1
          1
          1
          1
          1
          1
          1
          1
          1
          1
          1
          1
          1
          1
          1
          1
          1
          1
          1
          1
          1
          1
          1
          1
   0.999998
   0.999989
   0.999949
   0.999798
   0.999281
   0.997784
   0.994054
   0.986366
   0.973527
   0.956437
   0.939469
    0.92852
   0.928724
   0.939366
    0.95649
   0.973504
   0.986394
   0.994061
   0.997788
   0.999284
   0.999798
   0.999949
   0.999989
   0.999998
          1
          1
          1
          1
          1
          1
          1
          1
          1
          1
          1
          1
          1
          1
          1
          1
          1
          1
          1
          1
          1
          1
          1
          1
          1
          1
          1
          1
          1
          1
          1
          1
          1
          1
   0.999999
   0.999994
   0.999963
   0.999801
   0.999057
   0.995969
   0.985049
   0.952502
   0.876196
   0.746178
   0.589829
   0.456358
   0.368175
   0.327292
    0.32661
   0.368604
   0.455765
   0.590058
   0.745853
   0.876697
   0.952489
   0.985089
   0.995969
   0.999055
   0.999802
   0.999962
   0.999994
   0.999999
          1
          1
          1
          1
          1
          1
          1
          1
          1
          1
          1
          1
          1
          1
          1
          1
          1
          1
          1
          1
          1
          1
          1
          1
          1
          1
          1
          1
          1
          1
          1
   0.999998
   0.999986
   0.999907
   0.999406
   0.996644
   0.982923
   0.926616
   0.759446
    0.47724
    0.23729
   0.111645
  0.0578873
  0.0347742
  0.0248356
  0.0209567
  0.0209927
  0.0247944
  0.0348335
  0.0577939
   0.111932
   0.236901
   0.477858
   0.758947
   0.926685
   0.982892
   0.996631
   0.999409
   0.999906
   0.999986
   0.999998
          1
          1
          1
          1
          1
          1
          1
          1
          1
          1
          1
          1
          1
          1
          1
          1
          1
          1
          1
          1
          1
          1
          1
          1
          1
          1
          1
          1
          1
   0.999997
   0.999977
   0.999821
   0.998658
   0.991013
   0.946936
   0.763958
   0.401323
     0.1392
  0.0452149
  0.0169592
 0.00800571
 0.00473012
 0.00340188
 0.00281495
 0.00259382
   0.002591
 0.00281775
 0.00339745
 0.00473597
 0.00799353
  0.0170166
   0.045131
   0.139486
   0.400788
   0.764134
   0.946896
   0.990979
   0.998661
   0.999818
   0.999978
   0.999997
          1
          1
          1
          1
          1
          1
          1
          1
          1
          1
          1
          1
          1
          1
          1
          1
          1
          1
          1
          1
          1
          1
          1
          1
          1
          1
          1
   0.999997
   0.999971
   0.999734
   0.997695
    0.98194
   0.881081
   0.529506
   0.164536
  0.0401746
   0.011783
 0.00489402
   0.002971
 0.00238145
 0.00224848
 0.00226931
 0.00233379
 0.00237669
 0.00237749
 0.00233206
 0.00227024
  0.0022461
 0.00238362
 0.00296537
 0.00490278
  0.0117672
   0.040216
    0.16431
    0.52933
   0.881169
   0.981866
   0.997711
   0.999731
   0.999971
   0.999997
          1
          1
          1
          1
          1
          1
          1
          1
          1
          1
          1
          1
          1
          1
          1
          1
          1
          1
          1
          1
          1
          1
          1
          1
          1
   0.999997
   0.999971
   0.999698
   0.996982
   0.972794
   0.805649
   0.348328
  0.0750949
  0.0162379
 0.00543909
 0.00319152
 0.00287002
 0.00315992
  0.0037182
 0.00436787
 0.00499687
 0.00548695
 0.00575936
 0.00575796
 0.00548824
 0.00499536
 0.00436988
 0.00371657
 0.00316291
 0.00286836
 0.00319508
 0.00543686
  0.0162414
  0.0750655
   0.348139
    0.80573
   0.972639
   0.997021
   0.999694
   0.999971
   0.999997
          1
          1
          1
          1
          1
          1
          1
          1
          1
          1
          1
          1
          1
          1
          1
          1
          1
          1
          1
          1
          1
          1
          1
   0.999998
   0.999977
   0.999738
   0.997004
    0.96904
   0.757535
   0.256782
  0.0445874
 0.00956317
 0.00408656
 0.00343462
 0.00410976
 0.00546669
 0.00732899
 0.00952972
  0.0118843
     0.0141
  0.0158568
  0.0168265
  0.0168293
  0.0158527
  0.0141017
  0.0118804
  0.0095327
 0.00732707
 0.00547083
  0.0041092
 0.00343586
 0.00408782
 0.00956628
  0.0446014
   0.256819
   0.757433
   0.968837
   0.997043
   0.999734
   0.999978
   0.999998
          1
          1
          1
          1
          1
          1
          1
          1
          1
          1
          1
          1
          1
          1
          1
          1
          1
          1
          1
          1
          1
   0.999999
   0.999987
   0.999825
   0.997746
   0.973281
   0.759502
   0.231645
  0.0347927
 0.00747226
 0.00393788
 0.00425997
 0.00610126
 0.00919633
  0.0136076
  0.0193495
  0.0262739
  0.0338742
  0.0412849
  0.0472736
  0.0506592
  0.0506489
  0.0472813
  0.0412801
  0.0338807
  0.0262719
  0.0193561
  0.0136065
 0.00919929
 0.00610146
 0.00425946
 0.00393869
  0.0074693
  0.0347835
   0.231634
   0.759315
   0.973112
   0.997773
   0.999824
   0.999987
   0.999999
          1
          1
          1
          1
          1
          1
          1
          1
          1
          1
          1
          1
          1
          1
          1
          1
          1
          1
          1
          1
   0.999994
   0.999912
   0.998716
   0.982629
   0.810882
   0.261052
  0.0351296
 0.00699498
 0.00402879
  0.0050663
 0.00821614
  0.0137065
  0.0221706
  0.0342555
  0.0503752
  0.0702019
  0.0922904
   0.113734
   0.130945
   0.140529
   0.140556
    0.13094
   0.113754
   0.092288
  0.0702244
    0.05038
  0.0342676
  0.0221676
  0.0137101
 0.00821956
 0.00506557
 0.00402992
 0.00698972
  0.0351283
    0.26119
   0.811108
   0.982564
   0.998734
   0.999911
   0.999994
          1
          1
          1
          1
          1
          1
          1
          1
          1
          1
          1
          1
          1
          1
          1
          1
          1
          1
          1
   0.999998
   0.999966
   0.999452
    0.99157
   0.886849
    0.35874
  0.0459279
 0.00755422
 0.00401877
 0.00537423
 0.00957141
  0.0174965
   0.030767
  0.0512973
   0.080699
   0.119261
    0.16482
   0.212072
   0.254355
   0.285602
   0.302089
   0.302062
    0.28563
   0.254353
   0.212114
   0.164831
   0.119297
  0.0807043
  0.0513124
  0.0307662
  0.0174969
 0.00957598
 0.00537472
 0.00402068
  0.0075463
  0.0458862
   0.358625
   0.887026
   0.991534
   0.999455
   0.999966
   0.999998
          1
          1
          1
          1
          1
          1
          1
          1
          1
          1
          1
          1
          1
          1
          1
          1
          1
   0.999999
    0.99999
   0.999819
   0.996929
    0.95073
   0.547609
   0.079146
 0.00984458
 0.00392317
 0.00500055
 0.00949442
  0.0188936
  0.0361001
  0.0647422
      0.108
   0.166484
   0.236231
   0.308397
   0.373202
   0.423766
   0.457487
    0.47413
   0.474153
   0.457478
   0.423793
   0.373213
   0.308452
   0.236244
   0.166531
   0.108016
  0.0647609
  0.0361004
    0.01889
 0.00950031
 0.00500073
 0.00392453
 0.00983482
   0.079139
   0.547093
   0.950999
   0.996916
   0.999819
    0.99999
   0.999999
          1
          1
          1
          1
          1
          1
          1
          1
          1
          1
          1
          1
          1
          1
          1
          1
   0.999998
   0.999954
   0.999146
   0.984591
   0.780621
   0.175972
  0.0171702
 0.00411384
 0.00416992
 0.00803144
  0.0172179
  0.0358164
  0.0694929
   0.123419
   0.198344
   0.287794
   0.379155
   0.460059
   0.523587
   0.568628
   0.596842
   0.610345
    0.61034
   0.596859
   0.568631
   0.523622
   0.460083
   0.379199
   0.287811
   0.198383
    0.12344
  0.0695164
   0.035813
  0.0172157
  0.0080361
 0.00416998
 0.00411319
  0.0171597
   0.175957
   0.780278
   0.984647
   0.999142
   0.999954
   0.999998
          1
          1
          1
          1
          1
          1
          1
          1
          1
          1
          1
          1
          1
          1
          1
          1
   0.999991
   0.999819
   0.996413
   0.934064
    0.42659
  0.0436535
 0.00563237
 0.00336699
 0.00589293
  0.0132872
   0.030049
  0.0637607
   0.122597
    0.20866
   0.313305
   0.420407
   0.515021
   0.589252
   0.642468
   0.677771
   0.698933
   0.708783
   0.708788
   0.698935
   0.677783
    0.64248
   0.589283
   0.515043
   0.420457
   0.313329
   0.208683
   0.122618
  0.0637833
  0.0300482
   0.013286
 0.00589696
  0.0033651
 0.00562914
  0.0436272
   0.426491
    0.93398
   0.996421
   0.999819
   0.999991
          1
          1
          1
          1
          1
          1
          1
          1
          1
          1
          1
          1
          1
          1
          1
   0.999999
    0.99997
    0.99937
   0.986811
   0.782417
   0.153668
  0.0127316
   0.003203
 0.00395086
 0.00879989
  0.0213287
  0.0497456
   0.105782
   0.196099
   0.311882
   0.433001
   0.541084
   0.625895
   0.686014
   0.725529
   0.749952
   0.763797
   0.770018
   0.770018
   0.763802
   0.749952
    0.72554
   0.686027
    0.62592
   0.541102
   0.433056
   0.311907
   0.196126
   0.105801
  0.0497559
  0.0213301
 0.00880076
 0.00395239
 0.00320065
  0.0127278
   0.153547
   0.782304
   0.986826
    0.99937
    0.99997
   0.999999
          1
          1
          1
          1
          1
          1
          1
          1
          1
          1
          1
          1
          1
          1
   0.999996
   0.999914
   0.998072
    0.95867
   0.512557
  0.0507049
 0.00518575
 0.00279551
 0.00519335
  0.0129266
  0.0327298
  0.0778238
   0.162447
   0.283669
   0.417334
    0.53953
   0.636718
   0.705163
   0.748941
   0.775103
   0.789833
   0.797464
    0.80065
   0.800651
   0.797466
   0.789837
   0.775106
    0.74895
   0.705174
   0.636744
   0.539554
   0.417386
   0.283703
    0.16248
   0.077845
  0.0327333
  0.0129286
 0.00519513
 0.00279481
 0.00518779
  0.0506623
   0.512171
   0.958757
   0.998065
   0.999915
   0.999996
          1
          1
          1
          1
          1
          1
          1
          1
          1
          1
          1
          1
          1
          1
   0.999991
   0.999782
   0.994916
   0.892411
   0.265696
  0.0190945
 0.00304947
 0.00301961
 0.00690238
   0.018254
  0.0478441
   0.114553
    0.22999
   0.373206
    0.51041
   0.623017
   0.703936
   0.755204
   0.784606
   0.799975
   0.807068
   0.809758
   0.810496
   0.810495
   0.809758
   0.807069
   0.799977
    0.78461
    0.75521
   0.703947
   0.623048
   0.510449
    0.37325
    0.23003
   0.114585
  0.0478478
  0.0182581
 0.00690575
 0.00302023
 0.00304808
  0.0190832
   0.265537
   0.892341
   0.994921
   0.999783
   0.999991
          1
          1
          1
          1
          1
          1
          1
          1
          1
          1
          1
          1
          1
   0.999999
   0.999981
   0.999524
    0.98846
    0.77645
   0.128625
 0.00891063
 0.00237776
 0.00351011
 0.00891888
   0.024647
  0.0663573
   0.157885
   0.300124
   0.452579
   0.583489
   0.682235
   0.746881
   0.783756
   0.802024
   0.809053
   0.809992
   0.808497
   0.807085
   0.807084
   0.808495
   0.809991
   0.809051
   0.802025
   0.783759
   0.746889
   0.682255
   0.583522
   0.452621
   0.300161
   0.157927
  0.0663792
  0.0246492
 0.00892222
 0.00351196
 0.00237711
 0.00890445
   0.128468
   0.777017
   0.988407
   0.999529
   0.999981
   0.999999
          1
          1
          1
          1
          1
          1
          1
          1
          1
          1
          1
          1
   0.999999
   0.999964
   0.999103
   0.977692
   0.632089
  0.0673977
 0.00519166
  0.0021943
   0.004094
  0.0110651
   0.031628
  0.0868936
   0.202995
   0.363248
   0.515061
   0.635973
     0.7212
   0.772484
   0.798508
   0.808398
   0.808791
   0.804475
   0.799204
   0.795789
   0.795788
     0.7992
   0.804472
   0.808788
   0.808393
   0.798508
   0.772488
   0.721213
   0.635996
   0.515096
   0.363293
   0.203043
  0.0869155
  0.0316349
    0.01107
 0.00409371
 0.00219541
 0.00518825
  0.0673421
   0.631991
   0.977729
   0.999104
   0.999965
   0.999999
          1
          1
          1
          1
          1
          1
          1
          1
          1
          1
          1
          1
   0.999998
   0.999944
   0.998542
   0.963466
   0.501257
   0.040786
 0.00366172
 0.00218651
 0.00465701
  0.0130814
   0.038389
    0.10683
   0.243406
   0.412753
   0.559417
   0.670847
   0.745283
   0.786818
   0.805118
   0.808789
   0.803896
    0.79513
   0.786532
   0.781326
   0.781322
   0.786532
   0.795125
   0.803891
   0.808785
   0.805117
   0.786819
   0.745293
    0.67087
   0.559456
   0.412789
    0.24348
   0.106857
  0.0383957
  0.0130856
 0.00465937
 0.00218635
 0.00365971
  0.0407164
    0.50154
   0.963324
   0.998557
   0.999944
   0.999998
          1
          1
          1
          1
          1
          1
          1
          1
          1
          1
          1
          1
   0.999997
   0.999924
   0.997996
   0.949066
    0.41255
  0.0290648
 0.00299943
 0.00222879
  0.0051003
  0.0146667
  0.0438432
    0.12278
   0.273448
   0.445811
   0.587258
   0.691782
   0.758923
   0.794171
   0.807452
   0.806865
   0.798144
    0.78603
   0.774891
     0.7683
   0.768301
   0.774886
   0.786029
   0.798141
    0.80686
   0.807449
   0.794173
   0.758933
   0.691802
     0.5873
   0.445855
   0.273504
   0.122824
  0.0438546
  0.0146739
 0.00510042
 0.00223009
 0.00299703
  0.0290096
   0.412387
   0.949127
   0.997999
   0.999924
   0.999997
          1
          1
          1
          1
          1
          1
          1
          1
          1
          1
          1
          1
   0.999997
   0.999912
   0.997627
   0.940276
   0.369246
  0.0245965
 0.00274107
 0.00226343
 0.00534317
  0.0155457
  0.0469035
   0.131697
   0.289248
   0.462184
   0.600587
   0.701526
   0.765036
   0.797208
   0.807989
   0.805207
   0.794449
   0.780519
   0.767986
   0.760641
   0.760638
   0.767987
   0.780516
   0.794446
   0.805205
   0.807986
    0.79721
   0.765048
   0.701547
   0.600623
   0.462233
   0.289331
   0.131732
  0.0469152
   0.015552
 0.00534556
 0.00226306
 0.00274159
  0.0245434
   0.369567
   0.940054
   0.997642
   0.999912
   0.999997
          1
          1
          1
          1
          1
          1
          1
          1
          1
          1
          1
          1
   0.999997
   0.999911
   0.997639
   0.940057
   0.369543
  0.0245724
 0.00274164
 0.00226355
 0.00534367
  0.0155452
  0.0469103
   0.131673
   0.289292
   0.462179
   0.600582
   0.701531
   0.765038
   0.797208
    0.80799
   0.805208
   0.794448
   0.780518
   0.767986
   0.760637
   0.760638
   0.767984
   0.780515
   0.794445
   0.805204
   0.807988
   0.797211
   0.765051
   0.701555
   0.600629
   0.462223
   0.289351
    0.13173
  0.0469205
  0.0155529
  0.0053438
 0.00226471
 0.00273968
  0.0245361
   0.369565
    0.94013
   0.997642
   0.999912
   0.999997
          1
          1
          1
          1
          1
          1
          1
          1
          1
          1
          1
          1
   0.999997
   0.999924
   0.997989
   0.949198
   0.412057
   0.029067
   0.002998
 0.00222893
 0.00510015
  0.0146686
  0.0438432
    0.12281
   0.273424
   0.445836
   0.587273
   0.691782
   0.758925
   0.794173
   0.807452
   0.806861
   0.798139
   0.786026
   0.774884
   0.768297
   0.768295
   0.774884
   0.786024
   0.798137
   0.806861
   0.807451
   0.794178
   0.758942
   0.691812
   0.587317
   0.445893
   0.273515
   0.122841
  0.0438561
  0.0146748
 0.00510225
 0.00222885
 0.00299838
  0.0290133
   0.412514
   0.949067
   0.997997
   0.999925
   0.999997
          1
          1
          1
          1
          1
          1
          1
          1
          1
          1
          1
          1
   0.999998
   0.999944
    0.99855
   0.963345
   0.501564
  0.0407627
 0.00366193
 0.00218664
 0.00465744
  0.0130808
  0.0383941
    0.10683
    0.24346
   0.412753
    0.55943
   0.670865
   0.745288
   0.786821
    0.80512
   0.808787
   0.803889
   0.795122
   0.786526
   0.781318
   0.781318
   0.786524
    0.79512
   0.803888
   0.808785
   0.805123
   0.786829
    0.74531
   0.670895
   0.559489
   0.412808
   0.243531
   0.106869
  0.0384076
  0.0130872
 0.00465759
 0.00218834
 0.00365998
  0.0406997
   0.501509
   0.963372
   0.998554
   0.999944
   0.999998
          1
          1
          1
          1
          1
          1
          1
          1
          1
          1
          1
          1
   0.999999
   0.999964
   0.999101
   0.977723
   0.631641
  0.0674146
 0.00518913
 0.00219407
 0.00409445
  0.0110667
  0.0316312
  0.0869147
   0.202999
   0.363302
   0.515088
   0.635986
   0.721215
   0.772493
   0.798512
   0.808399
   0.808789
   0.804469
   0.799195
   0.795781
   0.795781
   0.799194
   0.804469
   0.808786
     0.8084
   0.798518
   0.772505
   0.721239
   0.636028
   0.515136
   0.363364
   0.203082
  0.0869387
  0.0316406
  0.0110725
 0.00409566
 0.00219439
 0.00518816
  0.0672585
   0.632213
   0.977644
   0.999108
   0.999965
   0.999999
          1
          1
          1
          1
          1
          1
          1
          1
          1
          1
          1
          1
   0.999999
   0.999981
   0.999524
   0.988441
   0.776662
   0.128637
 0.00890542
 0.00237881
 0.00350951
 0.00892265
   0.024647
  0.0663758
   0.157935
   0.300143
   0.452627
   0.583532
   0.682257
   0.746898
   0.783769
   0.802032
   0.809057
   0.809992
   0.808494
   0.807081
    0.80708
   0.808494
   0.809991
   0.809058
   0.802035
   0.783778
   0.746914
   0.682291
    0.58357
   0.452695
   0.300203
   0.157975
  0.0663929
  0.0246624
  0.0089238
  0.0035108
 0.00237916
 0.00890325
   0.128427
   0.776566
   0.988468
   0.999526
   0.999981
   0.999999
          1
          1
          1
          1
          1
          1
          1
          1
          1
          1
          1
          1
          1
   0.999991
   0.999783
   0.994912
   0.892545
   0.265459
  0.0190972
 0.00304662
 0.00302174
 0.00690046
  0.0182638
  0.0478542
   0.114577
   0.230052
    0.37324
   0.510452
   0.623065
   0.703965
   0.755227
   0.784623
   0.799988
   0.807078
   0.809765
   0.810499
     0.8105
   0.809764
   0.807079
    0.79999
    0.78463
    0.75524
   0.703988
   0.623099
   0.510511
   0.373297
     0.2301
   0.114627
  0.0478709
  0.0182623
 0.00690672
  0.0030227
 0.00304602
  0.0190982
   0.265284
   0.892674
   0.994909
   0.999784
   0.999991
          1
          1
          1
          1
          1
          1
          1
          1
          1
          1
          1
          1
          1
          1
   0.999996
   0.999914
    0.99808
   0.958614
    0.51305
   0.050606
 0.00519083
 0.00279384
 0.00519613
  0.0129257
  0.0327426
  0.0778451
   0.162486
   0.283736
   0.417408
   0.539581
   0.636771
   0.705202
   0.748975
   0.775132
   0.789858
   0.797485
   0.800669
   0.800668
   0.797488
    0.78986
   0.775137
   0.748986
   0.705224
   0.636799
   0.539626
   0.417454
   0.283796
    0.16254
  0.0778768
  0.0327422
  0.0129344
 0.00519804
 0.00279309
 0.00519342
   0.050615
   0.512674
   0.958708
    0.99807
   0.999914
   0.999996
          1
          1
          1
          1
          1
          1
          1
          1
          1
          1
          1
          1
          1
          1
   0.999999
    0.99997
   0.999369
   0.986815
   0.782142
   0.153649
  0.0127239
 0.00320371
 0.00394853
 0.00880693
  0.0213292
   0.049772
   0.105805
   0.196163
   0.311946
   0.433105
   0.541158
   0.625969
   0.686072
    0.72558
   0.749994
   0.763839
   0.770055
   0.770057
   0.763841
       0.75
   0.725587
   0.686089
   0.625984
   0.541199
   0.433147
   0.312009
   0.196199
   0.105842
  0.0497804
   0.021343
 0.00880618
 0.00395105
  0.0032061
  0.0127113
   0.153748
   0.781996
   0.986851
   0.999366
    0.99997
   0.999999
          1
          1
          1
          1
          1
          1
          1
          1
          1
          1
          1
          1
          1
          1
          1
   0.999991
   0.999818
   0.996423
   0.934051
   0.426161
  0.0436747
 0.00562548
  0.0033688
 0.00589227
  0.0132952
  0.0300517
  0.0638083
   0.122644
   0.208738
   0.313362
   0.420514
   0.515116
   0.589349
   0.642546
   0.677845
   0.699001
   0.708851
   0.708852
   0.699004
   0.677848
   0.642561
   0.589365
   0.515151
   0.420554
   0.313424
   0.208774
   0.122664
  0.0638209
  0.0300683
  0.0132919
 0.00589518
 0.00337021
 0.00562399
  0.0436522
   0.426515
   0.934065
   0.996408
   0.999819
   0.999991
          1
          1
          1
          1
          1
          1
          1
          1
          1
          1
          1
          1
          1
          1
          1
          1
   0.999998
   0.999954
   0.999141
   0.984629
   0.780187
   0.175736
  0.0171803
 0.00410952
 0.00417639
 0.00803093
   0.017228
  0.0358185
  0.0695469
   0.123482
   0.198467
   0.287886
   0.379275
   0.460161
   0.523709
   0.568728
   0.596946
   0.610437
   0.610441
   0.596945
   0.568738
   0.523723
   0.460193
   0.379303
   0.287914
   0.198477
   0.123503
  0.0695572
  0.0358394
  0.0172174
 0.00803664
 0.00417601
 0.00410856
   0.017182
   0.175914
   0.780512
   0.984575
   0.999145
   0.999954
   0.999998
          1
          1
          1
          1
          1
          1
          1
          1
          1
          1
          1
          1
          1
          1
          1
          1
   0.999999
    0.99999
    0.99982
   0.996923
   0.950792
   0.547534
  0.0790264
  0.0098461
 0.00391929
 0.00500743
 0.00949899
  0.0189067
  0.0361086
  0.0647838
   0.108049
   0.166605
   0.236341
   0.308561
   0.373327
   0.423916
   0.457614
   0.474271
   0.474269
   0.457619
   0.423913
    0.37334
    0.30858
   0.236354
   0.166613
   0.108079
  0.0647919
  0.0361269
   0.018897
 0.00950803
 0.00500876
 0.00391908
 0.00985421
  0.0790328
   0.547161
   0.950854
   0.996927
   0.999819
    0.99999
   0.999999
          1
          1
          1
          1
          1
          1
          1
          1
          1
          1
          1
          1
          1
          1
          1
          1
          1
   0.999998
   0.999965
   0.999456
   0.991539
   0.886776
   0.358928
  0.0458522
 0.00755933
 0.00401325
 0.00538069
  0.0095767
   0.017514
  0.0307822
  0.0513369
   0.080739
   0.119347
   0.164897
   0.212229
   0.254492
   0.285764
   0.302221
   0.302233
   0.285767
   0.254498
   0.212231
   0.164923
   0.119366
  0.0807674
  0.0513315
   0.030794
  0.0175044
 0.00958543
 0.00537979
 0.00401628
 0.00756236
   0.045862
   0.359042
   0.886736
   0.991581
   0.999452
   0.999966
   0.999998
          1
          1
          1
          1
          1
          1
          1
          1
          1
          1
          1
          1
          1
          1
          1
          1
          1
          1
          1
   0.999994
   0.999911
   0.998729
   0.982607
   0.810477
   0.260891
  0.0351004
 0.00700624
 0.00402689
 0.00507154
 0.00821824
  0.0137231
  0.0221833
  0.0342891
  0.0504117
   0.070276
  0.0923505
   0.113835
   0.131036
   0.140651
   0.140644
   0.131045
   0.113831
  0.0923613
  0.0702723
  0.0504225
  0.0342774
  0.0221917
  0.0137134
 0.00822372
 0.00506966
 0.00402733
 0.00700101
  0.0350805
   0.261148
   0.810619
   0.982598
   0.998725
   0.999912
   0.999994
          1
          1
          1
          1
          1
          1
          1
          1
          1
          1
          1
          1
          1
          1
          1
          1
          1
          1
          1
          1
   0.999999
   0.999987
   0.999824
    0.99776
   0.973202
   0.759149
   0.231425
  0.0347526
 0.00748217
 0.00393697
 0.00426618
 0.00609967
  0.0092053
  0.0136159
   0.019373
  0.0262916
   0.033915
  0.0413149
   0.047322
  0.0506943
  0.0507011
  0.0473169
  0.0413229
  0.0339059
  0.0262978
  0.0193638
  0.0136257
 0.00920179
 0.00610863
 0.00426385
  0.0039399
 0.00748032
  0.0347579
   0.231464
    0.75935
   0.973192
   0.997758
   0.999824
   0.999987
   0.999999
          1
          1
          1
          1
          1
          1
          1
          1
          1
          1
          1
          1
          1
          1
          1
          1
          1
          1
          1
          1
          1
   0.999998
   0.999978
   0.999735
   0.997011
   0.968987
    0.75765
   0.256614
  0.0445351
 0.00957361
 0.00408503
  0.0034407
 0.00411007
 0.00547411
 0.00733105
 0.00954427
  0.0118896
  0.0141185
  0.0158673
  0.0168481
  0.0168431
  0.0158741
  0.0141115
  0.0118971
 0.00953726
 0.00733889
 0.00547059
 0.00411585
  0.0034374
 0.00408785
 0.00956683
  0.0445466
   0.256746
   0.757417
   0.968932
   0.997028
   0.999735
   0.999978
   0.999998
          1
          1
          1
          1
          1
          1
          1
          1
          1
          1
          1
          1
          1
          1
          1
          1
          1
          1
          1
          1
          1
          1
          1
   0.999997
   0.999971
   0.999695
   0.996993
   0.972778
   0.805445
   0.348259
   0.074959
  0.0162508
 0.00543115
 0.00319641
 0.00286918
 0.00316516
 0.00371679
 0.00437565
 0.00499761
 0.00549504
 0.00576217
 0.00576619
 0.00548988
 0.00500275
 0.00436952
 0.00372281
 0.00316085
 0.00287373
 0.00319332
 0.00543868
  0.0162325
  0.0750071
   0.348128
   0.805389
   0.972693
   0.997001
   0.999695
   0.999971
   0.999997
          1
          1
          1
          1
          1
          1
          1
          1
          1
          1
          1
          1
          1
          1
          1
          1
          1
          1
          1
          1
          1
          1
          1
          1
          1
   0.999997
   0.999971
   0.999732
   0.997694
    0.98187
   0.880594
   0.529879
   0.164023
    0.04019
   0.011761
 0.00490211
 0.00296573
 0.00238588
 0.00224627
 0.00227373
 0.00233319
 0.00238007
  0.0023772
 0.00233645
 0.00226933
 0.00225071
 0.00238106
 0.00297243
 0.00489444
  0.0117744
  0.0401905
   0.164376
   0.528939
   0.880912
   0.981834
   0.997707
    0.99973
   0.999971
   0.999997
          1
          1
          1
          1
          1
          1
          1
          1
          1
          1
          1
          1
          1
          1
          1
          1
          1
          1
          1
          1
          1
          1
          1
          1
          1
          1
          1
   0.999997
   0.999978
    0.99982
   0.998662
   0.991022
   0.946662
    0.76408
    0.40049
   0.139327
  0.0451015
  0.0169951
  0.0079822
 0.00473917
 0.00339525
 0.00281936
 0.00259099
 0.00259535
 0.00281371
 0.00340248
 0.00472469
 0.00800567
   0.016955
  0.0451781
   0.139203
   0.401108
   0.763448
   0.946906
   0.990944
   0.998666
   0.999818
   0.999978
   0.999997
          1
          1
          1
          1
          1
          1
          1
          1
          1
          1
          1
          1
          1
          1
          1
          1
          1
          1
          1
          1
          1
          1
          1
          1
          1
          1
          1
          1
          1
   0.999998
   0.999986
   0.999906
   0.999406
   0.996647
   0.982826
   0.926541
   0.758914
    0.47731
   0.236552
   0.111836
  0.0576698
  0.0348356
  0.0247678
  0.0209891
  0.0209293
  0.0248268
  0.0347284
  0.0578718
   0.111508
   0.237226
   0.477087
   0.759625
   0.926395
   0.982981
   0.996623
    0.99941
   0.999905
   0.999986
   0.999998
          1
          1
          1
          1
          1
          1
          1
          1
          1
          1
          1
          1
          1
          1
          1
          1
          1
          1
          1
          1
          1
          1
          1
          1
          1
          1
          1
          1
          1
          1
          1
   0.999999
   0.999994
   0.999963
     0.9998
   0.999056
    0.99597
   0.985073
   0.952437
   0.876513
   0.745419
    0.59039
    0.45515
   0.368514
    0.32613
   0.327088
   0.367502
   0.456226
   0.589048
   0.746257
    0.87615
   0.952644
   0.984978
   0.995993
   0.999048
   0.999802
   0.999962
   0.999994
   0.999999
          1
          1
          1
          1
          1
          1
          1
          1
          1
          1
          1
          1
          1
          1
          1
          1
          1
          1
          1
          1
          1
          1
          1
          1
          1
          1
          1
          1
          1
          1
          1
          1
          1
          1
   0.999998
   0.999989
   0.999949
   0.999797
    0.99928
    0.99778
   0.994031
   0.986399
   0.973383
   0.956502
   0.939174
   0.928797
   0.928271
   0.939458
   0.956265
   0.973583
    0.98633
   0.994073
    0.99778
   0.999288
   0.999796
   0.999949
   0.999989
   0.999998
          1
          1
          1
          1
          1
          1
          1
          1
          1
          1
          1
          1
          1
          1
          1
          1
          1
          1
          1
          1
          1
          1
          1
          1
          1
          1
          1
          1
          1
          1
          1
          1
          1
          1
          1
          1
          1
   0.999999
   0.999997
    0.99999
   0.999966
   0.999901
   0.999747
   0.999439
   0.998939
   0.998259
   0.997598
   0.997133
   0.997155
    0.99758
    0.99827
   0.998933
   0.999441
   0.999748
   0.999902
   0.999966
    0.99999
   0.999997
   0.999999
          1
          1
          1
          1
          1
          1
          1
          1
          1
          1
          1
          1
          1
          1
          1
          1
          1
          1
          1
          1
          1
          1
          1
          1
          1
          1
          1
          1
          1
          1
          1
          1
          1
          1
          1
          1
          1
          1
          1
          1
          1
   0.999998
   0.999996
   0.999989
   0.999977
   0.999958
   0.999933
   0.999908
   0.999893
   0.999892
   0.999908
   0.999933
   0.999958
   0.999977
   0.999989
   0.999996
   0.999998
   0.999999
          1
          1
          1
          1
          1
          1
          1
          1
          1
          1
          1
          1
          1
          1
          1
          1
          1
          1
          1
          1
          1
          1
          1
          1
          1
          1
          1
          1
          1
          1
          1
          1
          1
          1
          1
          1
          1
          1
          1
          1
          1
          1
          1
          1
          1
          1
   0.999999
   0.999998
   0.999997
   0.999997
   0.999996
   0.999996
   0.999997
   0.999997
   0.999998
   0.999999
          1
          1
          1
          1
          1
          1
          1
          1
          1
          1
          1
          1
          1
          1
          1
          1
          1
          1
          1
          1
          1
          1
          1
          1
          1
          1
          1
          1
          1
          1
          1
          1
          1
          1
          1
          1
          1
          1
          1
          1
          1
          1
          1
          1
          1
          1
          1
          1
          1
          1
          1
          1
          1
          1
          1
          1
          1
          1
          1
          1
          1
          1
          1
          1
          1
          1
          1
          1
          1
          1
          1
          1
          1
          1
          1
          1
          1
          1
          1
          1
          1
          1
          1
          1
          1
          1
          1
          1
          1
          1
          1
          1
          1
          1
          1
          1
          1
          1
          1
          1
          1
          1
          1
          1
          1
          1
          1
          1
          1
          1
          1
          1
          1
          1
          1
          1
          1
          1
          1
          1
          1
          1
          1
          1
          1
          1
          1
          1
          1
          1
          1
          1
          1
          1
          1
          1
          1
          1
          1
          1
          1
          1
          1
          1
          1
          1
          1
          1
          1
          1
          1
          1
          1
          1
          1
          1
          1
          1
          1
          1
          1
          1
          1
          1
          1
          1
          1
          1
          1
          1
          1
          1
          1
          1
          1
          1
          1
          1
          1
          1
          1
          1
          1
          1
          1
          1
          1
          1
          1
          1
          1
          1
          1
          1
          1
          1
          1
          1
          1
          1
          1
          1
          1
          1
          1
          1
          1
          1
          1
          1
          1
          1
          1
          1
          1
          1
          1
          1
          1
          1
          1
          1
          1
          1
          1
          1
          1
          1
          1
          1
          1
          1
          1
          1
          1
          1
          1
          1
          1
          1
          1
          1
          1
          1
          1
          1
          1
          1
          1
          1
          1
          1
          1
          1
          1
          1
          1
          1
          1
          1
          1
          1
          1
          1
          1
          1
          1
          1
          1
          1
          1
          1
          1
          1
          1
          1
          1
          1
          1
          1
          1
          1
          1
          1
          1
          1
          1
          1
          1
          1
          1
          1
          1
          1
          1
          1
          1
          1
          1
          1
          1
          1
          1
          1
          1
          1
          1
          1
          1
          1
          1
          1
          1
          1
          1
          1
          1
          1
          1
          1
          1
          1
          1
          1
          1
          1
          1
          1
          1
          1
          1
          1
          1
          1
          1
          1
          1
          1
          1
          1
          1
          1
          1
          1
          1
          1
          1
          1
          1
          1
          1
          1
          1
          1
          1
          1
          1
          1
          1
          1
          1
          1
          1
          1
          1
          1
          1
          1
          1
          1
          1
          1
          1
          1
          1
          1
          1
          1
          1
          1
          1
          1
          1
          1
          1
          1
          1
          1
          1
          1
          1
          1
          1
          1
          1
          1
          1
          1
          1
          1
          1
          1
          1
          1
          1
          1
          1
          1
          1
          1
          1
          1
          1
          1
          1
          1
          1
          1
          1
          1
          1
          1
          1
          1
          1
          1
          1
          1
          1
          1
          1
          1
          1
          1
          1
          1
          1
          1
          1
          1
          1
          1
          1
          1
          1
          1
          1
          1
          1
          1
          1
          1
          1
          1
          1
          1
          1
          1
          1
          1
          1
          1
          1
          1
          1
          1
          1
          1
          1
          1
          1
          1
          1
          1
          1
          1
          1
          1
          1
          1
          1
          1
          1
          1
          1
          1
          1
          1
          1
          1
          1
          1
          1
          1
          1
          1
          1
          1
          1
          1
          1
          1
          1
          1
          1
          1
          1
          1
          1
          1
          1
          1
          1
          1
          1
          1
          1
          1
          1
          1
          1
          1
          1
          1
          1
          1
          1
          1
          1
          1
          1
          1
          1
          1
          1
          1
          1
          1
          1
          1
          1
          1
          1
          1
          1
          1
          1
          1
          1
          1
          1
          1
          1
          1
          1
          1
          1
          1
          1
          1
          1
          1
          1
          1
          1
          1
          1
          1
          1
          1
          1
          1
          1
          1
          1
          1
          1
          1
          1
          1
          1
          1
          1
          1
          1
          1
          1
          1
          1
          1
          1
          1
          1
          1
          1
          1
          1
          1
          1
          1
          1
          1
          1
          1
          1
          1
          1
          1
          1
          1
          1
          1
          1
          1
          1
          1
          1
          1
          1
          1
          1
          1
          1
          1
          1
          1
          1
          1
          1
          1
          1
          1
          1
          1
          1
          1
          1
          1
          1
          1
          1
          1
          1
          1
          1
          1
          1
          1
          1
          1
          1
          1
          1
          1
          1
          1
          1
          1
          1
          1
          1
          1
          1
          1
          1
          1
          1
          1
          1
          1
          1
          1
          1
          1
          1
          1
          1
          1
          1
          1
          1
          1
          1
          1
          1
          1
          1
          1
          1
          1
          1
          1
          1
          1
          1
          1
          1
          1
          1
          1
          1
          1
          1
          1
          1
          1
          1
          1
          1
          1
          1
          1
          1
          1
          1
          1
          1
          1
          1
          1
          1
          1
          1
          1
          1
          1
          1
          1
          1
          1
          1
          1
          1
          1
          1
          1
          1
          1
          1
          1
          1
          1
          1
          1
          1
          1
          1
          1
          1
          1
          1
          1
          1
          1
          1
          1
          1
          1
          1
          1
          1
          1
          1
          1
          1
          1
          1
          1
          1
   0.999999
   0.999998
   0.999997
   0.999995
   0.999993
   0.999992
   0.999992
   0.999993
   0.999995
   0.999997
   0.999998
   0.999999
          1
          1
          1
          1
          1
          1
          1
          1
          1
          1
          1
          1
          1
          1
          1
          1
          1
          1
          1
          1
          1
          1
          1
          1
          1
          1
          1
          1
          1
          1
          1
          1
          1
          1
          1
          1
          1
          1
          1
          1
          1
          1
          1
          1
          1
   0.999999
   0.999997
   0.999991
   0.999978
   0.999953
   0.999913
   0.999862
    0.99981
   0.999776
   0.999776
   0.999809
   0.999862
   0.999914
   0.999954
   0.999978
   0.999991
   0.999997
   0.999999
          1
          1
          1
          1
          1
          1
          1
          1
          1
          1
          1
          1
          1
          1
          1
          1
          1
          1
          1
          1
          1
          1
          1
          1
          1
          1
          1
          1
          1
          1
          1
          1
          1
          1
          1
          1
          1
          1
          1
          1
   0.999999
   0.999995
   0.999979
    0.99993
   0.999793
   0.999463
     0.9988
     0.9977
   0.996225
   0.994753
   0.993781
   0.993793
   0.994746
   0.996235
   0.997697
   0.998802
   0.999462
   0.999792
    0.99993
   0.999979
   0.999995
   0.999999
          1
          1
          1
          1
          1
          1
          1
          1
          1
          1
          1
          1
          1
          1
          1
          1
          1
          1
          1
          1
          1
          1
          1
          1
          1
          1
          1
          1
          1
          1
          1
          1
          1
          1
          1
          1
   0.999999
   0.999995
   0.999976
   0.999893
   0.999564
   0.998441
   0.995108
   0.986802
   0.969734
   0.941486
   0.905313
   0.870311
   0.849289
   0.848958
   0.870542
   0.905202
   0.941608
   0.969715
   0.986823
   0.995102
   0.998441
   0.999565
   0.999893
   0.999976
   0.999995
   0.999999
          1
          1
          1
          1
          1
          1
          1
          1
          1
          1
          1
          1
          1
          1
          1
          1
          1
          1
          1
          1
          1
          1
          1
          1
          1
          1
          1
          1
          1
          1
          1
          1
          1
   0.999998
   0.999987
    0.99992
    0.99957
   0.997899
   0.990984
   0.966358
   0.896042
   0.750784
   0.552221
   0.374738
   0.257289
   0.193962
    0.16659
   0.166863
   0.193717
   0.257436
   0.374539
   0.552892
   0.750514
    0.89627
   0.966319
   0.990997
   0.997905
    0.99957
    0.99992
   0.999987
   0.999998
          1
          1
          1
          1
          1
          1
          1
          1
          1
          1
          1
          1
          1
          1
          1
          1
          1
          1
          1
          1
          1
          1
          1
          1
          1
          1
          1
          1
          1
          1
          1
   0.999996
   0.999971
   0.999795
   0.998695
   0.992382
   0.961341
   0.842431
    0.56758
   0.273339
   0.112675
   0.049046
  0.0247092
  0.0148907
  0.0106824
 0.00910156
 0.00909507
  0.0106987
  0.0148803
  0.0247389
  0.0490209
   0.112848
   0.273033
    0.56821
   0.842219
   0.961388
   0.992395
   0.998691
   0.999796
   0.999971
   0.999996
          1
          1
          1
          1
          1
          1
          1
          1
          1
          1
          1
          1
          1
          1
          1
          1
          1
          1
          1
          1
          1
          1
          1
          1
          1
          1
          1
          1
   0.999999
   0.999994
   0.999952
   0.999602
   0.997003
   0.979457
   0.883108
   0.573305
   0.214626
  0.0620045
   0.019367
 0.00759889
 0.00387092
 0.00251633
 0.00195909
 0.00172354
 0.00163298
 0.00163435
 0.00172255
 0.00196043
 0.00251491
 0.00387582
 0.00759243
  0.0194092
  0.0619533
   0.214861
   0.573303
   0.883157
   0.979451
   0.996989
   0.999603
   0.999951
   0.999994
   0.999999
          1
          1
          1
          1
          1
          1
          1
          1
          1
          1
          1
          1
          1
          1
          1
          1
          1
          1
          1
          1
          1
          1
          1
          1
          1
   0.999999
   0.999994
   0.999938
   0.999404
   0.994788
    0.95872
   0.755906
   0.315734
  0.0742506
  0.0174368
 0.00557763
 0.00274456
 0.00197937
 0.00182039
 0.00186849
 0.00198665
  0.0020973
 0.00216521
 0.00216414
 0.00209845
  0.0019852
 0.00186956
 0.00181843
 0.00198105
 0.00274228
 0.00558165
  0.0174234
  0.0742424
   0.315616
   0.755675
   0.958801
   0.994779
   0.999411
   0.999937
   0.999994
   0.999999
          1
          1
          1
          1
          1
          1
          1
          1
          1
          1
          1
          1
          1
          1
          1
          1
          1
          1
          1
          1
          1
          1
          1
          1
   0.999994
   0.999938
   0.999322
   0.993167
   0.938294
   0.632326
   0.178946
  0.0326233
  0.0075823
 0.00312517
 0.00231614
 0.00242964
 0.00291752
 0.00358449
 0.00432365
 0.00501643
 0.00556468
 0.00586322
 0.00586604
 0.00556264
 0.00501968
 0.00432199
 0.00358699
 0.00291574
 0.00243262
 0.00231499
 0.00312726
 0.00758543
  0.0326165
    0.17901
   0.631815
   0.938363
   0.993137
   0.999329
   0.999937
   0.999995
          1
          1
          1
          1
          1
          1
          1
          1
          1
          1
          1
          1
          1
          1
          1
          1
          1
          1
          1
          1
          1
          1
          1
   0.999996
   0.999952
   0.999411
   0.993198
   0.929814
    0.56274
   0.123388
  0.0195257
  0.0049404
 0.00279733
 0.00291368
 0.00387091
 0.00542183
 0.00746661
 0.00991141
  0.0125437
  0.0150719
  0.0170858
  0.0182242
  0.0182189
  0.0170911
  0.0150685
  0.0125477
 0.00990707
 0.00747151
  0.0054191
  0.0038728
 0.00291287
 0.00279806
 0.00494032
  0.0195044
   0.123338
   0.562731
   0.929734
   0.993176
   0.999417
   0.999952
   0.999996
          1
          1
          1
          1
          1
          1
          1
          1
          1
          1
          1
          1
          1
          1
          1
          1
          1
          1
          1
          1
          1
   0.999998
   0.999972
   0.999613
   0.994914
   0.939409
   0.565024
   0.109295
  0.0154252
   0.004167
 0.00299633
 0.00389148
 0.00601455
 0.00942362
  0.0142923
  0.0207737
   0.028748
  0.0377339
  0.0466297
  0.0539406
  0.0580794
  0.0580911
  0.0539368
  0.0466381
  0.0377296
  0.0287584
  0.0207701
  0.0143003
 0.00942061
   0.006017
 0.00389151
 0.00299494
 0.00416919
  0.0154115
   0.109213
   0.565358
   0.939399
   0.994905
   0.999617
   0.999972
   0.999998
          1
          1
          1
          1
          1
          1
          1
          1
          1
          1
          1
          1
          1
          1
          1
          1
          1
          1
          1
   0.999999
   0.999988
   0.999807
   0.997144
   0.960442
   0.640052
   0.125776
  0.0155634
 0.00400656
 0.00320636
 0.00477804
 0.00827724
  0.0142964
  0.0237165
  0.0375203
  0.0563483
  0.0800345
   0.106688
   0.132711
   0.153484
   0.165044
   0.165037
   0.153509
   0.132719
   0.106713
  0.0800386
  0.0563763
  0.0375195
  0.0237297
  0.0142969
  0.0082811
 0.00477944
 0.00320447
 0.00400798
  0.0155541
   0.125639
   0.640042
   0.960517
   0.997131
    0.99981
   0.999988
   0.999999
          1
          1
          1
          1
          1
          1
          1
          1
          1
          1
          1
          1
          1
          1
          1
          1
          1
          1
   0.999996
   0.999927
   0.998795
   0.980808
   0.766872
   0.186018
  0.0201017
 0.00419312
 0.00319103
 0.00511185
 0.00972931
  0.0184177
  0.0332435
  0.0567236
  0.0909365
   0.136252
    0.18933
    0.24333
   0.290175
   0.323871
   0.341256
    0.34127
   0.323875
     0.2902
   0.243345
   0.189373
   0.136261
  0.0909702
  0.0567248
  0.0332648
  0.0184161
 0.00973244
 0.00511412
 0.00318897
 0.00419574
  0.0200831
   0.186035
   0.766856
   0.980887
    0.99879
   0.999928
   0.999996
          1
          1
          1
          1
          1
          1
          1
          1
          1
          1
          1
          1
          1
          1
          1
          1
          1
   0.999999
   0.999979
   0.999612
   0.993071
   0.891903
   0.332329
  0.0345117
 0.00504845
 0.00296577
 0.00470845
 0.00964951
   0.019939
  0.0391524
  0.0717874
   0.121538
   0.188566
   0.266531
   0.344229
    0.41103
   0.461354
   0.494065
   0.510026
   0.510031
   0.494088
   0.461378
   0.411062
   0.344252
   0.266579
   0.188584
   0.121586
   0.071804
  0.0391745
  0.0199373
 0.00965312
 0.00471086
 0.00296469
 0.00504809
  0.0345023
   0.332088
   0.891894
   0.993124
    0.99961
   0.999979
   0.999999
          1
          1
          1
          1
          1
          1
          1
          1
          1
          1
          1
          1
          1
          1
          1
          1
   0.999995
   0.999904
    0.99813
    0.96525
   0.597932
   0.080443
 0.00797361
 0.00278646
 0.00379292
 0.00808233
  0.0181136
  0.0388316
  0.0770869
   0.138562
   0.222883
   0.320353
   0.415839
   0.496879
   0.558457
   0.601098
   0.627446
   0.639947
   0.639953
   0.627462
    0.60112
   0.558482
   0.496916
   0.415872
   0.320411
   0.222888
   0.138598
  0.0771069
  0.0388458
  0.0181083
 0.00808339
   0.003795
  0.0027851
 0.00797232
  0.0804529
   0.597704
   0.965328
   0.998139
   0.999904
   0.999995
          1
          1
          1
          1
          1
          1
          1
          1
          1
          1
          1
          1
          1
          1
          1
   0.999999
   0.999982
   0.999618
   0.992065
   0.858197
   0.234716
  0.0189794
 0.00319538
 0.00283117
 0.00579583
  0.0138409
  0.0324326
  0.0706935
   0.137657
   0.233833
   0.346692
   0.457466
   0.551229
   0.622046
   0.671178
   0.702936
   0.721601
   0.730181
   0.730185
   0.721609
   0.702948
   0.671193
   0.622072
   0.551267
   0.457491
   0.346752
   0.233839
   0.137685
  0.0707066
  0.0324469
  0.0138374
 0.00579739
 0.00283208
 0.00319619
  0.0189744
    0.23462
   0.858461
   0.992039
   0.999619
   0.999982
   0.999999
          1
          1
          1
          1
          1
          1
          1
          1
          1
          1
          1
          1
          1
          1
   0.999997
   0.999939
   0.998645
     0.9707
   0.601573
  0.0695387
  0.0059888
 0.00228792
 0.00370291
 0.00900012
    0.02278
  0.0549721
   0.119068
   0.220437
   0.345215
   0.470181
   0.576902
   0.656844
   0.710923
   0.745009
   0.765298
   0.776421
   0.781296
   0.781298
   0.776427
   0.765305
   0.745018
   0.710939
    0.65687
   0.576937
    0.47021
   0.345285
    0.22045
   0.119104
  0.0549775
   0.022791
 0.00900067
 0.00370364
 0.00228871
 0.00599077
  0.0694436
   0.601722
   0.970764
   0.998636
   0.999939
   0.999997
          1
          1
          1
          1
          1
          1
          1
          1
          1
          1
          1
          1
          1
          1
   0.999992
   0.999821
   0.995819
   0.909879
   0.304254
  0.0218752
 0.00285806
 0.00234046
 0.00513267
  0.0135475
  0.0357871
  0.0876662
   0.184084
   0.316046
   0.454313
   0.575344
   0.666929
   0.727775
   0.764498
   0.785104
   0.795798
   0.800773
   0.802628
   0.802629
   0.800777
   0.795803
   0.785108
   0.764509
   0.727792
   0.666953
   0.575383
   0.454349
   0.316106
   0.184111
  0.0876983
  0.0357894
  0.0135538
 0.00513282
 0.00234153
 0.00285813
  0.0218777
   0.304319
    0.90972
    0.99583
    0.99982
   0.999992
          1
          1
          1
          1
          1
          1
          1
          1
          1
          1
          1
          1
          1
   0.999999
   0.999981
   0.999543
    0.98883
    0.78133
   0.129654
 0.00851905
 0.00199063
 0.00276635
 0.00701433
   0.019553
  0.0534324
    0.13087
    0.25986
   0.409734
   0.546603
   0.654064
    0.72662
   0.769449
   0.791927
   0.801923
   0.804931
   0.804764
   0.804007
   0.804007
   0.804765
   0.804933
   0.801924
   0.791931
    0.76946
   0.726635
    0.65409
   0.546643
   0.409769
   0.259916
   0.130906
  0.0534527
  0.0195524
 0.00701644
  0.0027676
 0.00199131
 0.00851322
   0.129735
    0.78146
   0.988801
   0.999544
   0.999981
   0.999999
          1
          1
          1
          1
          1
          1
          1
          1
          1
          1
          1
          1
   0.999998
    0.99996
   0.998985
   0.974569
   0.596498
  0.0573854
 0.00425983
 0.00178086
  0.0033659
 0.00925017
  0.0268985
  0.0755263
   0.181594
   0.335574
   0.489366
     0.6164
   0.707347
   0.762574
   0.791123
   0.802624
   0.804024
   0.800268
    0.79524
   0.791898
   0.791895
   0.795241
   0.800267
   0.804024
   0.802625
   0.791128
   0.762585
   0.707364
   0.616432
   0.489414
   0.335622
   0.181642
  0.0755427
   0.026913
  0.0092515
 0.00336694
 0.00178234
 0.00425657
  0.0573938
   0.596075
   0.974635
   0.998983
    0.99996
   0.999998
          1
          1
          1
          1
          1
          1
          1
          1
          1
          1
          1
          1
   0.999997
   0.999927
   0.998067
   0.951013
   0.419781
  0.0291212
 0.00270363
 0.00179683
 0.00403242
  0.0116499
  0.0351162
   0.100349
   0.233327
   0.400951
   0.550004
   0.664912
   0.740951
   0.782636
   0.800494
   0.803351
   0.797296
   0.787128
   0.777202
   0.771168
   0.771167
   0.777201
   0.787126
    0.79729
    0.80335
   0.800496
   0.782643
   0.740967
   0.664937
    0.55004
   0.401006
   0.233378
   0.100394
  0.0351213
  0.0116542
 0.00403411
 0.00179701
 0.00270449
  0.0291087
   0.419942
    0.95095
   0.998077
   0.999927
   0.999997
          1
          1
          1
          1
          1
          1
          1
          1
          1
          1
          1
          1
   0.999996
   0.999884
   0.996865
   0.920463
    0.29672
  0.0175112
 0.00206494
 0.00188808
 0.00466029
  0.0139366
  0.0432218
   0.124559
   0.278464
   0.450362
   0.592059
    0.69634
   0.760926
   0.792915
   0.802982
    0.79899
   0.786469
   0.770383
   0.755776
    0.74713
    0.74713
   0.755773
    0.77038
   0.786466
   0.798986
   0.802982
   0.792921
   0.760936
   0.696362
   0.592093
   0.450416
   0.278518
     0.1246
  0.0432417
  0.0139379
 0.00466213
 0.00188918
 0.00206475
  0.0175073
   0.296348
   0.920724
   0.996869
   0.999884
   0.999996
          1
          1
          1
          1
          1
          1
          1
          1
          1
          1
          1
          1
   0.999994
   0.999843
   0.995646
   0.891342
   0.226761
  0.0125733
 0.00178949
 0.00198291
  0.0051523
  0.0157577
  0.0498419
   0.143939
   0.311055
   0.482551
   0.618106
   0.714824
   0.771847
   0.797588
   0.802408
   0.793457
   0.775962
   0.755155
   0.736761
   0.725999
   0.725997
   0.736758
   0.755151
   0.775959
   0.793454
   0.802405
   0.797591
   0.771857
   0.714847
   0.618136
   0.482612
   0.311118
   0.143988
  0.0498607
  0.0157633
 0.00515393
  0.0019836
 0.00178863
  0.0125715
   0.226437
   0.891239
   0.995673
   0.999843
   0.999994
          1
          1
          1
          1
          1
          1
          1
          1
          1
          1
          1
          1
   0.999993
   0.999817
   0.994891
   0.873117
   0.196666
  0.0106787
 0.00168471
 0.00204068
 0.00542212
  0.0167733
  0.0536027
   0.154677
   0.327939
   0.498281
   0.630455
   0.723329
   0.776611
   0.799274
   0.801417
   0.789812
   0.769566
   0.746113
   0.725587
   0.713632
    0.71363
   0.725585
   0.746108
   0.769563
   0.789807
   0.801414
   0.799277
   0.776622
   0.723353
   0.630492
   0.498331
   0.328012
   0.154734
  0.0536272
  0.0167779
 0.00542418
 0.00204135
 0.00168411
  0.0106744
    0.19622
   0.873441
   0.994893
   0.999817
   0.999993
          1
          1
          1
          1
          1
          1
          1
          1
          1
          1
          1
          1
   0.999993
   0.999817
   0.994878
   0.873259
   0.196414
  0.0106783
 0.00168444
 0.00203991
 0.00542274
  0.0167746
  0.0535954
   0.154708
    0.32794
    0.49827
   0.630467
    0.72333
   0.776612
   0.799275
   0.801416
    0.78981
   0.769564
   0.746112
   0.725584
   0.713625
   0.713626
    0.72558
   0.746108
   0.769562
   0.789809
   0.801415
    0.79928
   0.776625
   0.723357
   0.630506
   0.498342
    0.32801
   0.154761
   0.053618
  0.0167824
 0.00542442
 0.00204093
  0.0016846
  0.0106733
   0.196309
   0.873094
     0.9949
   0.999817
   0.999993
          1
          1
          1
          1
          1
          1
          1
          1
          1
          1
          1
          1
   0.999994
   0.999843
    0.99566
   0.891086
   0.226823
  0.0125579
 0.00178889
 0.00198321
 0.00515168
  0.0157589
  0.0498525
   0.143933
   0.311079
   0.482575
   0.618102
   0.714833
   0.771853
    0.79759
   0.802407
   0.793455
   0.775958
   0.755151
   0.736754
   0.725987
   0.725985
   0.736752
   0.755146
   0.775957
   0.793452
   0.802409
   0.797597
   0.771866
   0.714864
    0.61815
    0.48264
   0.311157
   0.143994
  0.0498766
   0.015763
 0.00515412
 0.00198429
 0.00178849
  0.0125635
   0.226328
   0.891439
   0.995662
   0.999843
   0.999994
          1
          1
          1
          1
          1
          1
          1
          1
          1
          1
          1
          1
   0.999996
   0.999884
   0.996859
   0.920612
   0.296435
  0.0175191
 0.00206548
 0.00188822
 0.00466181
  0.0139389
  0.0432232
   0.124589
   0.278483
   0.450373
    0.59209
   0.696349
   0.760934
   0.792922
   0.802983
   0.798987
   0.786463
   0.770379
   0.755768
    0.74712
    0.74712
   0.755765
   0.770376
   0.786462
   0.798987
   0.802985
   0.792931
   0.760953
   0.696386
   0.592138
   0.450459
   0.278552
   0.124638
  0.0432426
  0.0139454
 0.00466252
 0.00188919
 0.00206524
  0.0175078
   0.296431
   0.920566
   0.996872
   0.999884
   0.999996
          1
          1
          1
          1
          1
          1
          1
          1
          1
          1
          1
          1
   0.999997
   0.999927
   0.998073
   0.950999
   0.420129
  0.0291187
 0.00270481
 0.00179712
  0.0040325
  0.0116516
  0.0351237
   0.100367
   0.233366
   0.400987
   0.550018
   0.664942
   0.740969
   0.782646
     0.8005
   0.803353
   0.797291
   0.787121
   0.777196
    0.77116
   0.771157
   0.777194
    0.78712
   0.797291
   0.803353
   0.800507
   0.782659
   0.740994
   0.664981
   0.550086
   0.401055
   0.233446
   0.100408
  0.0351409
  0.0116554
 0.00403495
 0.00179806
 0.00270413
  0.0290995
   0.419584
   0.951109
   0.998074
   0.999927
   0.999997
          1
          1
          1
          1
          1
          1
          1
          1
          1
          1
          1
          1
   0.999998
    0.99996
   0.998986
   0.974539
   0.596661
  0.0573335
 0.00426331
 0.00178073
 0.00336686
 0.00925302
   0.026904
  0.0755489
   0.181626
    0.33562
   0.489426
    0.61643
   0.707376
   0.762595
   0.791135
   0.802632
   0.804026
   0.800268
   0.795239
   0.791893
   0.791894
   0.795237
   0.800268
   0.804027
   0.802636
   0.791145
   0.762612
   0.707407
   0.616484
   0.489483
   0.335717
   0.181685
  0.0755799
  0.0269143
 0.00925775
 0.00336759
 0.00178252
 0.00425987
  0.0573504
   0.596461
   0.974543
   0.998988
    0.99996
   0.999998
          1
          1
          1
          1
          1
          1
          1
          1
          1
          1
          1
          1
   0.999999
   0.999981
   0.999542
   0.988842
     0.7812
   0.129669
 0.00851331
 0.00199232
 0.00276505
 0.00701741
   0.019555
  0.0534488
   0.130913
    0.25991
   0.409783
    0.54667
   0.654106
   0.726655
   0.769476
   0.791944
   0.801935
   0.804939
   0.804771
   0.804011
    0.80401
   0.804771
    0.80494
   0.801938
    0.79195
   0.769489
   0.726678
   0.654151
   0.546719
    0.40986
   0.259961
   0.130968
  0.0534706
  0.0195676
 0.00701827
 0.00276795
 0.00199289
 0.00850675
   0.129772
   0.781157
   0.988858
   0.999542
   0.999981
   0.999999
          1
          1
          1
          1
          1
          1
          1
          1
          1
          1
          1
          1
          1
   0.999992
   0.999821
   0.995818
   0.909959
   0.304002
   0.021895
 0.00285584
 0.00234196
 0.00513166
   0.013555
  0.0357912
  0.0877037
   0.184135
   0.316124
   0.454375
   0.575421
   0.666985
    0.72782
   0.764534
   0.785131
   0.795821
   0.800793
   0.802645
   0.802646
   0.800794
   0.795825
   0.785136
   0.764547
    0.72784
    0.66702
   0.575462
   0.454443
   0.316168
   0.184204
  0.0877364
  0.0358084
  0.0135578
 0.00513593
 0.00234216
 0.00285737
  0.0218735
   0.303969
   0.910075
   0.995813
   0.999821
   0.999992
          1
          1
          1
          1
          1
          1
          1
          1
          1
          1
          1
          1
          1
          1
   0.999997
   0.999939
   0.998642
   0.970735
   0.601402
  0.0694938
 0.00599516
 0.00228506
 0.00370622
 0.00900089
  0.0227953
  0.0549818
   0.119118
   0.220488
    0.34532
   0.470265
   0.576992
   0.656915
   0.710982
   0.745062
   0.765341
   0.776463
   0.781335
   0.781334
   0.776467
   0.765346
   0.745071
   0.710999
   0.656947
   0.577025
   0.470322
   0.345364
   0.220561
   0.119147
  0.0550028
  0.0228005
  0.0090076
  0.0037042
 0.00228769
 0.00599569
  0.0693048
    0.60208
   0.970666
   0.998643
   0.999939
   0.999997
          1
          1
          1
          1
          1
          1
          1
          1
          1
          1
          1
          1
          1
          1
   0.999999
   0.999982
   0.999617
   0.992052
   0.858272
   0.234544
  0.0189758
 0.00319899
 0.00282954
 0.00580198
   0.013842
  0.0324602
  0.0707166
   0.137728
   0.233888
   0.346807
   0.457568
    0.55134
   0.622141
   0.671261
   0.703014
   0.721671
    0.73025
    0.73025
   0.721676
   0.703023
   0.671274
   0.622169
   0.551367
   0.457623
   0.346851
   0.233962
   0.137741
  0.0707466
  0.0324696
  0.0138514
   0.005799
 0.00283309
 0.00319789
  0.0189621
   0.234729
   0.858041
   0.992078
   0.999615
   0.999982
   0.999999
          1
          1
          1
          1
          1
          1
          1
          1
          1
          1
          1
          1
          1
          1
          1
   0.999995
   0.999904
   0.998137
   0.965245
   0.597763
  0.0804446
 0.00796488
 0.00279007
 0.00379256
 0.00809015
   0.018114
  0.0388639
  0.0771248
   0.138648
    0.22296
   0.320485
   0.415966
   0.497012
   0.558581
   0.601214
   0.627561
   0.640053
   0.640056
   0.627562
   0.601221
   0.558599
   0.497033
   0.416015
   0.320515
   0.223015
    0.13866
  0.0771587
  0.0388718
  0.0181236
 0.00808618
 0.00379747
  0.0027877
 0.00796701
  0.0805356
    0.59714
   0.965388
   0.998129
   0.999904
   0.999995
          1
          1
          1
          1
          1
          1
          1
          1
          1
          1
          1
          1
          1
          1
          1
          1
   0.999999
   0.999979
   0.999612
   0.993118
   0.891796
   0.332219
  0.0345239
 0.00504012
 0.00296999
 0.00470869
 0.00966001
  0.0199449
  0.0391849
  0.0718314
   0.121641
   0.188668
    0.26668
   0.344376
   0.411194
   0.461512
   0.494218
   0.510173
   0.510171
   0.494226
   0.461522
   0.411209
   0.344408
   0.266697
   0.188699
    0.12165
  0.0718566
  0.0391926
  0.0199519
 0.00965643
 0.00471478
   0.002966
 0.00504771
  0.0345104
   0.331882
   0.892043
    0.99309
   0.999611
   0.999979
   0.999999
          1
          1
          1
          1
          1
          1
          1
          1
          1
          1
          1
          1
          1
          1
          1
          1
          1
   0.999996
   0.999928
   0.998794
   0.980864
   0.766684
   0.186087
  0.0201017
 0.00419021
 0.00319538
 0.00511326
 0.00974213
  0.0184279
  0.0332747
  0.0567535
  0.0910185
   0.136338
   0.189475
   0.243477
   0.290348
   0.324033
   0.341432
   0.341439
   0.324046
   0.290354
   0.243484
    0.18948
   0.136362
   0.091022
  0.0567716
  0.0332755
  0.0184365
 0.00973808
 0.00512154
 0.00319145
 0.00419438
  0.0201073
   0.185797
   0.767024
   0.980824
   0.998794
   0.999927
   0.999996
          1
          1
          1
          1
          1
          1
          1
          1
          1
          1
          1
          1
          1
          1
          1
          1
          1
          1
   0.999999
   0.999988
    0.99981
   0.997144
   0.960555
   0.639785
   0.125841
   0.015571
 0.00400237
 0.00321005
 0.00477888
 0.00828906
  0.0143084
   0.023745
  0.0375418
  0.0564081
  0.0800926
   0.106795
   0.132814
   0.153615
   0.165161
   0.165168
    0.15362
   0.132819
   0.106785
  0.0801106
  0.0564106
  0.0375572
  0.0237406
  0.0143141
  0.0082856
 0.00478441
 0.00320675
 0.00400476
  0.0155704
   0.125616
   0.640191
   0.960496
   0.997151
   0.999809
   0.999988
   0.999999
          1
          1
          1
          1
          1
          1
          1
          1
          1
          1
          1
          1
          1
          1
          1
          1
          1
          1
          1
   0.999998
   0.999972
   0.999616
   0.994907
   0.939398
   0.564378
     0.1093
    0.01543
 0.00416239
 0.00300008
  0.0038905
 0.00602233
 0.00942823
   0.014313
  0.0207857
  0.0287844
  0.0377633
  0.0466838
  0.0539854
  0.0581436
  0.0581406
  0.0539945
  0.0466795
  0.0377722
  0.0287777
  0.0207961
  0.0143077
 0.00943324
 0.00601827
 0.00389471
 0.00299637
 0.00416959
  0.0154327
   0.109118
    0.56495
   0.939412
    0.99492
   0.999616
   0.999972
   0.999998
          1
          1
          1
          1
          1
          1
          1
          1
          1
          1
          1
          1
          1
          1
          1
          1
          1
          1
          1
          1
          1
   0.999996
   0.999952
   0.999413
   0.993195
   0.929883
   0.562228
   0.123254
  0.0195273
 0.00493685
 0.00280124
 0.00291275
 0.00387592
 0.00542143
 0.00747859
  0.0099137
  0.0125612
  0.0150811
  0.0171085
  0.0182378
  0.0182426
  0.0171036
  0.0150879
   0.012554
 0.00992119
 0.00747409
 0.00542684
 0.00387261
 0.00291726
 0.00279833
 0.00494419
  0.0195129
   0.123245
    0.56238
   0.929785
   0.993206
   0.999415
   0.999952
   0.999996
          1
          1
          1
          1
          1
          1
          1
          1
          1
          1
          1
          1
          1
          1
          1
          1
          1
          1
          1
          1
          1
          1
          1
   0.999994
   0.999937
   0.999325
    0.99316
   0.938434
   0.631757
   0.178694
  0.0326417
 0.00758132
 0.00312972
 0.00231586
 0.00243464
 0.00291581
 0.00359129
 0.00432462
 0.00502591
 0.00556779
 0.00587299
 0.00586895
  0.0055714
 0.00502084
 0.00432953
 0.00358687
 0.00292063
 0.00243188
  0.0023193
 0.00312523
 0.00758557
  0.0325752
   0.178761
   0.632092
   0.938254
    0.99315
   0.999326
   0.999937
   0.999994
          1
          1
          1
          1
          1
          1
          1
          1
          1
          1
          1
          1
          1
          1
          1
          1
          1
          1
          1
          1
          1
          1
          1
          1
   0.999999
   0.999994
   0.999937
   0.999405
    0.99479
   0.958656
   0.755577
   0.315294
   0.074175
  0.0174203
 0.00558072
 0.00274084
 0.00198281
 0.00181809
 0.00187184
 0.00198601
  0.0021009
 0.00216533
 0.00216782
  0.0020983
 0.00198892
 0.00186844
 0.00182203
 0.00197969
 0.00274591
 0.00557452
  0.0174409
  0.0741746
   0.315391
   0.755675
   0.958802
   0.994778
   0.999409
   0.999937
   0.999994
   0.999999
          1
          1
          1
          1
          1
          1
          1
          1
          1
          1
          1
          1
          1
          1
          1
          1
          1
          1
          1
          1
          1
          1
          1
          1
          1
   0.999999
   0.999994
   0.999952
   0.999602
   0.997005
   0.979428
   0.883301
   0.573234
    0.21456
  0.0619458
  0.0193944
 0.00758517
 0.00387722
 0.00251362
 0.00196228
 0.00172197
 0.00163556
 0.00163365
 0.00172501
 0.00195806
 0.00251834
 0.00386811
 0.00760069
  0.0193644
  0.0619922
   0.214432
   0.573217
   0.882905
   0.979432
   0.996985
   0.999605
   0.999951
   0.999995
   0.999999
          1
          1
          1
          1
          1
          1
          1
          1
          1
          1
          1
          1
          1
          1
          1
          1
          1
          1
          1
          1
          1
          1
          1
          1
          1
          1
          1
          1
   0.999996
   0.999971
   0.999795
   0.998696
   0.992389
   0.961315
   0.842338
   0.567737
   0.272837
    0.11273
  0.0489448
  0.0247301
  0.0148605
  0.0106957
 0.00908114
 0.00909912
  0.0106738
  0.0148832
  0.0246702
  0.0490568
   0.112525
   0.273222
   0.567303
   0.842646
   0.961252
     0.9924
   0.998686
   0.999797
   0.999971
   0.999996
          1
          1
          1
          1
          1
          1
          1
          1
          1
          1
          1
          1
          1
          1
          1
          1
          1
          1
          1
          1
          1
          1
          1
          1
          1
          1
          1
          1
          1
          1
          1
   0.999998
   0.999987
    0.99992
   0.999571
   0.997906
   0.990982
   0.966327
   0.896264
   0.750439
   0.552806
   0.374349
   0.257699
   0.193494
   0.166916
   0.166526
   0.193952
   0.257098
   0.375125
   0.552071
   0.751345
   0.896067
   0.966486
   0.990952
   0.997917
   0.999568
    0.99992
   0.999987
   0.999998
          1
          1
          1
          1
          1
          1
          1
          1
          1
          1
          1
          1
          1
          1
          1
          1
          1
          1
          1
          1
          1
          1
          1
          1
          1
          1
          1
          1
          1
          1
          1
          1
          1
   0.999999
   0.999995
   0.999976
   0.999893
   0.999565
   0.998442
   0.995099
   0.986822
   0.969681
   0.941651
   0.905001
   0.870727
   0.848639
   0.849177
   0.870105
   0.905332
   0.941384
   0.969815
   0.986757
   0.995123
   0.998435
   0.999567
   0.999892
   0.999976
   0.999995
   0.999999
          1
          1
          1
          1
          1
          1
          1
          1
          1
          1
          1
          1
          1
          1
          1
          1
          1
          1
          1
          1
          1
          1
          1
          1
          1
          1
          1
          1
          1
          1
          1
          1
          1
          1
          1
          1
   0.999999
   0.999995
   0.999979
    0.99993
   0.999792
   0.999463
   0.998803
   0.997694
   0.996245
   0.994738
    0.99382
   0.993771
   0.994759
   0.996229
   0.997708
   0.998801
   0.999465
   0.999792
   0.999931
   0.999979
   0.999995
   0.999999
          1
          1
          1
          1
          1
          1
          1
          1
          1
          1
          1
          1
          1
          1
          1
          1
          1
          1
          1
          1
          1
          1
          1
          1
          1
          1
          1
          1
          1
          1
          1
          1
          1
          1
          1
          1
          1
          1
          1
          1
   0.999999
   0.999997
   0.999991
   0.999978
   0.999954
   0.999913
   0.999861
    0.99981
   0.999776
   0.999777
   0.999809
   0.999861
   0.999914
   0.999953
   0.999978
   0.999991
   0.999997
   0.999999
          1
          1
          1
          1
          1
          1
          1
          1
          1
          1
          1
          1
          1
          1
          1
          1
          1
          1
          1
          1
          1
          1
          1
          1
          1
          1
          1
          1
          1
          1
          1
          1
          1
          1
          1
          1
          1
          1
          1
          1
          1
          1
          1
          1
          1
   0.999999
   0.999998
   0.999997
   0.999995
   0.999993
   0.999992
   0.999992
   0.999993
   0.999995
   0.999997
   0.999998
   0.999999
          1
          1
          1
          1
          1
          1
          1
          1
          1
          1
          1
          1
          1
          1
          1
          1
          1
          1
          1
          1
          1
          1
          1
          1
          1
          1
          1
          1
          1
          1
          1
          1
          1
          1
          1
          1
          1
          1
          1
          1
          1
          1
          1
          1
          1
          1
          1
          1
          1
          1
          1
          1
          1
          1
          1
          1
          1
          1
          1
          1
          1
          1
          1
          1
          1
          1
          1
          1
          1
          1
          1
          1
          1
          1
          1
          1
          1
          1
          1
          1
          1
          1
          1
          1
          1
          1
          1
          1
          1
          1
          1
          1
          1
          1
          1
          1
          1
          1
          1
          1
          1
          1
          1
          1
          1
          1
          1
          1
          1
          1
          1
          1
          1
          1
          1
          1
          1
          1
          1
          1
          1
          1
          1
          1
          1
          1
          1
          1
          1
          1
          1
          1
          1
          1
          1
          1
          1
          1
          1
          1
          1
          1
          1
          1
          1
          1
          1
          1
          1
          1
          1
          1
          1
          1
          1
          1
          1
          1
          1
          1
          1
          1
          1
          1
          1
          1
          1
          1
          1
          1
          1
          1
          1
          1
          1
          1
          1
          1
          1
          1
          1
          1
          1
          1
          1
          1
          1
          1
          1
          1
          1
          1
          1
          1
          1
          1
          1
          1
          1
          1
          1
          1
          1
          1
          1
          1
          1
          1
          1
          1
          1
          1
          1
          1
          1
          1
          1
          1
          1
          1
          1
          1
          1
          1
          1
          1
          1
          1
          1
          1
          1
          1
          1
          1
          1
          1
          1
          1
          1
          1
          1
          1
          1
          1
          1
          1
          1
          1
          1
          1
          1
          1
          1
          1
          1
          1
          1
          1
          1
          1
          1
          1
          1
          1
          1
          1
          1
          1
          1
          1
          1
          1
          1
          1
          1
          1
          1
          1
          1
          1
          1
          1
          1
          1
          1
          1
          1
          1
          1
          1
          1
          1
          1
          1
          1
          1
          1
          1
          1
          1
          1
          1
          1
          1
          1
          1
          1
          1
          1
          1
          1
          1
          1
          1
          1
          1
          1
          1
          1
          1
          1
          1
          1
          1
          1
          1
          1
          1
          1
          1
          1
          1
          1
          1
          1
          1
          1
          1
          1
          1
          1
          1
          1
          1
          1
          1
          1
          1
          1
          1
          1
          1
          1
          1
          1
          1
          1
          1
          1
          1
          1
          1
          1
          1
          1
          1
          1
          1
          1
          1
          1
          1
          1
          1
          1
          1
          1
          1
          1
          1
          1
          1
          1
          1
          1
          1
          1
          1
          1
          1
          1
          1
          1
          1
          1
          1
          1
          1
          1
          1
          1
          1
          1
          1
          1
          1
          1
          1
          1
          1
          1
          1
          1
          1
          1
          1
          1
          1
          1
          1
          1
          1
          1
          1
          1
          1
          1
          1
          1
          1
          1
          1
          1
          1
          1
          1
          1
          1
          1
          1
          1
          1
          1
          1
          1
          1
          1
          1
          1
          1
          1
          1
          1
          1
          1
          1
          1
          1
          1
          1
          1
          1
          1
          1
          1
          1
          1
          1
          1
          1
          1
          1
          1
          1
          1
          1
          1
          1
          1
          1
          1
          1
          1
          1
          1
          1
          1
          1
          1
          1
          1
          1
          1
          1
          1
          1
          1
          1
          1
          1
          1
          1
          1
          1
          1
          1
          1
          1
          1
          1
          1
          1
          1
          1
          1
          1
          1
          1
          1
          1
          1
          1
          1
          1
          1
          1
          1
          1
          1
          1
          1
          1
          1
          1
          1
          1
          1
          1
          1
          1
          1
          1
          1
          1
          1
          1
          1
          1
          1
          1
          1
          1
          1
          1
          1
          1
          1
          1
          1
          1
          1
          1
          1
          1
          1
          1
          1
          1
          1
          1
          1
          1
          1
          1
          1
          1
          1
          1
          1
          1
          1
          1
          1
          1
          1
          1
          1
          1
          1
          1
          1
          1
          1
          1
          1
          1
          1
          1
          1
          1
          1
          1
          1
          1
          1
          1
          1
          1
          1
          1
          1
          1
          1
          1
          1
          1
          1
          1
          1
          1
          1
          1
          1
          1
          1
          1
          1
          1
          1
          1
          1
          1
          1
          1
          1
          1
          1
          1
          1
          1
          1
          1
          1
          1
          1
          1
          1
          1
          1
          1
          1
          1
          1
          1
          1
          1
          1
          1
          1
          1
          1
          1
          1
          1
          1
          1
          1
          1
          1
          1
          1
          1
          1
          1
          1
          1
          1
          1
          1
          1
          1
          1
          1
          1
          1
          1
          1
          1
          1
          1
          1
          1
          1
          1
          1
          1
          1
          1
          1
          1
          1
          1
          1
          1
          1
          1
          1
          1
          1
          1
          1
          1
          1
          1
          1
          1
          1
          1
          1
          1
          1
          1
          1
          1
          1
          1
          1
          1
          1
          1
          1
          1
          1
          1
          1
          1
          1
          1
          1
          1
          1
          1
          1
          1
          1
          1
          1
          1
          1
          1
          1
          1
          1
          1
          1
          1
          1
          1
          1
          1
          1
          1
          1
          1
          1
          1
          1
   0.999999
   0.999998
   0.999997
   0.999994
   0.999991
   0.999988
   0.999986
   0.999986
   0.999988
   0.999991
   0.999994
   0.999997
   0.999998
   0.999999
          1
          1
          1
          1
          1
          1
          1
          1
          1
          1
          1
          1
          1
          1
          1
          1
          1
          1
          1
          1
          1
          1
          1
          1
          1
          1
          1
          1
          1
          1
          1
          1
          1
          1
          1
          1
          1
          1
          1
          1
          1
          1
          1
          1
   0.999998
   0.999994
   0.999984
   0.999961
   0.999915
   0.999841
   0.999745
   0.999649
    0.99959
   0.999588
   0.999649
   0.999744
   0.999842
   0.999915
   0.999961
   0.999984
   0.999994
   0.999998
          1
          1
          1
          1
          1
          1
          1
          1
          1
          1
          1
          1
          1
          1
          1
          1
          1
          1
          1
          1
          1
          1
          1
          1
          1
          1
          1
          1
          1
          1
          1
          1
          1
          1
          1
          1
          1
          1
          1
          1
   0.999998
    0.99999
   0.999962
    0.99987
   0.999609
   0.998985
   0.997715
   0.995594
    0.99275
   0.989884
   0.988046
   0.988044
   0.989873
   0.992753
   0.995589
   0.997717
   0.998984
   0.999609
    0.99987
   0.999962
    0.99999
   0.999998
          1
          1
          1
          1
          1
          1
          1
          1
          1
          1
          1
          1
          1
          1
          1
          1
          1
          1
          1
          1
          1
          1
          1
          1
          1
          1
          1
          1
          1
          1
          1
          1
          1
          1
          1
          1
   0.999998
   0.999991
   0.999956
   0.999796
   0.999167
   0.996966
    0.99047
   0.974242
   0.941428
   0.889175
   0.825463
   0.768397
   0.734948
   0.735024
   0.768275
   0.825501
   0.889117
   0.941437
   0.974243
   0.990475
    0.99697
   0.999166
   0.999797
   0.999956
   0.999991
   0.999998
          1
          1
          1
          1
          1
          1
          1
          1
          1
          1
          1
          1
          1
          1
          1
          1
          1
          1
          1
          1
          1
          1
          1
          1
          1
          1
          1
          1
          1
          1
          1
          1
   0.999999
   0.999996
   0.999975
   0.999849
   0.999161
   0.995886
   0.982106
   0.934172
   0.808209
   0.592989
   0.372004
   0.222246
   0.141614
   0.102367
  0.0866789
  0.0866182
    0.10244
   0.141443
   0.222326
   0.371968
   0.593127
   0.807972
   0.934199
   0.982118
   0.995888
   0.999162
   0.999848
   0.999975
   0.999996
   0.999999
          1
          1
          1
          1
          1
          1
          1
          1
          1
          1
          1
          1
          1
          1
          1
          1
          1
          1
          1
          1
          1
          1
          1
          1
          1
          1
          1
          1
          1
   0.999999
   0.999993
   0.999945
   0.999605
   0.997411
   0.984836
   0.923969
   0.720097
   0.384319
   0.150284
    0.05636
  0.0237899
  0.0120212
 0.00732565
 0.00534233
   0.004579
 0.00458448
 0.00533888
 0.00733251
  0.0120093
  0.0238086
  0.0563399
    0.15052
   0.383987
    0.72011
   0.923888
   0.984829
   0.997408
   0.999603
   0.999945
   0.999993
   0.999999
          1
          1
          1
          1
          1
          1
          1
          1
          1
          1
          1
          1
          1
          1
          1
          1
          1
          1
          1
          1
          1
          1
          1
          1
          1
          1
          1
   0.999999
   0.999989
   0.999906
   0.999216
   0.993958
   0.958712
   0.783452
   0.387333
   0.113233
    0.03005
 0.00949072
 0.00393175
 0.00218383
 0.00154386
 0.00129074
 0.00118675
 0.00115113
 0.00115029
 0.00118783
 0.00128955
 0.00154555
  0.0021813
  0.0039367
 0.00948011
  0.0300934
   0.113093
   0.387529
   0.783558
   0.958709
   0.993972
   0.999214
   0.999906
   0.999989
   0.999999
          1
          1
          1
          1
          1
          1
          1
          1
          1
          1
          1
          1
          1
          1
          1
          1
          1
          1
          1
          1
          1
          1
          1
          1
          1
   0.999999
   0.999988
   0.999877
   0.998818
    0.98943
   0.917803
   0.593209
   0.176408
  0.0360957
 0.00860452
 0.00306496
 0.00174848
 0.00144499
  0.0014534
 0.00157887
 0.00173053
 0.00186154
 0.00193411
 0.00193535
 0.00186062
 0.00173186
 0.00157762
 0.00145445
 0.00144343
 0.00175053
 0.00306039
 0.00861391
  0.0360467
   0.176288
   0.593312
   0.917722
   0.989479
   0.998814
   0.999876
   0.999988
   0.999999
          1
          1
          1
          1
          1
          1
          1
          1
          1
          1
          1
          1
          1
          1
          1
          1
          1
          1
          1
          1
          1
          1
          1
   0.999999
    0.99999
   0.999878
   0.998649
    0.98606
   0.878595
   0.444557
   0.091265
  0.0157909
 0.00406372
  0.0020276
  0.0017767
 0.00206409
 0.00260818
 0.00330681
 0.00405972
 0.00477455
 0.00533426
 0.00564743
 0.00564552
 0.00533743
 0.00477395
 0.00406267
 0.00330518
 0.00261108
 0.00206365
 0.00177931
 0.00202631
 0.00406762
  0.0157833
  0.0912904
   0.444745
   0.878528
   0.986158
   0.998648
   0.999878
    0.99999
   0.999999
          1
          1
          1
          1
          1
          1
          1
          1
          1
          1
          1
          1
          1
          1
          1
          1
          1
          1
          1
          1
          1
          1
   0.999993
   0.999908
   0.998838
   0.986178
   0.862858
    0.37395
  0.0609761
 0.00965239
 0.00290681
 0.00205714
 0.00245941
 0.00349467
 0.00506186
 0.00714248
 0.00964618
  0.0124043
  0.0150807
  0.0172557
  0.0184771
  0.0184818
  0.0172527
  0.0150845
  0.0124024
 0.00964975
 0.00714005
 0.00506563
 0.00349382
 0.00246118
 0.00205584
  0.0029062
 0.00965105
  0.0609307
   0.373961
   0.862562
   0.986225
   0.998836
   0.999908
   0.999993
          1
          1
          1
          1
          1
          1
          1
          1
          1
          1
          1
          1
          1
          1
          1
          1
          1
          1
          1
          1
          1
   0.999996
   0.999948
    0.99925
    0.98976
   0.880954
   0.376423
  0.0537058
 0.00777662
  0.0026151
 0.00235724
  0.0034273
 0.00557453
 0.00899051
  0.0139704
  0.0207236
  0.0292605
  0.0390547
  0.0489379
  0.0571253
  0.0618098
  0.0618066
  0.0571338
  0.0489404
  0.0390609
    0.02926
   0.020734
    0.01397
  0.0089971
 0.00557451
 0.00342901
 0.00235809
 0.00261336
 0.00778624
  0.0536643
   0.376523
   0.880986
   0.989812
   0.999248
   0.999948
   0.999996
          1
          1
          1
          1
          1
          1
          1
          1
          1
          1
          1
          1
          1
          1
          1
          1
          1
          1
          1
   0.999999
   0.999977
   0.999633
   0.994318
   0.921492
   0.453644
  0.0623555
 0.00784251
 0.00256738
 0.00259475
  0.0042855
 0.00776844
  0.0138058
  0.0234866
  0.0379992
  0.0583224
  0.0842727
    0.11375
    0.14248
   0.165318
   0.177912
   0.177922
   0.165328
   0.142497
   0.113762
  0.0842871
  0.0583247
  0.0380211
   0.023488
  0.0138142
  0.0077685
 0.00428793
 0.00259517
 0.00256343
 0.00785512
  0.0623498
   0.453736
   0.921525
   0.994341
   0.999631
   0.999977
   0.999999
          1
          1
          1
          1
          1
          1
          1
          1
          1
          1
          1
          1
          1
          1
          1
          1
          1
          1
   0.999992
   0.999863
   0.997632
   0.961745
   0.608793
  0.0957727
 0.00993538
 0.00262228
 0.00257969
 0.00460875
 0.00918052
   0.017889
  0.0331397
  0.0578359
  0.0945505
   0.143454
   0.200401
   0.257207
    0.30539
   0.339349
    0.35666
    0.35667
   0.339363
    0.30541
   0.257229
   0.200416
   0.143485
  0.0945579
  0.0578599
  0.0331448
  0.0178991
 0.00918277
 0.00461291
 0.00258068
 0.00262113
 0.00993512
  0.0957575
   0.609265
   0.961707
   0.997637
   0.999862
   0.999992
          1
          1
          1
          1
          1
          1
          1
          1
          1
          1
          1
          1
          1
          1
          1
          1
          1
   0.999998
   0.999961
   0.999254
   0.986298
   0.798995
   0.188429
  0.0167193
 0.00295133
 0.00232528
 0.00421978
 0.00910234
  0.0193962
  0.0391167
  0.0733026
   0.126176
   0.197287
   0.278791
   0.358006
   0.424543
   0.473837
   0.505605
   0.521041
   0.521044
   0.505627
   0.473864
   0.424573
   0.358044
   0.278822
   0.197337
   0.126185
  0.0733323
  0.0391251
  0.0194068
 0.00910343
 0.00422287
  0.0023266
 0.00295032
   0.016701
    0.18834
   0.799248
   0.986318
   0.999252
   0.999961
   0.999998
          1
          1
          1
          1
          1
          1
          1
          1
          1
          1
          1
          1
          1
          1
          1
          1
   0.999991
   0.999821
    0.99636
   0.931998
   0.413735
  0.0393778
 0.00425099
 0.00203377
 0.00333268
 0.00757839
  0.0175818
  0.0387931
  0.0787106
   0.143575
   0.232171
   0.332983
   0.429558
   0.509962
   0.570187
   0.611485
   0.636842
   0.648821
   0.648828
   0.636853
   0.611507
    0.57021
   0.509998
   0.429606
   0.333018
   0.232225
   0.143576
  0.0787451
  0.0388016
  0.0175905
 0.00757702
 0.00333557
 0.00203376
  0.0042519
  0.0393483
   0.413715
    0.93217
   0.996359
   0.999821
   0.999991
          1
          1
          1
          1
          1
          1
          1
          1
          1
          1
          1
          1
          1
          1
          1
   0.999998
   0.999967
   0.999275
   0.984426
   0.746605
   0.126148
 0.00938189
 0.00205164
 0.00237767
 0.00536213
  0.0133494
  0.0323157
  0.0721773
   0.142642
   0.243267
   0.359617
   0.471617
   0.564469
   0.633093
   0.679751
   0.709404
   0.726586
   0.734418
   0.734419
   0.726594
   0.709417
   0.679771
    0.63312
   0.564508
   0.471664
   0.359659
   0.243325
   0.142639
   0.072204
  0.0323249
  0.0133585
 0.00536199
 0.00237996
 0.00205095
   0.009387
   0.126035
   0.746634
   0.984503
   0.999272
   0.999967
   0.999998
          1
          1
          1
          1
          1
          1
          1
          1
          1
          1
          1
          1
          1
          1
   0.999995
   0.999888
   0.997406
   0.943132
    0.42047
  0.0340862
  0.0032676
 0.00173878
 0.00333145
 0.00857385
   0.022535
  0.0560246
    0.12361
   0.229687
   0.358126
   0.484529
   0.590098
    0.66683
   0.717146
   0.747944
   0.765734
   0.775192
   0.779229
    0.77923
   0.775199
   0.765742
   0.747958
   0.717164
   0.666862
   0.590137
   0.484581
   0.358168
   0.229754
   0.123623
  0.0560465
  0.0225396
 0.00858083
 0.00333257
 0.00174047
 0.00326565
  0.0340864
    0.42038
   0.943032
   0.997418
   0.999888
   0.999995
          1
          1
          1
          1
          1
          1
          1
          1
          1
          1
          1
          1
          1
   0.999999
   0.999986
    0.99967
   0.991948
   0.833323
   0.172029
  0.0107603
 0.00179701
 0.00197472
 0.00478209
  0.0132172
  0.0362115
  0.0911279
   0.192725
   0.328646
   0.468447
   0.588572
   0.676454
   0.732556
   0.765002
   0.782179
   0.790245
   0.793379
    0.79427
   0.794273
   0.793383
   0.790252
   0.782187
   0.765017
   0.732576
   0.676486
   0.588611
   0.468498
   0.328677
   0.192783
   0.091143
  0.0362295
  0.0132201
 0.00478577
 0.00197574
 0.00179825
  0.0107527
   0.172082
   0.833403
   0.991925
    0.99967
   0.999986
   0.999999
          1
          1
          1
          1
          1
          1
          1
          1
          1
          1
          1
          1
   0.999999
   0.999967
   0.999146
   0.978476
   0.635984
  0.0660602
 0.00439366
 0.00143307
 0.00246371
 0.00669449
  0.0194736
  0.0552455
   0.137876
   0.272072
   0.423458
   0.559899
   0.664144
   0.731463
   0.769151
   0.787268
   0.793548
   0.793386
   0.790791
   0.788687
   0.788686
   0.790793
   0.793388
   0.793552
   0.787276
   0.769165
   0.731485
   0.664172
    0.55994
   0.423514
    0.27211
   0.137921
  0.0552536
  0.0194875
 0.00669567
 0.00246568
 0.00143376
 0.00439287
  0.0660379
   0.635816
   0.978483
   0.999145
   0.999967
   0.999999
          1
          1
          1
          1
          1
          1
          1
          1
          1
          1
          1
          1
   0.999997
   0.999928
   0.998098
   0.951141
   0.417942
   0.028155
 0.00237658
 0.00140671
 0.00309437
 0.00898581
  0.0273168
  0.0794816
   0.192417
    0.34942
   0.502524
    0.62757
   0.713743
   0.763188
     0.7865
   0.793244
   0.790029
   0.781873
    0.77321
   0.767771
    0.76777
   0.773211
   0.781874
   0.790028
   0.793251
   0.786509
   0.763204
   0.713766
   0.627604
    0.50257
   0.349485
   0.192453
  0.0795058
  0.0273239
 0.00899153
 0.00309514
 0.00140769
 0.00237551
  0.0281275
   0.418005
   0.951012
   0.998103
   0.999928
   0.999997
          1
          1
          1
          1
          1
          1
          1
          1
          1
          1
          1
          1
   0.999995
   0.999868
   0.996353
   0.907324
   0.258587
  0.0142353
 0.00163391
 0.00150354
 0.00377659
  0.0114883
  0.0362662
   0.106964
   0.247076
   0.414651
   0.561831
    0.67371
   0.744105
   0.779834
   0.792153
   0.789344
   0.777117
    0.76059
   0.745172
   0.735891
   0.735892
   0.745168
   0.760589
   0.777115
   0.789343
   0.792159
   0.779845
   0.744124
   0.673739
   0.561874
   0.414698
   0.247138
   0.106988
  0.0362858
  0.0114906
 0.00377903
 0.00150468
  0.0016338
   0.014226
   0.258446
   0.907461
   0.996356
   0.999867
   0.999995
          1
          1
          1
          1
          1
          1
          1
          1
          1
          1
          1
          1
   0.999992
   0.999788
   0.994031
   0.853336
    0.16832
 0.00864185
 0.00133516
 0.00163328
 0.00442182
  0.0139081
  0.0452416
   0.133791
   0.293726
   0.463069
   0.602623
   0.703085
   0.761597
   0.787477
   0.791436
    0.78052
   0.759851
   0.734972
   0.712572
   0.699286
   0.699282
   0.712573
   0.734967
   0.759848
   0.780517
   0.791437
   0.787485
   0.761613
   0.703111
   0.602661
   0.463131
   0.293776
   0.133831
  0.0452584
  0.0139151
 0.00442249
 0.00163472
 0.00133509
 0.00864203
   0.168385
   0.853123
   0.994065
   0.999787
   0.999992
          1
          1
          1
          1
          1
          1
          1
          1
          1
          1
          1
          1
    0.99999
    0.99971
   0.991729
   0.803483
   0.123151
 0.00627509
 0.00120952
 0.00174768
 0.00492592
  0.0158587
  0.0526598
   0.155161
   0.326733
   0.494373
   0.627701
    0.72013
   0.770855
   0.790287
   0.788384
   0.771268
   0.743734
    0.71181
   0.683479
   0.666776
    0.66678
   0.683475
   0.711808
   0.743727
   0.771263
   0.788385
   0.790293
   0.770869
   0.720155
   0.627741
    0.49442
   0.326806
   0.155201
  0.0526884
  0.0158629
 0.00492899
 0.00174822
 0.00121033
 0.00626743
   0.123133
   0.803669
   0.991741
    0.99971
    0.99999
          1
          1
          1
          1
          1
          1
          1
          1
          1
          1
          1
          1
   0.999988
   0.999661
   0.990241
   0.774392
   0.104721
 0.00536594
 0.00116495
 0.00181153
  0.0052058
  0.0169553
  0.0568886
   0.166964
   0.343638
   0.509556
   0.639575
   0.727896
   0.774782
   0.790996
   0.786015
    0.76547
   0.734003
   0.698011
   0.666241
   0.647576
   0.647572
    0.66624
   0.698005
   0.733997
   0.765466
   0.786014
   0.791004
   0.774797
   0.727923
   0.639616
   0.509621
   0.343702
   0.167019
  0.0569131
  0.0169661
 0.00520697
 0.00181336
 0.00116442
 0.00536486
   0.104668
   0.774072
   0.990292
   0.999662
   0.999988
          1
          1
          1
          1
          1
          1
          1
          1
          1
          1
          1
          1
   0.999988
   0.999662
    0.99024
   0.774354
   0.104648
 0.00537021
   0.001164
 0.00181255
 0.00520473
  0.0169553
  0.0568897
   0.166974
    0.34362
   0.509581
   0.639572
   0.727898
   0.774783
   0.790996
   0.786013
   0.765467
   0.734003
   0.698008
   0.666239
   0.647564
   0.647564
   0.666233
   0.698004
   0.733998
   0.765464
   0.786015
   0.791005
   0.774801
   0.727928
   0.639621
   0.509639
   0.343718
   0.167013
  0.0569276
  0.0169621
 0.00520787
 0.00181343
 0.00116455
 0.00536357
   0.104666
   0.774211
   0.990264
   0.999661
   0.999988
          1
          1
          1
          1
          1
          1
          1
          1
          1
          1
          1
          1
    0.99999
   0.999709
   0.991719
   0.803726
   0.123118
 0.00627084
 0.00121035
 0.00174691
  0.0049273
  0.0158595
  0.0526631
   0.155164
   0.326766
   0.494362
   0.627717
   0.720137
   0.770858
   0.790287
   0.788382
   0.771264
   0.743727
   0.711806
   0.683469
   0.666761
   0.666757
   0.683467
   0.711803
   0.743724
   0.771265
   0.788386
   0.790298
   0.770879
   0.720171
   0.627767
   0.494441
   0.326837
   0.155229
  0.0526856
  0.0158691
 0.00492854
 0.00174829
 0.00121023
 0.00626954
   0.123125
   0.803392
   0.991748
    0.99971
    0.99999
          1
          1
          1
          1
          1
          1
          1
          1
          1
          1
          1
          1
   0.999992
   0.999788
   0.994045
   0.853125
   0.168294
 0.00864477
 0.00133446
 0.00163404
 0.00442137
  0.0139107
  0.0452467
   0.133815
   0.293728
   0.463116
   0.602635
   0.703101
   0.761609
   0.787481
   0.791436
   0.780516
   0.759847
   0.734965
   0.712566
   0.699269
    0.69927
   0.712563
   0.734963
   0.759848
   0.780517
   0.791443
   0.787495
   0.761631
   0.703138
   0.602697
   0.463187
   0.293825
    0.13385
  0.0452769
  0.0139152
 0.00442391
 0.00163505
 0.00133508
 0.00863396
   0.168258
   0.853267
   0.994056
   0.999788
   0.999992
          1
          1
          1
          1
          1
          1
          1
          1
          1
          1
          1
          1
   0.999995
   0.999867
   0.996346
   0.907399
    0.25868
  0.0142219
 0.00163522
 0.00150322
  0.0037782
  0.0114906
  0.0362727
   0.106983
   0.247123
    0.41466
   0.561874
   0.673735
   0.744122
   0.779846
    0.79216
   0.789344
   0.777113
   0.760584
   0.745162
    0.73588
    0.73588
   0.745161
   0.760584
   0.777112
   0.789349
   0.792168
   0.779861
    0.74415
   0.673782
   0.561934
    0.41476
    0.24719
   0.107029
  0.0362908
  0.0114976
 0.00377952
 0.00150469
 0.00163493
  0.0142166
   0.258695
   0.907212
   0.996368
   0.999867
   0.999995
          1
          1
          1
          1
          1
          1
          1
          1
          1
          1
          1
          1
   0.999997
   0.999929
   0.998095
    0.95117
   0.417531
  0.0281702
 0.00237408
  0.0014074
  0.0030939
 0.00898931
  0.0273215
  0.0795006
   0.192443
    0.34949
   0.502558
   0.627617
   0.713775
   0.763209
   0.786515
   0.793256
   0.790032
   0.781874
   0.773209
   0.767768
   0.767766
    0.77321
   0.781874
   0.790035
   0.793261
   0.786527
   0.763229
   0.713812
   0.627669
   0.502644
   0.349558
   0.192526
  0.0795279
  0.0273415
  0.0089925
 0.00309633
 0.00140836
 0.00237554
  0.0281326
   0.417512
   0.951208
   0.998097
   0.999928
   0.999997
          1
          1
          1
          1
          1
          1
          1
          1
          1
          1
          1
          1
   0.999999
   0.999967
   0.999147
   0.978454
    0.63608
  0.0659533
 0.00439656
 0.00143246
 0.00246498
 0.00669568
   0.019483
  0.0552578
   0.137917
   0.272112
   0.423539
   0.559949
   0.664192
   0.731502
   0.769177
   0.787289
   0.793563
   0.793396
   0.790799
   0.788691
   0.788692
   0.790797
   0.793399
   0.793566
   0.787298
   0.769191
   0.731529
   0.664236
   0.560022
   0.423605
   0.272202
   0.137963
  0.0552877
  0.0194896
  0.0067008
 0.00246578
   0.001434
 0.00439328
  0.0659511
   0.636353
   0.978409
   0.999151
   0.999967
   0.999999
          1
          1
          1
          1
          1
          1
          1
          1
          1
          1
          1
          1
   0.999999
   0.999986
   0.999669
   0.991937
   0.833087
   0.172042
  0.0107489
 0.00179868
 0.00197461
 0.00478583
  0.0132189
  0.0362363
  0.0911588
   0.192795
   0.328707
   0.468537
   0.588641
   0.676514
   0.732605
   0.765039
   0.782208
    0.79027
   0.793401
    0.79429
   0.794288
   0.793403
   0.790273
   0.782216
   0.765051
   0.732626
   0.676549
   0.588701
   0.468598
   0.328791
   0.192843
   0.091205
  0.0362422
   0.013231
 0.00478643
 0.00197634
 0.00179831
  0.0107541
   0.171814
   0.833068
   0.991941
   0.999669
   0.999986
   0.999999
          1
          1
          1
          1
          1
          1
          1
          1
          1
          1
          1
          1
          1
   0.999995
   0.999888
   0.997416
   0.943016
   0.420105
  0.0340909
 0.00326184
 0.00173968
 0.00333257
 0.00858169
  0.0225379
  0.0560608
   0.123644
   0.229777
   0.358208
   0.484633
   0.590185
   0.666904
   0.717207
   0.747997
    0.76578
   0.775236
   0.779268
    0.77927
   0.775236
   0.765787
   0.748006
   0.717227
   0.666931
   0.590232
   0.484682
   0.358284
   0.229817
   0.123701
  0.0560691
  0.0225553
 0.00858391
 0.00333402
 0.00173999
 0.00326629
  0.0340334
   0.419998
   0.943179
   0.997403
   0.999888
   0.999995
          1
          1
          1
          1
          1
          1
          1
          1
          1
          1
          1
          1
          1
          1
   0.999998
   0.999967
   0.999273
   0.984432
   0.746401
   0.125906
 0.00939206
 0.00204874
  0.0023799
 0.00536316
  0.0133647
  0.0323219
  0.0722285
   0.142681
   0.243368
   0.359721
   0.471735
   0.564574
   0.633186
   0.679837
   0.709479
   0.726657
   0.734485
   0.734485
   0.726662
   0.709487
   0.679854
   0.633209
   0.564616
   0.471778
   0.359789
    0.24341
   0.142737
  0.0722376
  0.0323487
  0.0133641
 0.00536798
 0.00237963
 0.00205133
 0.00938347
   0.125872
   0.746484
   0.984385
   0.999275
   0.999967
   0.999998
          1
          1
          1
          1
          1
          1
          1
          1
          1
          1
          1
          1
          1
          1
          1
   0.999991
   0.999821
   0.996364
    0.93212
   0.413615
  0.0393155
 0.00425308
 0.00203241
 0.00333616
 0.00757991
  0.0176002
  0.0388049
  0.0787745
   0.143629
   0.232278
   0.333099
   0.429699
   0.510093
   0.570303
   0.611602
    0.63695
   0.648929
    0.64893
   0.636956
   0.611611
   0.570324
   0.510128
   0.429729
   0.333158
    0.23231
   0.143681
  0.0787755
  0.0388329
   0.017598
  0.0075864
 0.00333584
 0.00203449
 0.00425019
  0.0393409
   0.413683
   0.931898
   0.996376
    0.99982
   0.999991
          1
          1
          1
          1
          1
          1
          1
          1
          1
          1
          1
          1
          1
          1
          1
          1
   0.999998
   0.999961
   0.999253
   0.986323
   0.798912
   0.188372
  0.0166851
 0.00295247
  0.0023255
 0.00422524
  0.0091059
  0.0194173
  0.0391381
  0.0733689
    0.12625
   0.197415
   0.278924
   0.358165
   0.424703
   0.473996
   0.505762
   0.521185
   0.521189
   0.505765
   0.474008
    0.42473
   0.358184
   0.278967
   0.197431
    0.12629
  0.0733683
  0.0391619
  0.0194149
 0.00911283
 0.00422419
 0.00232721
 0.00295019
  0.0167144
   0.188301
   0.798875
   0.986334
   0.999249
   0.999961
   0.999998
          1
          1
          1
          1
          1
          1
          1
          1
          1
          1
          1
          1
          1
          1
          1
          1
          1
   0.999992
   0.999862
   0.997643
    0.96163
   0.608983
  0.0957637
 0.00991878
 0.00262397
 0.00258041
 0.00461508
 0.00918542
  0.0179076
  0.0331612
  0.0578918
  0.0946132
   0.143573
   0.200532
    0.25737
   0.305555
   0.339532
   0.356847
   0.356848
   0.339539
   0.305578
   0.257381
   0.200561
   0.143579
  0.0946433
  0.0578915
  0.0331804
  0.0179039
 0.00919262
 0.00461367
 0.00258215
  0.0026216
 0.00993407
  0.0955839
   0.608444
   0.961762
   0.997629
   0.999863
   0.999992
          1
          1
          1
          1
          1
          1
          1
          1
          1
          1
          1
          1
          1
          1
          1
          1
          1
          1
   0.999999
   0.999977
   0.999632
   0.994347
   0.921336
   0.453819
  0.0624339
 0.00783914
 0.00256752
 0.00259482
  0.0042915
 0.00777548
  0.0138221
   0.023503
  0.0380441
  0.0583659
  0.0843541
   0.113843
   0.142611
   0.165446
   0.178054
   0.178055
    0.16546
   0.142609
   0.113859
  0.0843493
  0.0583814
  0.0380395
  0.0235147
  0.0138188
 0.00778074
 0.00429026
 0.00259775
 0.00256706
  0.0078469
  0.0623065
   0.453628
   0.921562
   0.994329
   0.999632
   0.999977
   0.999999
          1
          1
          1
          1
          1
          1
          1
          1
          1
          1
          1
          1
          1
          1
          1
          1
          1
          1
          1
   0.999996
   0.999948
   0.999246
   0.989809
    0.88047
   0.376351
  0.0537453
 0.00776736
 0.00261553
 0.00235708
   0.003431
 0.00557975
 0.00900431
  0.0139802
   0.020752
  0.0292859
  0.0391002
  0.0489807
  0.0571884
  0.0618664
  0.0618714
   0.057184
   0.048988
  0.0390959
  0.0292942
  0.0207461
  0.0139883
 0.00900178
 0.00558277
 0.00343041
 0.00235905
 0.00261529
 0.00777444
  0.0536288
   0.376284
   0.880845
   0.989769
    0.99925
   0.999948
   0.999996
          1
          1
          1
          1
          1
          1
          1
          1
          1
          1
          1
          1
          1
          1
          1
          1
          1
          1
          1
          1
          1
   0.999993
   0.999908
   0.998836
   0.986212
    0.86263
   0.373907
  0.0609828
 0.00963167
 0.00290713
 0.00205615
  0.0024622
 0.00349622
  0.0050707
 0.00714564
 0.00965982
  0.0124131
  0.0151013
  0.0172716
  0.0185023
   0.018498
  0.0172755
  0.0150981
  0.0124189
 0.00965592
 0.00715121
 0.00506775
 0.00349864
 0.00246128
 0.00205832
  0.0029058
 0.00964565
  0.0609089
    0.37373
   0.862893
    0.98621
    0.99884
   0.999908
   0.999993
          1
          1
          1
          1
          1
          1
          1
          1
          1
          1
          1
          1
          1
          1
          1
          1
          1
          1
          1
          1
          1
          1
   0.999999
    0.99999
   0.999878
   0.998648
    0.98609
   0.878427
   0.444032
  0.0913302
  0.0157742
 0.00406652
 0.00202653
 0.00178016
 0.00206382
 0.00261335
 0.00330739
 0.00406696
   0.004778
 0.00534284
 0.00565027
 0.00565354
 0.00533995
 0.00478026
 0.00406385
 0.00331028
 0.00261078
 0.00206653
 0.00177833
 0.00202866
 0.00406235
  0.0157825
  0.0912037
   0.444292
   0.878559
   0.986049
   0.998647
   0.999878
    0.99999
   0.999999
          1
          1
          1
          1
          1
          1
          1
          1
          1
          1
          1
          1
          1
          1
          1
          1
          1
          1
          1
          1
          1
          1
          1
   0.999999
   0.999988
   0.999877
   0.998818
   0.989467
   0.917697
   0.592555
   0.176337
  0.0360446
 0.00861267
 0.00306084
 0.00175169
 0.00144369
 0.00145608
 0.00157894
 0.00173396
 0.00186212
 0.00193781
 0.00193597
 0.00186392
 0.00173207
 0.00158074
  0.0014545
 0.00144652
 0.00174952
 0.00306506
  0.0086022
  0.0360554
   0.176121
   0.592932
   0.917736
   0.989441
   0.998819
   0.999878
   0.999988
   0.999999
          1
          1
          1
          1
          1
          1
          1
          1
          1
          1
          1
          1
          1
          1
          1
          1
          1
          1
          1
          1
          1
          1
          1
          1
          1
   0.999999
   0.999989
   0.999906
   0.999216
   0.993968
   0.958725
   0.783374
   0.387207
   0.113055
   0.030077
 0.00947142
 0.00393609
 0.00218049
 0.00154624
 0.00128999
 0.00118896
 0.00115049
 0.00115221
 0.00118729
  0.0012916
 0.00154372
 0.00218417
 0.00393081
 0.00948884
  0.0300177
   0.113103
   0.387114
   0.783576
   0.958612
   0.993973
   0.999214
   0.999906
   0.999989
   0.999999
          1
          1
          1
          1
          1
          1
          1
          1
          1
          1
          1
          1
          1
          1
          1
          1
          1
          1
          1
          1
          1
          1
          1
          1
          1
          1
          1
   0.999999
   0.999993
   0.999944
   0.999603
    0.99741
   0.984809
    0.92387
   0.719797
   0.383801
   0.150273
  0.0562222
  0.0237876
  0.0119971
 0.00733011
 0.00532965
 0.00458316
 0.00457612
 0.00533898
 0.00731326
   0.012017
  0.0237677
   0.056352
   0.150066
   0.384186
   0.719673
   0.923972
   0.984777
   0.997418
   0.999602
   0.999945
   0.999993
   0.999999
          1
          1
          1
          1
          1
          1
          1
          1
          1
          1
          1
          1
          1
          1
          1
          1
          1
          1
          1
          1
          1
          1
          1
          1
          1
          1
          1
          1
          1
   0.999999
   0.999996
   0.999975
   0.999848
   0.999167
   0.995883
   0.982147
   0.934238
   0.808017
    0.59306
   0.371713
   0.222389
   0.141343
   0.102515
  0.0865097
  0.0866299
   0.102241
    0.14158
   0.221981
   0.372095
   0.592591
   0.808404
   0.933938
   0.982133
   0.995872
   0.999164
   0.999848
   0.999975
   0.999996
   0.999999
          1
          1
          1
          1
          1
          1
          1
          1
          1
          1
          1
          1
          1
          1
          1
          1
          1
          1
          1
          1
          1
          1
          1
          1
          1
          1
          1
          1
          1
          1
          1
          1
   0.999998
   0.999991
   0.999956
   0.999796
   0.999164
   0.996966
   0.990462
   0.974181
   0.941372
   0.888905
   0.825637
   0.767793
   0.735063
   0.734551
   0.768221
   0.824984
   0.889134
   0.941309
   0.974302
   0.990435
   0.996979
   0.999163
   0.999797
   0.999956
   0.999991
   0.999998
          1
          1
          1
          1
          1
          1
          1
          1
          1
          1
          1
          1
          1
          1
          1
          1
          1
          1
          1
          1
          1
          1
          1
          1
          1
          1
          1
          1
          1
          1
          1
          1
          1
          1
          1
          1
   0.999998
    0.99999
   0.999962
    0.99987
    0.99961
   0.998984
   0.997713
     0.9956
   0.992733
   0.989913
   0.988027
   0.988048
   0.989858
   0.992761
   0.995594
   0.997719
   0.998983
    0.99961
   0.999869
   0.999962
    0.99999
   0.999998
          1
          1
          1
          1
          1
          1
          1
          1
          1
          1
          1
          1
          1
          1
          1
          1
          1
          1
          1
          1
          1
          1
          1
          1
          1
          1
          1
          1
          1
          1
          1
          1
          1
          1
          1
          1
          1
          1
          1
          1
   0.999998
   0.999994
   0.999984
   0.999961
   0.999915
   0.999841
   0.999745
   0.999648
   0.999589
   0.999587
   0.999648
   0.999744
   0.999841
   0.999915
   0.999961
   0.999984
   0.999994
   0.999998
          1
          1
          1
          1
          1
          1
          1
          1
          1
          1
          1
          1
          1
          1
          1
          1
          1
          1
          1
          1
          1
          1
          1
          1
          1
          1
          1
          1
          1
          1
          1
          1
          1
          1
          1
          1
          1
          1
          1
          1
          1
          1
          1
          1
   0.999999
   0.999998
   0.999997
   0.999994
   0.999991
   0.999988
   0.999986
   0.999986
   0.999988
   0.999991
   0.999994
   0.999997
   0.999998
   0.999999
          1
          1
          1
          1
          1
          1
          1
          1
          1
          1
          1
          1
          1
          1
          1
          1
          1
          1
          1
          1
          1
          1
          1
          1
          1
          1
          1
          1
          1
          1
          1
          1
          1
          1
          1
          1
          1
          1
          1
          1
          1
          1
          1
          1
          1
          1
          1
          1
          1
          1
          1
          1
          1
          1
          1
          1
          1
          1
          1
          1
          1
          1
          1
          1
          1
          1
          1
          1
          1
          1
          1
          1
          1
          1
          1
          1
          1
          1
          1
          1
          1
          1
          1
          1
          1
          1
          1
          1
          1
          1
          1
          1
          1
          1
          1
          1
          1
          1
          1
          1
          1
          1
          1
          1
          1
          1
          1
          1
          1
          1
          1
          1
          1
          1
          1
          1
          1
          1
          1
          1
          1
          1
          1
          1
          1
          1
          1
          1
          1
          1
          1
          1
          1
          1
          1
          1
          1
          1
          1
          1
          1
          1
          1
          1
          1
          1
          1
          1
          1
          1
          1
          1
          1
          1
          1
          1
          1
          1
          1
          1
          1
          1
          1
          1
          1
          1
          1
          1
          1
          1
          1
          1
          1
          1
          1
          1
          1
          1
          1
          1
          1
          1
          1
          1
          1
          1
          1
          1
          1
          1
          1
          1
          1
          1
          1
          1
          1
          1
          1
          1
          1
          1
          1
          1
          1
          1
          1
          1
          1
          1
          1
          1
          1
          1
          1
          1
          1
          1
          1
          1
          1
          1
          1
          1
          1
          1
          1
          1
          1
          1
          1
          1
          1
          1
          1
          1
          1
          1
          1
          1
          1
          1
          1
          1
          1
          1
          1
          1
          1
          1
          1
          1
          1
          1
          1
          1
          1
          1
          1
          1
          1
          1
          1
          1
          1
          1
          1
          1
          1
          1
          1
          1
          1
          1
          1
          1
          1
          1
          1
          1
          1
          1
          1
          1
          1
          1
          1
          1
          1
          1
          1
          1
          1
          1
          1
          1
          1
          1
          1
          1
          1
          1
          1
          1
          1
          1
          1
          1
          1
          1
          1
          1
          1
          1
          1
          1
          1
          1
          1
          1
          1
          1
          1
          1
          1
          1
          1
          1
          1
          1
          1
          1
          1
          1
          1
          1
          1
          1
          1
          1
          1
          1
          1
          1
          1
          1
          1
          1
          1
          1
          1
          1
          1
          1
          1
          1
          1
          1
          1
          1
          1
          1
          1
          1
          1
          1
          1
          1
          1
          1
          1
          1
          1
          1
          1
          1
          1
          1
          1
          1
          1
          1
          1
          1
          1
          1
          1
          1
          1
          1
          1
          1
          1
          1
          1
          1
          1
          1
          1
          1
          1
          1
          1
          1
          1
          1
          1
          1
          1
          1
          1
          1
          1
          1
          1
          1
          1
          1
          1
          1
          1
          1
          1
          1
          1
          1
          1
          1
          1
          1
          1
          1
          1
          1
          1
          1
          1
          1
          1
          1
          1
          1
          1
          1
          1
          1
          1
          1
          1
          1
          1
          1
          1
          1
          1
          1
          1
          1
          1
          1
          1
          1
          1
          1
          1
          1
          1
          1
          1
          1
          1
          1
          1
          1
          1
          1
          1
          1
          1
          1
          1
          1
          1
          1
          1
          1
          1
          1
          1
          1
          1
          1
          1
          1
          1
          1
          1
          1
          1
          1
          1
          1
          1
          1
          1
          1
          1
          1
          1
          1
          1
          1
          1
          1
          1
          1
          1
          1
          1
          1
          1
          1
          1
          1
          1
          1
          1
          1
          1
          1
          1
          1
          1
          1
          1
          1
          1
          1
          1
          1
          1
          1
          1
          1
          1
          1
          1
          1
          1
          1
          1
          1
          1
          1
          1
          1
          1
          1
          1
          1
          1
          1
          1
          1
          1
          1
          1
          1
          1
          1
          1
          1
          1
          1
          1
          1
          1
          1
          1
          1
          1
          1
          1
          1
          1
          1
          1
          1
          1
          1
          1
          1
          1
          1
          1
          1
          1
          1
          1
          1
          1
          1
          1
          1
          1
          1
          1
          1
          1
          1
          1
          1
          1
          1
          1
          1
          1
          1
          1
          1
          1
          1
          1
          1
          1
          1
          1
          1
          1
          1
          1
          1
          1
          1
          1
          1
          1
          1
          1
          1
          1
          1
          1
          1
          1
          1
          1
          1
          1
          1
          1
          1
          1
          1
          1
          1
          1
          1
          1
          1
          1
          1
          1
          1
          1
          1
          1
          1
          1
          1
          1
          1
          1
          1
          1
          1
          1
          1
          1
          1
          1
          1
          1
          1
          1
          1
          1
          1
          1
          1
          1
          1
          1
          1
          1
          1
          1
          1
          1
          1
          1
          1
          1
          1
          1
          1
          1
          1
          1
          1
          1
   0.999999
   0.999999
   0.999999
   0.999999
          1
          1
          1
          1
          1
          1
          1
          1
          1
          1
          1
          1
          1
          1
          1
          1
          1
          1
          1
          1
          1
          1
          1
          1
          1
          1
          1
          1
          1
          1
          1
          1
          1
          1
          1
          1
          1
          1
          1
          1
          1
          1
          1
          1
          1
          1
          1
          1
          1
          1
          1
   0.999999
   0.999998
   0.999995
   0.999991
   0.999986
   0.999981
   0.999977
   0.999977
   0.999981
   0.999986
   0.999991
   0.999995
   0.999998
   0.999999
          1
          1
          1
          1
          1
          1
          1
          1
          1
          1
          1
          1
          1
          1
          1
          1
          1
          1
          1
          1
          1
          1
          1
          1
          1
          1
          1
          1
          1
          1
          1
          1
          1
          1
          1
          1
          1
          1
          1
          1
          1
          1
          1
   0.999999
   0.999997
   0.999991
   0.999974
   0.999936
   0.999861
   0.999739
   0.999579
   0.999422
   0.999318
   0.999321
    0.99942
    0.99958
   0.999738
   0.999861
   0.999936
   0.999974
   0.999991
   0.999997
   0.999999
          1
          1
          1
          1
          1
          1
          1
          1
          1
          1
          1
          1
          1
          1
          1
          1
          1
          1
          1
          1
          1
          1
          1
          1
          1
          1
          1
          1
          1
          1
          1
          1
          1
          1
          1
          1
          1
          1
   0.999999
   0.999996
   0.999984
   0.999937
   0.999783
   0.999348
   0.998283
   0.996128
   0.992503
   0.987668
   0.982786
   0.979653
    0.97965
   0.982791
   0.987653
   0.992505
   0.996123
   0.998285
   0.999347
   0.999784
   0.999937
   0.999984
   0.999996
   0.999999
          1
          1
          1
          1
          1
          1
          1
          1
          1
          1
          1
          1
          1
          1
          1
          1
          1
          1
          1
          1
          1
          1
          1
          1
          1
          1
          1
          1
          1
          1
          1
          1
          1
          1
          1
   0.999997
   0.999986
   0.999925
   0.999654
   0.998565
   0.994789
   0.983491
   0.955699
   0.901118
   0.818908
   0.726646
   0.650207
   0.608377
   0.608383
    0.65029
   0.726473
   0.818866
   0.900993
   0.955703
   0.983507
   0.994785
   0.998568
   0.999653
   0.999925
   0.999986
   0.999997
          1
          1
          1
          1
          1
          1
          1
          1
          1
          1
          1
          1
          1
          1
          1
          1
          1
          1
          1
          1
          1
          1
          1
          1
          1
          1
          1
          1
          1
          1
          1
          1
   0.999999
   0.999994
   0.999958
   0.999739
   0.998554
   0.992789
   0.968774
   0.887886
   0.700152
   0.444755
   0.244449
   0.134659
  0.0821869
  0.0583336
  0.0490001
  0.0489957
  0.0582986
  0.0821996
   0.134544
   0.244419
   0.444496
   0.700124
    0.88799
    0.96875
   0.992796
    0.99855
    0.99974
   0.999958
   0.999994
   0.999999
          1
          1
          1
          1
          1
          1
          1
          1
          1
          1
          1
          1
          1
          1
          1
          1
          1
          1
          1
          1
          1
          1
          1
          1
          1
          1
          1
          1
          1
   0.999999
   0.999988
   0.999905
   0.999309
   0.995442
   0.973094
   0.870056
   0.583493
   0.251972
  0.0866754
  0.0309995
  0.0130055
 0.00662451
 0.00410433
 0.00303667
 0.00263171
 0.00263113
 0.00303852
 0.00410278
  0.0066288
  0.0129965
  0.0310265
  0.0866767
   0.252181
   0.583483
   0.870084
     0.9731
   0.995431
   0.999309
   0.999904
   0.999988
   0.999999
          1
          1
          1
          1
          1
          1
          1
          1
          1
          1
          1
          1
          1
          1
          1
          1
          1
          1
          1
          1
          1
          1
          1
          1
          1
          1
          1
   0.999998
   0.999982
   0.999836
   0.998608
     0.9892
   0.927123
   0.661055
   0.252136
  0.0632977
  0.0162969
 0.00525243
 0.00230181
 0.00136986
 0.00103755
0.000911719
0.000867008
 0.00085341
0.000853622
0.000866618
0.000912117
 0.00103675
 0.00137078
 0.00229953
 0.00525517
  0.0162855
  0.0633726
   0.251914
    0.66095
   0.927195
   0.989195
   0.998614
   0.999836
   0.999982
   0.999998
          1
          1
          1
          1
          1
          1
          1
          1
          1
          1
          1
          1
          1
          1
          1
          1
          1
          1
          1
          1
          1
          1
          1
          1
          1
   0.999998
   0.999979
   0.999785
   0.997884
   0.980936
   0.857623
   0.435888
   0.101041
   0.019398
 0.00478793
 0.00187018
 0.00120009
 0.00108657
 0.00116215
  0.0013071
 0.00146498
 0.00159341
 0.00166636
 0.00166577
 0.00159409
 0.00146437
 0.00130796
 0.00116152
 0.00108758
 0.00119931
 0.00187174
 0.00478224
    0.01941
   0.100969
   0.435781
   0.857641
   0.980898
   0.997892
   0.999784
   0.999979
   0.999998
          1
          1
          1
          1
          1
          1
          1
          1
          1
          1
          1
          1
          1
          1
          1
          1
          1
          1
          1
          1
          1
          1
          1
   0.999999
   0.999982
   0.999788
   0.997582
   0.974754
   0.794498
   0.295426
  0.0497565
 0.00853989
 0.00242065
 0.00139713
 0.00137462
 0.00170094
 0.00223086
 0.00288812
 0.00360538
 0.00428439
 0.00482454
 0.00512268
  0.0051245
 0.00482343
 0.00428626
 0.00360458
 0.00288997
 0.00223021
 0.00170277
  0.0013742
 0.00139859
 0.00241961
 0.00853937
  0.0497885
   0.295489
   0.794338
   0.974825
   0.997597
   0.999788
   0.999982
   0.999999
          1
          1
          1
          1
          1
          1
          1
          1
          1
          1
          1
          1
          1
          1
          1
          1
          1
          1
          1
          1
          1
   0.999999
   0.999988
   0.999843
   0.997944
   0.975105
    0.77081
   0.237798
  0.0326766
 0.00533089
 0.00185729
 0.00153753
 0.00201048
 0.00298327
  0.0044446
 0.00639269
 0.00878927
  0.0114599
  0.0141014
  0.0162602
  0.0174911
  0.0174879
  0.0162633
  0.0140998
  0.0114629
 0.00878744
 0.00639579
 0.00444346
  0.0029857
 0.00200982
  0.0015378
 0.00185735
 0.00532788
  0.0327171
   0.237962
   0.770442
   0.975123
   0.997952
   0.999842
   0.999988
   0.999999
          1
          1
          1
          1
          1
          1
          1
          1
          1
          1
          1
          1
          1
          1
          1
          1
          1
          1
          1
          1
   0.999994
   0.999911
   0.998683
   0.981714
   0.798846
   0.240197
  0.0286684
 0.00436261
 0.00174778
 0.00183379
 0.00286665
 0.00483254
 0.00799918
  0.0126941
  0.0192249
  0.0276299
  0.0374616
  0.0474893
  0.0558812
  0.0606878
  0.0606914
  0.0558791
  0.0474986
   0.037464
  0.0276373
  0.0192254
  0.0127006
 0.00799902
 0.00483605
  0.0028664
 0.00183476
 0.00174889
 0.00435954
  0.0287144
   0.240388
   0.798429
   0.981693
   0.998689
   0.999911
   0.999994
          1
          1
          1
          1
          1
          1
          1
          1
          1
          1
          1
          1
          1
          1
          1
          1
          1
          1
          1
   0.999998
   0.999961
   0.999365
   0.989911
   0.864392
   0.304585
  0.0334901
 0.00439878
 0.00173913
 0.00204899
  0.0036193
 0.00678321
  0.0123727
  0.0215334
  0.0356354
  0.0557567
  0.0818504
   0.111646
   0.140676
    0.16364
   0.176263
   0.176262
   0.163653
   0.140688
   0.111659
  0.0818586
  0.0557705
  0.0356358
   0.021542
  0.0123728
 0.00678624
 0.00361866
 0.00205048
 0.00173985
 0.00439578
   0.033521
   0.304791
   0.864385
   0.989924
   0.999367
   0.999961
   0.999998
          1
          1
          1
          1
          1
          1
          1
          1
          1
          1
          1
          1
          1
          1
          1
          1
          1
   0.999999
   0.999987
   0.999766
   0.995851
   0.932439
   0.454118
  0.0524037
  0.0054856
 0.00174833
 0.00203556
  0.0039007
 0.00803739
  0.0160848
  0.0305145
  0.0544805
  0.0907518
   0.139559
   0.196288
     0.2524
   0.299549
   0.332552
   0.349315
    0.34932
   0.332566
   0.299574
   0.252426
   0.196315
   0.139581
  0.0907788
  0.0544898
  0.0305264
   0.016086
 0.00804166
 0.00390042
 0.00203761
  0.0017494
 0.00548303
   0.052437
   0.454009
     0.9326
   0.995832
   0.999765
   0.999987
   0.999999
          1
          1
          1
          1
          1
          1
          1
          1
          1
          1
          1
          1
          1
          1
          1
          1
   0.999997
   0.999934
   0.998714
   0.975837
   0.683322
   0.109061
  0.0090511
 0.00187811
 0.00180405
 0.00355986
 0.00796602
  0.0174559
  0.0360699
  0.0691509
   0.121206
   0.191823
   0.272654
    0.35084
   0.416354
   0.464941
   0.496361
   0.511655
   0.511663
   0.496371
   0.464966
   0.416384
   0.350881
   0.272696
   0.191859
   0.121236
  0.0691648
  0.0360834
   0.017459
 0.00797123
  0.0035601
 0.00180565
 0.00187835
  0.0090545
    0.10893
   0.683269
   0.975916
   0.998708
   0.999934
   0.999997
          1
          1
          1
          1
          1
          1
          1
          1
          1
          1
          1
          1
          1
          1
          1
   0.999999
   0.999986
   0.999698
   0.993684
   0.883865
   0.274466
  0.0212981
 0.00251969
 0.00151196
 0.00278313
 0.00661106
  0.0158051
  0.0357672
  0.0742768
   0.137952
   0.225844
   0.326216
   0.422474
   0.502699
   0.562824
    0.60408
   0.629385
   0.641336
   0.641335
   0.629396
   0.604099
   0.562855
   0.502739
   0.422523
    0.32626
    0.22589
   0.137989
   0.074291
  0.0357861
  0.0158083
 0.00661722
 0.00278233
 0.00151265
 0.00252078
   0.021287
   0.274228
   0.883842
   0.993701
   0.999696
   0.999986
   0.999999
          1
          1
          1
          1
          1
          1
          1
          1
          1
          1
          1
          1
          1
          1
   0.999998
   0.999946
   0.998767
   0.972953
   0.618013
  0.0714559
 0.00521826
 0.00140205
 0.00193703
 0.00464381
  0.0119567
  0.0297497
  0.0680927
    0.13706
   0.236753
   0.352955
   0.465311
   0.558351
   0.626684
   0.672804
   0.701887
   0.718635
   0.726227
   0.726226
   0.718643
   0.701903
   0.672827
   0.626713
   0.558392
   0.465363
   0.352997
   0.236798
   0.137101
   0.068105
  0.0297625
   0.011959
 0.00464763
 0.00193659
 0.00140376
 0.00521454
  0.0714681
   0.618347
   0.972916
   0.998771
   0.999945
   0.999998
          1
          1
          1
          1
          1
          1
          1
          1
          1
          1
          1
          1
          1
          1
   0.999992
   0.999815
   0.995588
   0.903369
   0.283242
  0.0186109
 0.00198017
 0.00133537
 0.00283934
 0.00761948
  0.0206502
  0.0527651
    0.11876
   0.223468
   0.351494
   0.478579
   0.584444
   0.660479
   0.709646
   0.739305
   0.756133
   0.764889
   0.768544
   0.768548
   0.764893
   0.756146
   0.739321
   0.709671
   0.660508
   0.584484
   0.478633
   0.351541
    0.22351
   0.118804
   0.052778
  0.0206599
 0.00762141
 0.00284155
 0.00133614
 0.00198186
  0.0185921
   0.283175
   0.903716
   0.995555
   0.999817
   0.999992
          1
          1
          1
          1
          1
          1
          1
          1
          1
          1
          1
          1
          1
   0.999999
   0.999978
    0.99945
    0.98621
   0.736265
   0.101197
 0.00596675
 0.00122015
 0.00162151
 0.00419086
  0.0120005
  0.0339337
  0.0874848
   0.187465
   0.322015
   0.462216
   0.582955
   0.670066
   0.724616
   0.755444
   0.771103
   0.777793
   0.779826
   0.780092
   0.780092
   0.779831
   0.777799
   0.771115
    0.75546
    0.72464
   0.670098
   0.582993
   0.462272
   0.322062
   0.187507
  0.0875198
  0.0339411
  0.0120075
 0.00419207
 0.00162278
 0.00122089
 0.00596905
   0.101064
   0.736212
   0.986207
    0.99945
   0.999978
   0.999999
          1
          1
          1
          1
          1
          1
          1
          1
          1
          1
          1
          1
   0.999998
   0.999946
   0.998584
   0.963151
   0.492246
   0.036814
 0.00255801
 0.00106798
 0.00210037
 0.00598693
  0.0180417
  0.0527944
   0.134194
   0.266216
   0.416547
   0.553877
    0.65791
   0.723598
   0.759296
    0.77535
   0.779409
   0.776967
   0.772393
   0.769115
   0.769116
   0.772396
   0.776972
   0.779415
   0.775362
   0.759311
   0.723621
   0.657943
   0.553914
   0.416605
   0.266271
   0.134229
  0.0528148
  0.0180475
  0.0059898
 0.00210142
  0.0010689
  0.0025573
  0.0367969
   0.491994
   0.963065
   0.998581
   0.999947
   0.999998
          1
          1
          1
          1
          1
          1
          1
          1
          1
          1
          1
          1
   0.999996
   0.999885
   0.996812
    0.91781
   0.283265
  0.0155235
 0.00147539
 0.00111599
 0.00269878
  0.0081741
  0.0257666
  0.0771771
   0.188628
   0.342633
   0.495417
   0.621351
   0.706447
   0.753764
   0.774641
    0.77847
   0.771671
   0.759511
   0.747194
   0.739524
   0.739525
   0.747195
   0.759513
   0.771675
   0.778475
   0.774651
    0.75378
   0.706473
   0.621389
   0.495463
   0.342693
   0.188679
  0.0771938
  0.0257793
 0.00817608
 0.00270007
 0.00111651
 0.00147581
   0.015487
   0.283125
   0.917653
   0.996816
   0.999885
   0.999996
          1
          1
          1
          1
          1
          1
          1
          1
          1
          1
          1
          1
   0.999992
   0.999785
   0.993888
   0.847942
   0.160885
 0.00787922
 0.00108315
 0.00123777
 0.00334708
  0.0105992
  0.0347369
   0.105009
   0.242771
   0.406811
   0.554682
    0.66703
   0.735726
    0.76894
   0.778112
   0.771015
   0.753054
   0.729765
   0.707966
   0.694739
   0.694735
   0.707969
   0.729765
   0.753054
   0.771018
   0.778116
   0.768952
   0.735746
   0.667061
   0.554729
   0.406874
    0.24283
   0.105045
  0.0347478
  0.0106038
 0.00334836
 0.00123864
 0.00108348
 0.00787239
    0.16071
   0.847445
   0.993888
   0.999785
   0.999992
          1
          1
          1
          1
          1
          1
          1
          1
          1
          1
          1
          1
   0.999988
   0.999656
   0.989975
   0.767377
  0.0997491
 0.00485074
0.000929581
 0.00137559
 0.00396094
   0.012977
   0.043846
    0.13219
   0.288488
   0.454555
   0.595455
   0.695903
   0.752302
   0.775234
   0.775122
   0.758172
   0.728993
    0.69373
     0.6614
   0.641922
   0.641925
   0.661397
   0.693733
   0.728992
   0.758171
   0.775126
   0.775242
   0.752318
   0.695935
   0.595498
   0.454608
    0.28856
   0.132222
   0.043867
  0.0129818
 0.00396284
 0.00137647
 0.00093048
 0.00484538
  0.0997381
   0.767236
   0.989968
   0.999654
   0.999988
          1
          1
          1
          1
          1
          1
          1
          1
          1
          1
          1
   0.999999
   0.999984
   0.999526
   0.986074
   0.698177
  0.0714479
 0.00356194
0.000871026
 0.00148939
 0.00444565
  0.0149121
  0.0514382
   0.153746
   0.320655
   0.485451
   0.620534
   0.712554
   0.760878
   0.776954
   0.770083
   0.745221
   0.706407
   0.660528
   0.618786
   0.593782
   0.593778
   0.618787
   0.660525
   0.706406
   0.745221
   0.770084
   0.776961
   0.760895
   0.712581
   0.620579
   0.485512
   0.320714
   0.153802
  0.0514551
  0.0149213
  0.0044476
 0.00149057
0.000871726
 0.00356297
   0.071367
   0.698104
   0.986073
   0.999526
   0.999984
   0.999999
          1
          1
          1
          1
          1
          1
          1
          1
          1
          1
   0.999999
   0.999981
   0.999448
   0.983529
   0.660091
  0.0601176
  0.0030752
0.000851079
   0.001554
 0.00471396
  0.0160107
  0.0557834
   0.165638
   0.337012
   0.500533
   0.632394
   0.720103
   0.764438
   0.777039
   0.766524
   0.737149
   0.692656
   0.640441
   0.593137
   0.564902
   0.564906
   0.593134
   0.640441
   0.692654
   0.737148
   0.766528
   0.777049
   0.764454
   0.720133
   0.632438
    0.50059
   0.337091
   0.165682
  0.0558154
   0.016017
 0.00471667
 0.00155502
0.000852155
 0.00307181
  0.0601753
   0.659775
    0.98357
   0.999445
   0.999981
   0.999999
          1
          1
          1
          1
          1
          1
          1
          1
          1
          1
   0.999999
   0.999981
   0.999445
   0.983591
   0.659817
  0.0602035
 0.00307298
0.000851535
 0.00155369
  0.0047146
  0.0160099
  0.0557875
   0.165627
   0.337034
   0.500525
   0.632399
   0.720106
   0.764439
   0.777039
   0.766523
   0.737147
   0.692651
   0.640439
   0.593131
   0.564892
   0.564888
   0.593129
   0.640437
   0.692651
    0.73715
   0.766527
   0.777049
   0.764458
   0.720138
   0.632448
   0.500595
   0.337108
   0.165693
  0.0558107
  0.0160211
 0.00471608
 0.00155515
  0.0008521
 0.00307372
  0.0601303
   0.659661
   0.983571
   0.999446
   0.999981
   0.999999
          1
          1
          1
          1
          1
          1
          1
          1
          1
          1
   0.999999
   0.999984
   0.999528
   0.986038
   0.698643
  0.0713362
 0.00356561
0.000870664
 0.00148977
 0.00444571
   0.014914
   0.051437
   0.153771
   0.320649
   0.485481
   0.620546
   0.712561
   0.760883
   0.776955
    0.77008
   0.745214
   0.706399
    0.66052
   0.618776
   0.593761
   0.593759
   0.618774
   0.660521
   0.706402
   0.745216
   0.770087
   0.776969
   0.760903
   0.712598
   0.620599
   0.485549
   0.320746
   0.153817
  0.0514698
  0.0149211
 0.00444818
 0.00149081
 0.00087172
 0.00356069
  0.0713864
   0.698131
   0.986044
   0.999525
   0.999984
   0.999999
          1
          1
          1
          1
          1
          1
          1
          1
          1
          1
          1
   0.999988
   0.999655
   0.989993
    0.76727
  0.0998711
 0.00484465
0.000930138
 0.00137511
 0.00396125
  0.0129785
  0.0438516
   0.132197
   0.288535
   0.454562
    0.59548
   0.695921
   0.752312
   0.775238
   0.775124
   0.758167
   0.728983
   0.693721
   0.661383
     0.6419
   0.641899
   0.661384
   0.693721
   0.728985
   0.758173
   0.775131
   0.775253
   0.752336
   0.695962
   0.595541
   0.454653
   0.288611
   0.132256
   0.043871
  0.0129868
 0.00396289
 0.00137643
0.000930854
 0.00484262
  0.0997602
   0.766789
   0.989975
   0.999655
   0.999988
          1
          1
          1
          1
          1
          1
          1
          1
          1
          1
          1
          1
   0.999992
   0.999786
   0.993875
   0.848003
   0.160608
 0.00788352
 0.00108284
 0.00123822
 0.00334732
  0.0106018
  0.0347402
   0.105034
   0.242794
   0.406866
   0.554717
   0.667057
   0.735746
   0.768953
   0.778118
   0.771017
   0.753049
   0.729756
   0.707953
    0.69472
   0.694719
   0.707955
   0.729756
   0.753052
    0.77102
   0.778128
   0.768971
   0.735775
   0.667107
   0.554782
   0.406949
   0.242883
   0.105067
  0.0347631
  0.0106059
 0.00334939
 0.00123909
 0.00108361
 0.00787016
   0.160575
    0.84775
   0.993873
   0.999785
   0.999992
          1
          1
          1
          1
          1
          1
          1
          1
          1
          1
          1
          1
   0.999996
   0.999885
   0.996821
   0.917643
   0.283395
  0.0154904
 0.00147653
 0.00111576
 0.00269943
  0.0081762
  0.0257737
  0.0771928
   0.188681
   0.342669
   0.495474
   0.621397
   0.706481
   0.753789
    0.77466
    0.77848
   0.771677
    0.75951
   0.747189
   0.739514
   0.739515
   0.747187
   0.759511
   0.771678
   0.778487
   0.774672
   0.753809
   0.706516
   0.621452
   0.495545
   0.342771
   0.188736
  0.0772293
  0.0257862
 0.00818196
 0.00270053
 0.00111695
 0.00147667
  0.0154856
   0.283196
   0.917566
   0.996815
   0.999885
   0.999996
          1
          1
          1
          1
          1
          1
          1
          1
          1
          1
          1
          1
   0.999998
   0.999947
   0.998578
   0.963243
   0.491605
  0.0368177
 0.00255637
 0.00106847
 0.00210057
 0.00599008
  0.0180473
  0.0528131
   0.134231
   0.266287
   0.416608
    0.55394
   0.657966
   0.723639
   0.759328
   0.775376
   0.779427
   0.776981
   0.772402
   0.769121
   0.769119
   0.772403
   0.776981
   0.779431
   0.775384
   0.759343
   0.723665
   0.658011
   0.554004
   0.416699
   0.266354
    0.13429
  0.0528351
    0.01806
 0.00599217
 0.00210206
 0.00106928
 0.00255797
  0.0367487
    0.49221
   0.963107
   0.998579
   0.999947
   0.999998
          1
          1
          1
          1
          1
          1
          1
          1
          1
          1
          1
          1
   0.999999
   0.999978
   0.999451
   0.986205
   0.736241
   0.101036
 0.00596634
 0.00121999
  0.0016222
 0.00419215
  0.0120078
  0.0339436
  0.0875198
   0.187515
     0.3221
   0.462299
    0.58303
   0.670133
   0.724669
   0.755485
   0.771138
   0.777821
    0.77985
   0.780111
   0.780112
   0.779851
   0.777824
   0.771142
   0.755497
   0.724687
   0.670168
   0.583083
   0.462369
   0.322167
   0.187594
  0.0875591
  0.0339632
  0.0120129
 0.00419555
 0.00162279
  0.0012211
 0.00596661
   0.100999
   0.736493
    0.98614
   0.999452
   0.999978
   0.999999
          1
          1
          1
          1
          1
          1
          1
          1
          1
          1
          1
          1
          1
   0.999992
   0.999816
   0.995576
    0.90342
   0.282897
  0.0186003
 0.00198106
 0.00133527
  0.0028423
   0.007621
  0.0206637
  0.0527856
   0.118817
   0.223543
   0.351594
   0.478684
   0.584534
    0.66056
   0.709716
   0.739362
   0.756184
   0.764932
   0.768586
   0.768585
   0.764935
   0.756188
   0.739372
   0.709731
   0.660589
   0.584577
    0.47874
   0.351658
   0.223618
   0.118859
   0.052809
   0.020672
 0.00762992
 0.00284167
 0.00133708
 0.00198243
  0.0185939
   0.283008
   0.903421
   0.995583
   0.999815
   0.999992
          1
          1
          1
          1
          1
          1
          1
          1
          1
          1
          1
          1
          1
          1
   0.999998
   0.999946
   0.998771
    0.97291
   0.618207
  0.0713579
  0.0052153
 0.00140236
 0.00193643
 0.00464909
  0.0119597
  0.0297703
   0.068121
   0.137131
   0.236842
   0.353073
   0.465437
   0.558465
   0.626788
   0.672895
    0.70197
   0.718711
   0.726296
   0.726298
   0.718712
   0.701977
   0.672908
   0.626812
   0.558498
   0.465486
   0.353125
   0.236908
   0.137161
  0.0681486
  0.0297833
  0.0119705
  0.0046481
 0.00193905
 0.00140317
 0.00521693
  0.0713588
   0.618021
   0.973018
   0.998764
   0.999946
   0.999998
          1
          1
          1
          1
          1
          1
          1
          1
          1
          1
          1
          1
          1
          1
   0.999999
   0.999986
   0.999697
    0.99369
   0.883735
   0.274274
  0.0212817
 0.00251796
 0.00151282
 0.00278272
 0.00661973
  0.0158107
  0.0357961
  0.0743183
   0.138027
   0.225946
   0.326345
   0.422616
   0.502836
   0.562958
   0.604201
   0.629501
   0.641444
   0.641445
   0.629507
   0.604212
   0.562973
   0.502863
   0.422659
   0.326386
   0.226004
   0.138059
  0.0743466
  0.0358108
  0.0158224
   0.006618
 0.00278709
 0.00151258
  0.0025212
  0.0212764
   0.274199
    0.88381
   0.993683
   0.999697
   0.999986
   0.999999
          1
          1
          1
          1
          1
          1
          1
          1
          1
          1
          1
          1
          1
          1
          1
   0.999997
   0.999934
   0.998712
   0.975872
   0.682696
    0.10897
 0.00904544
 0.00187608
  0.0018063
 0.00356049
 0.00797676
  0.0174633
  0.0361008
  0.0691982
    0.12129
   0.191935
   0.272797
   0.350997
   0.416513
   0.465101
   0.496514
   0.511809
   0.511811
   0.496525
   0.465118
   0.416535
   0.351032
   0.272823
   0.191981
   0.121316
  0.0692246
  0.0361085
   0.017475
  0.0079738
  0.0035665
  0.0018052
 0.00187905
 0.00905243
   0.108909
    0.68306
     0.9758
   0.998714
   0.999934
   0.999997
          1
          1
          1
          1
          1
          1
          1
          1
          1
          1
          1
          1
          1
          1
          1
          1
   0.999999
   0.999987
   0.999765
   0.995845
   0.932407
   0.453716
   0.052411
 0.00547967
 0.00174781
 0.00203834
 0.00390144
 0.00804777
  0.0160937
  0.0305428
  0.0545183
  0.0908351
   0.139663
    0.19643
   0.252558
   0.299726
    0.33273
   0.349496
   0.349502
   0.332743
   0.299736
    0.25258
   0.196439
   0.139688
  0.0908423
  0.0545398
  0.0305474
  0.0161039
 0.00804557
 0.00390765
 0.00203665
 0.00174937
 0.00548704
  0.0523848
   0.453432
   0.932512
   0.995847
   0.999765
   0.999987
   0.999999
          1
          1
          1
          1
          1
          1
          1
          1
          1
          1
          1
          1
          1
          1
          1
          1
          1
   0.999998
   0.999961
   0.999366
   0.989891
   0.864237
   0.304621
  0.0334879
  0.0043972
 0.00173904
 0.00205154
 0.00362048
 0.00679216
  0.0123815
  0.0215592
  0.0356593
  0.0558158
  0.0819152
   0.111751
   0.140791
   0.163778
   0.176398
   0.176405
   0.163778
   0.140808
    0.11175
  0.0819339
  0.0558157
  0.0356751
  0.0215592
  0.0123898
 0.00678925
 0.00362515
 0.00204973
 0.00174045
 0.00440051
  0.0334892
   0.304063
   0.864366
   0.989915
   0.999363
   0.999961
   0.999998
          1
          1
          1
          1
          1
          1
          1
          1
          1
          1
          1
          1
          1
          1
          1
          1
          1
          1
          1
   0.999994
   0.999911
   0.998689
   0.981673
   0.798602
   0.240379
  0.0286842
 0.00436044
 0.00174806
 0.00183548
 0.00286867
  0.0048399
 0.00800472
  0.0127126
    0.01924
  0.0276649
  0.0374938
  0.0475432
  0.0559298
  0.0607516
  0.0607455
  0.0559389
  0.0475384
  0.0375042
   0.027662
   0.019247
  0.0127088
  0.0080105
  0.0048376
 0.00287139
 0.00183438
 0.00174965
 0.00436507
  0.0286889
   0.240119
   0.798711
   0.981683
   0.998686
   0.999911
   0.999994
          1
          1
          1
          1
          1
          1
          1
          1
          1
          1
          1
          1
          1
          1
          1
          1
          1
          1
          1
          1
   0.999999
   0.999988
   0.999842
   0.997945
   0.975116
   0.770467
   0.238073
  0.0326672
  0.0053266
 0.00185752
 0.00153835
 0.00201122
 0.00298864
 0.00444699
 0.00640297
 0.00879538
   0.011476
  0.0141138
   0.016282
  0.0175071
  0.0175119
  0.0162778
  0.0141185
  0.0114736
 0.00879952
 0.00640027
  0.0044507
 0.00298672
 0.00201366
 0.00153775
 0.00185904
 0.00533007
  0.0326603
   0.237701
   0.770668
   0.975143
   0.997951
   0.999842
   0.999988
   0.999999
          1
          1
          1
          1
          1
          1
          1
          1
          1
          1
          1
          1
          1
          1
          1
          1
          1
          1
          1
          1
          1
   0.999999
   0.999982
   0.999789
   0.997585
   0.974829
   0.794281
   0.295383
  0.0497457
 0.00852934
 0.00241931
 0.00139834
 0.00137448
 0.00170421
 0.00223174
 0.00289284
 0.00360748
 0.00429093
 0.00482799
 0.00513035
 0.00512757
 0.00483014
 0.00428895
 0.00360979
 0.00289134
 0.00223352
 0.00170264
 0.00137618
 0.00139748
 0.00242224
 0.00852921
  0.0496927
   0.295359
   0.794363
   0.974851
   0.997589
   0.999788
   0.999982
   0.999999
          1
          1
          1
          1
          1
          1
          1
          1
          1
          1
          1
          1
          1
          1
          1
          1
          1
          1
          1
          1
          1
          1
          1
   0.999998
   0.999979
   0.999785
   0.997878
   0.980928
   0.857382
   0.435599
   0.101028
  0.0193809
 0.00478235
 0.00187183
 0.00119955
 0.00108851
 0.00116232
 0.00130925
 0.00146564
 0.00159606
 0.00166709
 0.00166843
  0.0015948
 0.00146665
 0.00130832
 0.00116342
 0.00108752
 0.00120108
  0.0018702
 0.00478773
  0.0193821
   0.100972
   0.435863
   0.857643
   0.980928
   0.997884
   0.999785
   0.999979
   0.999998
          1
          1
          1
          1
          1
          1
          1
          1
          1
          1
          1
          1
          1
          1
          1
          1
          1
          1
          1
          1
          1
          1
          1
          1
          1
   0.999998
   0.999982
   0.999836
   0.998607
   0.989177
   0.927034
   0.660551
    0.25196
  0.0632987
  0.0162811
 0.00525443
 0.00229943
 0.00137112
 0.00103712
0.000912989
0.000867027
0.000854605
0.000853845
 0.00086783
0.000912163
 0.00103825
  0.0013699
 0.00230148
 0.00525025
  0.0162876
  0.0632682
      0.252
   0.660726
    0.92707
   0.989169
   0.998609
   0.999836
   0.999982
   0.999998
          1
          1
          1
          1
          1
          1
          1
          1
          1
          1
          1
          1
          1
          1
          1
          1
          1
          1
          1
          1
          1
          1
          1
          1
          1
          1
          1
   0.999999
   0.999988
   0.999905
   0.999309
   0.995426
   0.973081
   0.869853
   0.583251
   0.251893
   0.086573
  0.0310041
  0.0129872
 0.00662647
 0.00409933
 0.00303828
 0.00262874
 0.00263206
 0.00303451
 0.00410147
 0.00661811
  0.0130004
  0.0309785
   0.086623
   0.251694
   0.583379
   0.869902
   0.973123
    0.99542
   0.999311
   0.999904
   0.999988
   0.999999
          1
          1
          1
          1
          1
          1
          1
          1
          1
          1
          1
          1
          1
          1
          1
          1
          1
          1
          1
          1
          1
          1
          1
          1
          1
          1
          1
          1
          1
   0.999999
   0.999994
   0.999957
   0.999739
    0.99855
   0.992788
   0.968736
   0.887845
   0.699876
   0.444023
   0.244306
   0.134397
  0.0822114
  0.0582042
  0.0490015
  0.0489303
  0.0582728
    0.08207
   0.134632
   0.244204
   0.444645
   0.699779
   0.888064
    0.96868
   0.992805
   0.998545
    0.99974
   0.999957
   0.999994
   0.999999
          1
          1
          1
          1
          1
          1
          1
          1
          1
          1
          1
          1
          1
          1
          1
          1
          1
          1
          1
          1
          1
          1
          1
          1
          1
          1
          1
          1
          1
          1
          1
          1
   0.999997
   0.999985
   0.999925
   0.999653
   0.998564
   0.994777
   0.983471
   0.955636
   0.900796
   0.818906
    0.72588
   0.650257
   0.607691
   0.608223
   0.649653
   0.726329
   0.818528
   0.901026
   0.955581
   0.983521
   0.994759
   0.998567
   0.999652
   0.999925
   0.999985
   0.999997
          1
          1
          1
          1
          1
          1
          1
          1
          1
          1
          1
          1
          1
          1
          1
          1
          1
          1
          1
          1
          1
          1
          1
          1
          1
          1
          1
          1
          1
          1
          1
          1
          1
          1
          1
   0.999999
   0.999996
   0.999984
   0.999937
   0.999783
   0.999346
   0.998282
    0.99613
   0.992486
    0.98768
   0.982738
    0.97968
    0.97961
   0.982779
   0.987642
   0.992501
   0.996119
   0.998286
   0.999345
   0.999783
   0.999937
   0.999984
   0.999996
   0.999999
          1
          1
          1
          1
          1
          1
          1
          1
          1
          1
          1
          1
          1
          1
          1
          1
          1
          1
          1
          1
          1
          1
          1
          1
          1
          1
          1
          1
          1
          1
          1
          1
          1
          1
          1
          1
          1
          1
   0.999999
   0.999997
   0.999991
   0.999974
   0.999936
    0.99986
   0.999738
   0.999577
   0.999422
   0.999318
   0.999319
    0.99942
   0.999579
   0.999738
    0.99986
   0.999936
   0.999974
   0.999991
   0.999997
   0.999999
          1
          1
          1
          1
          1
          1
          1
          1
          1
          1
          1
          1
          1
          1
          1
          1
          1
          1
          1
          1
          1
          1
          1
          1
          1
          1
          1
          1
          1
          1
          1
          1
          1
          1
          1
          1
          1
          1
          1
          1
          1
          1
          1
   0.999999
   0.999998
   0.999995
   0.999991
   0.999986
   0.999981
   0.999977
   0.999977
   0.999981
   0.999986
   0.999991
   0.999995
   0.999998
   0.999999
          1
          1
          1
          1
          1
          1
          1
          1
          1
          1
          1
          1
          1
          1
          1
          1
          1
          1
          1
          1
          1
          1
          1
          1
          1
          1
          1
          1
          1
          1
          1
          1
          1
          1
          1
          1
          1
          1
          1
          1
          1
          1
          1
          1
          1
          1
          1
          1
          1
          1
          1
   0.999999
   0.999999
   0.999999
   0.999999
          1
          1
          1
          1
          1
          1
          1
          1
          1
          1
          1
          1
          1
          1
          1
          1
          1
          1
          1
          1
          1
          1
          1
          1
          1
          1
          1
          1
          1
          1
          1
          1
          1
          1
          1
          1
          1
          1
          1
          1
          1
          1
          1
          1
          1
          1
          1
          1
          1
          1
          1
          1
          1
          1
          1
          1
          1
          1
          1
          1
          1
          1
          1
          1
          1
          1
          1
          1
          1
          1
          1
          1
          1
          1
          1
          1
          1
          1
          1
          1
          1
          1
          1
          1
          1
          1
          1
          1
          1
          1
          1
          1
          1
          1
          1
          1
          1
          1
          1
          1
          1
          1
          1
          1
          1
          1
          1
          1
          1
          1
          1
          1
          1
          1
          1
          1
          1
          1
          1
          1
          1
          1
          1
          1
          1
          1
          1
          1
          1
          1
          1
          1
          1
          1
          1
          1
          1
          1
          1
          1
          1
          1
          1
          1
          1
          1
          1
          1
          1
          1
          1
          1
          1
          1
          1
          1
          1
          1
          1
          1
          1
          1
          1
          1
          1
          1
          1
          1
          1
          1
          1
          1
          1
          1
          1
          1
          1
          1
          1
          1
          1
          1
          1
          1
          1
          1
          1
          1
          1
          1
          1
          1
          1
          1
          1
          1
          1
          1
          1
          1
          1
          1
          1
          1
          1
          1
          1
          1
          1
          1
          1
          1
          1
          1
          1
          1
          1
          1
          1
          1
          1
          1
          1
          1
          1
          1
          1
          1
          1
          1
          1
          1
          1
          1
          1
          1
          1
          1
          1
          1
          1
          1
          1
          1
          1
          1
          1
          1
          1
          1
          1
          1
          1
          1
          1
          1
          1
          1
          1
          1
          1
          1
          1
          1
          1
          1
          1
          1
          1
          1
          1
          1
          1
          1
          1
          1
          1
          1
          1
          1
          1
          1
          1
          1
          1
          1
          1
          1
          1
          1
          1
          1
          1
          1
          1
          1
          1
          1
          1
          1
          1
          1
          1
          1
          1
          1
          1
          1
          1
          1
          1
          1
          1
          1
          1
          1
          1
          1
          1
          1
          1
          1
          1
          1
          1
          1
          1
          1
          1
          1
          1
          1
          1
          1
          1
          1
          1
          1
          1
          1
          1
          1
          1
          1
          1
          1
          1
          1
          1
          1
          1
          1
          1
          1
          1
          1
          1
          1
          1
          1
          1
          1
          1
          1
          1
          1
          1
          1
          1
          1
          1
          1
          1
          1
          1
          1
          1
          1
          1
          1
          1
          1
          1
          1
          1
          1
          1
          1
          1
          1
          1
          1
          1
          1
          1
          1
          1
          1
          1
          1
          1
          1
          1
          1
          1
          1
          1
          1
          1
          1
          1
          1
          1
          1
          1
          1
          1
          1
          1
          1
          1
          1
          1
          1
          1
          1
          1
          1
          1
          1
          1
          1
          1
          1
          1
          1
          1
          1
          1
          1
          1
          1
          1
          1
          1
          1
          1
          1
          1
          1
          1
          1
          1
          1
          1
          1
          1
          1
          1
          1
          1
          1
          1
          1
          1
          1
          1
          1
          1
          1
          1
          1
          1
          1
          1
          1
          1
          1
          1
          1
          1
          1
          1
          1
          1
          1
          1
          1
          1
          1
          1
          1
          1
          1
          1
          1
          1
          1
          1
          1
          1
          1
          1
          1
          1
          1
          1
          1
          1
          1
          1
          1
          1
          1
          1
          1
          1
          1
          1
          1
          1
          1
          1
          1
          1
          1
          1
          1
          1
          1
          1
          1
          1
          1
          1
          1
          1
          1
          1
          1
          1
          1
          1
          1
          1
          1
          1
          1
          1
          1
          1
          1
          1
          1
          1
          1
          1
          1
          1
          1
          1
          1
          1
          1
          1
          1
          1
          1
          1
          1
          1
          1
          1
          1
          1
          1
          1
          1
          1
          1
          1
          1
          1
          1
          1
          1
          1
          1
          1
          1
          1
          1
          1
          1
          1
          1
          1
          1
          1
          1
          1
          1
          1
          1
          1
          1
          1
          1
          1
          1
          1
          1
          1
          1
          1
          1
          1
          1
          1
          1
          1
          1
          1
          1
          1
          1
          1
          1
          1
          1
          1
          1
          1
          1
          1
          1
          1
          1
          1
          1
          1
          1
          1
          1
          1
          1
          1
          1
          1
          1
          1
          1
          1
          1
          1
   0.999999
   0.999999
   0.999999
   0.999999
   0.999999
   0.999999
          1
          1
          1
          1
          1
          1
          1
          1
          1
          1
          1
          1
          1
          1
          1
          1
          1
          1
          1
          1
          1
          1
          1
          1
          1
          1
          1
          1
          1
          1
          1
          1
          1
          1
          1
          1
          1
          1
          1
          1
          1
          1
          1
          1
          1
          1
          1
          1
          1
   0.999999
   0.999999
   0.999997
   0.999993
   0.999987
   0.999979
   0.999972
   0.999967
   0.999967
   0.999972
   0.999979
   0.999987
   0.999993
   0.999997
   0.999999
   0.999999
          1
          1
          1
          1
          1
          1
          1
          1
          1
          1
          1
          1
          1
          1
          1
          1
          1
          1
          1
          1
          1
          1
          1
          1
          1
          1
          1
          1
          1
          1
          1
          1
          1
          1
          1
          1
          1
          1
          1
          1
          1
          1
   0.999999
   0.999996
   0.999987
   0.999962
   0.999904
   0.999792
   0.999609
   0.999371
    0.99913
   0.998981
   0.998979
   0.999134
   0.999369
   0.999609
   0.999791
   0.999905
   0.999962
   0.999987
   0.999996
   0.999999
          1
          1
          1
          1
          1
          1
          1
          1
          1
          1
          1
          1
          1
          1
          1
          1
          1
          1
          1
          1
          1
          1
          1
          1
          1
          1
          1
          1
          1
          1
          1
          1
          1
          1
          1
          1
          1
          1
   0.999999
   0.999994
   0.999976
   0.999904
   0.999672
   0.999004
   0.997388
    0.99408
   0.988536
   0.981121
   0.973723
   0.968959
   0.969004
   0.973706
   0.981141
   0.988506
   0.994069
   0.997381
   0.999006
   0.999671
   0.999904
   0.999975
   0.999994
   0.999999
          1
          1
          1
          1
          1
          1
          1
          1
          1
          1
          1
          1
          1
          1
          1
          1
          1
          1
          1
          1
          1
          1
          1
          1
          1
          1
          1
          1
          1
          1
          1
          1
          1
          1
   0.999999
   0.999996
   0.999978
   0.999886
   0.999464
   0.997785
   0.991882
   0.974496
   0.932225
   0.852543
   0.740962
   0.626325
   0.539256
   0.494396
   0.494324
   0.539454
   0.626243
   0.740775
   0.852432
   0.932187
    0.97444
   0.991892
   0.997778
   0.999466
   0.999886
   0.999978
   0.999996
   0.999999
          1
          1
          1
          1
          1
          1
          1
          1
          1
          1
          1
          1
          1
          1
          1
          1
          1
          1
          1
          1
          1
          1
          1
          1
          1
          1
          1
          1
          1
          1
          1
   0.999999
    0.99999
   0.999934
   0.999596
   0.997723
   0.988663
    0.95109
   0.832079
   0.591546
    0.33106
   0.166224
  0.0872381
  0.0520881
  0.0366035
  0.0306306
  0.0306343
  0.0366043
  0.0520906
  0.0872547
   0.166162
   0.330967
   0.591826
   0.831947
    0.95112
   0.988642
   0.997727
   0.999595
   0.999934
    0.99999
   0.999999
          1
          1
          1
          1
          1
          1
          1
          1
          1
          1
          1
          1
          1
          1
          1
          1
          1
          1
          1
          1
          1
          1
          1
          1
          1
          1
          1
          1
          1
   0.999998
   0.999981
    0.99985
    0.99891
   0.992715
   0.957341
   0.804332
   0.460665
   0.169437
  0.0541976
  0.0189896
  0.0079528
 0.00408945
 0.00256408
 0.00192103
 0.00167545
 0.00167591
 0.00192053
 0.00256498
 0.00408849
 0.00795688
  0.0189824
  0.0541925
   0.169574
   0.460793
    0.80462
   0.957325
   0.992713
   0.998907
   0.999851
   0.999981
   0.999998
          1
          1
          1
          1
          1
          1
          1
          1
          1
          1
          1
          1
          1
          1
          1
          1
          1
          1
          1
          1
          1
          1
          1
          1
          1
          1
          1
   0.999997
   0.999972
    0.99974
   0.997779
   0.982593
    0.88575
   0.540317
   0.167583
  0.0386945
 0.00983448
 0.00323345
  0.0014756
0.000924784
0.000732271
0.000666366
0.000646858
0.000643589
0.000643319
0.000647093
0.000666073
0.000732723
0.000924277
 0.00147624
 0.00323207
 0.00983178
   0.038689
   0.167679
   0.540532
   0.885717
   0.982585
   0.997769
   0.999738
   0.999972
   0.999997
          1
          1
          1
          1
          1
          1
          1
          1
          1
          1
          1
          1
          1
          1
          1
          1
          1
          1
          1
          1
          1
          1
          1
          1
          1
   0.999997
   0.999968
   0.999658
   0.996593
   0.969054
   0.783608
   0.314321
  0.0620337
  0.0115746
 0.00293574
 0.00122924
 0.00085242
0.000821372
0.000912235
 0.00105206
 0.00119572
 0.00131352
 0.00137853
 0.00137908
   0.001313
 0.00119633
 0.00105172
 0.00091279
0.000820859
0.000852879
 0.00122836
 0.00293643
  0.0115669
  0.0620187
   0.314356
   0.783407
   0.969063
   0.996592
   0.999657
   0.999968
   0.999997
          1
          1
          1
          1
          1
          1
          1
          1
          1
          1
          1
          1
          1
          1
          1
          1
          1
          1
          1
          1
          1
          1
          1
   0.999998
   0.999973
   0.999666
   0.996127
   0.959181
    0.69711
   0.197499
  0.0296535
 0.00510822
 0.00155361
0.000990262
 0.00104737
 0.00135514
 0.00182233
 0.00240439
 0.00303833
 0.00364884
 0.00413341
 0.00440606
 0.00440497
 0.00413469
 0.00364807
 0.00303996
 0.00240401
 0.00182351
 0.00135471
  0.0010481
0.000990045
 0.00155457
 0.00510716
  0.0296343
   0.197479
   0.697064
   0.959257
   0.996136
   0.999664
   0.999973
   0.999998
          1
          1
          1
          1
          1
          1
          1
          1
          1
          1
          1
          1
          1
          1
          1
          1
          1
          1
          1
          1
          1
   0.999999
   0.999982
   0.999752
   0.996703
   0.959856
   0.666741
   0.154026
  0.0192608
  0.0032272
 0.00124586
 0.00114099
 0.00157916
 0.00242342
 0.00368866
 0.00540776
 0.00754423
 0.00996912
  0.0123858
  0.0143864
  0.0155259
  0.0155286
  0.0143843
  0.0123888
 0.00996887
 0.00754726
 0.00540728
 0.00369065
  0.0024229
 0.00158006
 0.00114094
 0.00124633
 0.00322876
  0.0192466
   0.153864
   0.666969
   0.959894
     0.9967
   0.999751
   0.999982
   0.999999
          1
          1
          1
          1
          1
          1
          1
          1
          1
          1
          1
          1
          1
          1
          1
          1
          1
          1
          1
   0.999999
   0.999991
   0.999861
   0.997905
   0.970463
   0.704058
    0.15613
  0.0168658
 0.00266667
 0.00120319
 0.00139022
 0.00227951
  0.0039567
 0.00669155
  0.0108402
  0.0167085
  0.0244025
   0.033506
  0.0428883
  0.0507699
  0.0553078
  0.0553044
   0.050775
  0.0428894
  0.0335146
   0.024406
  0.0167142
  0.0108399
 0.00669531
 0.00395678
 0.00228072
 0.00139009
 0.00120357
 0.00266882
  0.0168749
    0.15586
   0.703903
   0.970398
   0.997899
   0.999861
   0.999991
   0.999999
          1
          1
          1
          1
          1
          1
          1
          1
          1
          1
          1
          1
          1
          1
          1
          1
          1
          1
   0.999997
    0.99994
   0.998997
    0.98378
   0.793888
   0.205116
  0.0197971
 0.00269041
  0.0012068
 0.00156555
 0.00289033
 0.00557187
  0.0103923
  0.0184873
     0.0312
  0.0496843
  0.0739329
   0.101806
   0.129011
   0.150528
   0.162338
   0.162345
   0.150531
   0.129024
   0.101818
  0.0739505
  0.0496934
  0.0312092
  0.0184895
  0.0103978
  0.0055728
 0.00289227
 0.00156509
 0.00120694
 0.00269184
  0.0198044
   0.204924
   0.793761
   0.983799
   0.998994
    0.99994
   0.999997
          1
          1
          1
          1
          1
          1
          1
          1
          1
          1
          1
          1
          1
          1
          1
          1
          1
   0.999999
    0.99998
   0.999637
    0.99337
   0.894392
   0.331193
  0.0313833
 0.00332592
 0.00120277
 0.00155523
 0.00311851
  0.0066101
  0.0135356
    0.02627
  0.0478953
  0.0812802
   0.126792
   0.180069
   0.233021
   0.277702
   0.309129
    0.32516
    0.32516
   0.309141
   0.277715
   0.233053
   0.180093
   0.126816
  0.0812961
    0.04791
  0.0262767
  0.0135406
 0.00661011
 0.00312115
 0.00155469
 0.00120347
 0.00332642
  0.0313877
   0.330981
   0.894308
   0.993389
   0.999634
    0.99998
   0.999999
          1
          1
          1
          1
          1
          1
          1
          1
          1
          1
          1
          1
          1
          1
          1
          1
   0.999995
     0.9999
   0.997982
   0.961736
   0.566174
  0.0674663
 0.00542332
 0.00125719
  0.0013665
 0.00284343
  0.0065513
  0.0146971
  0.0310945
  0.0609428
   0.108975
   0.175311
   0.252323
   0.327866
   0.392063
   0.440332
   0.471866
   0.487324
   0.487327
   0.471877
    0.44035
   0.392093
    0.32791
   0.252356
   0.175341
   0.108998
  0.0609628
  0.0311033
  0.0147032
 0.00655221
 0.00284612
 0.00136643
 0.00125775
 0.00542514
  0.0675117
   0.566237
    0.96175
   0.997986
   0.999899
   0.999995
          1
          1
          1
          1
          1
          1
          1
          1
          1
          1
          1
          1
          1
          1
          1
   0.999999
   0.999979
   0.999537
   0.990105
    0.82402
   0.185102
  0.0127313
 0.00161247
 0.00111932
 0.00221216
 0.00543072
  0.0133013
  0.0308355
  0.0655187
   0.124336
   0.207478
   0.304549
   0.399576
   0.480106
   0.541228
   0.583495
   0.609545
   0.621875
   0.621876
   0.609557
   0.583513
   0.541257
   0.480139
   0.399617
   0.304589
   0.207519
   0.124364
  0.0655405
   0.030843
  0.0133088
 0.00543119
 0.00221391
 0.00111919
 0.00161349
  0.0127274
   0.185017
   0.824256
   0.990084
   0.999537
   0.999979
   0.999999
          1
          1
          1
          1
          1
          1
          1
          1
          1
          1
          1
          1
          1
          1
   0.999997
   0.999919
   0.998107
   0.957714
   0.497565
  0.0439497
  0.0031978
0.000988643
 0.00152067
  0.0038005
  0.0100447
  0.0256138
  0.0600095
   0.123544
   0.217952
   0.331178
   0.443343
   0.537635
   0.607481
   0.654833
    0.68477
   0.702028
   0.709852
   0.709856
   0.702035
   0.684788
   0.654857
   0.607515
   0.537669
    0.44338
    0.33123
   0.217997
    0.12357
  0.0600326
  0.0256217
  0.0100516
 0.00380077
 0.00152146
0.000988731
 0.00319969
  0.0439286
   0.497598
   0.957786
   0.998096
   0.999919
   0.999997
          1
          1
          1
          1
          1
          1
          1
          1
          1
          1
          1
          1
          1
          1
   0.999989
   0.999723
   0.993171
   0.854281
   0.193758
  0.0112685
 0.00129398
 0.00101469
 0.00230468
 0.00637504
  0.0177288
  0.0463933
   0.106802
   0.205312
    0.32981
   0.457049
     0.5647
   0.642482
   0.692927
   0.723405
   0.740685
   0.749631
   0.753345
   0.753346
   0.749639
   0.740695
   0.723426
   0.692952
   0.642515
   0.564734
   0.457089
   0.329867
   0.205357
   0.106826
  0.0464136
  0.0177331
 0.00637945
 0.00230481
 0.00101509
  0.0012948
  0.0112664
   0.193835
   0.854195
   0.993178
   0.999722
   0.999989
          1
          1
          1
          1
          1
          1
          1
          1
          1
          1
          1
          1
          1
   0.999999
   0.999968
   0.999175
     0.9787
   0.635442
  0.0638999
 0.00367229
0.000861008
 0.00128835
 0.00347884
  0.0102446
   0.029713
  0.0783768
   0.171367
   0.300644
   0.440378
   0.563284
   0.652487
    0.70844
   0.740078
   0.756018
    0.76259
   0.764314
   0.764337
   0.764339
   0.764318
   0.762598
   0.756031
   0.740097
   0.708463
   0.652516
   0.563325
   0.440423
   0.300698
   0.171413
  0.0784001
  0.0297253
  0.0102479
 0.00348075
 0.00128859
0.000861314
 0.00367286
  0.0639098
   0.635199
   0.978644
   0.999173
   0.999968
   0.999999
          1
          1
          1
          1
          1
          1
          1
          1
          1
          1
          1
          1
   0.999997
   0.999922
   0.997854
   0.943761
   0.376065
  0.0226985
 0.00163351
0.000801809
 0.00171419
 0.00506065
  0.0156775
  0.0470454
   0.121966
   0.246442
   0.393953
   0.533371
   0.640096
   0.707521
   0.744139
   0.760339
   0.763796
   0.760187
   0.754305
   0.750159
   0.750159
   0.754308
    0.76019
   0.763804
   0.760351
   0.744155
   0.707543
   0.640128
   0.533418
   0.394003
   0.246489
   0.122003
  0.0470601
  0.0156873
 0.00506167
 0.00171484
0.000802096
 0.00163354
  0.0226779
   0.375908
   0.943693
   0.997859
   0.999921
   0.999997
          1
          1
          1
          1
          1
          1
          1
          1
          1
          1
          1
          1
   0.999994
   0.999831
   0.995198
   0.877133
   0.197023
 0.00952854
0.000988191
0.000872116
 0.00224305
 0.00701434
  0.0227452
  0.0697266
   0.173161
   0.320236
   0.473163
    0.60246
   0.690012
   0.738604
   0.759741
   0.762677
   0.753738
   0.738433
   0.722815
   0.712987
   0.712985
   0.722817
   0.738433
    0.75374
   0.762683
   0.759751
   0.738621
   0.690038
   0.602499
   0.473213
   0.320296
   0.173207
  0.0697541
   0.022754
 0.00701831
 0.00224314
0.000872688
0.000988462
 0.00953619
   0.196795
   0.876892
    0.99519
   0.999831
   0.999994
          1
          1
          1
          1
          1
          1
          1
          1
          1
          1
          1
          1
   0.999989
   0.999686
   0.990766
   0.780796
   0.106053
 0.00487856
0.000757823
0.000992333
 0.00281879
 0.00921088
  0.0310562
   0.095805
    0.22428
   0.383117
   0.533461
   0.649473
   0.720216
   0.754169
   0.762716
    0.75319
   0.730603
   0.700778
   0.672154
   0.654456
   0.654456
   0.672152
   0.700778
   0.730601
   0.753191
   0.762722
    0.75418
   0.720237
   0.649507
   0.533509
   0.383174
   0.224344
  0.0958301
  0.0310729
 0.00921366
 0.00281983
0.000992765
0.000758226
 0.00487886
   0.105937
   0.780561
   0.990769
   0.999683
   0.999989
          1
          1
          1
          1
          1
          1
          1
          1
          1
          1
          1
   0.999999
   0.999983
   0.999494
   0.984898
   0.677689
  0.0642063
 0.00303116
0.000673222
 0.00111978
 0.00336835
  0.0113887
  0.0395807
   0.121319
   0.267653
   0.430494
   0.575321
   0.679293
   0.737327
   0.760434
    0.75866
   0.737294
   0.700083
   0.653515
   0.609398
    0.58228
   0.582276
   0.609398
   0.653512
   0.700082
   0.737294
   0.758663
   0.760443
   0.737347
   0.679324
   0.575367
   0.430556
   0.267712
   0.121361
  0.0395928
  0.0113956
 0.00336935
 0.00112063
0.000673592
 0.00303349
  0.0641497
   0.677173
   0.984916
   0.999494
   0.999983
   0.999999
          1
          1
          1
          1
          1
          1
          1
          1
          1
          1
   0.999999
   0.999977
   0.999306
   0.978974
   0.595905
  0.0453849
 0.00225177
0.000644121
 0.00122451
 0.00380496
  0.0131795
  0.0467193
   0.141586
   0.298263
   0.461526
   0.601195
   0.696515
   0.746159
   0.761919
   0.752387
   0.721096
     0.6707
   0.608534
    0.55007
   0.514435
   0.514435
   0.550065
   0.608533
   0.670696
   0.721096
   0.752389
   0.761929
   0.746177
   0.696547
   0.601242
   0.461583
    0.29834
   0.141617
  0.0467451
  0.0131853
 0.00380695
 0.00122516
0.000644732
 0.00225197
   0.045382
   0.595487
   0.979014
   0.999304
   0.999977
   0.999999
          1
          1
          1
          1
          1
          1
          1
          1
          1
          1
   0.999999
   0.999973
   0.999182
   0.975239
   0.552295
  0.0381145
 0.00195248
 0.00063662
 0.00128273
 0.00404935
   0.014197
   0.050829
   0.152721
   0.313933
   0.476743
   0.613469
    0.70433
   0.749807
   0.761795
   0.747989
   0.710888
   0.652472
   0.580782
   0.513762
   0.473256
   0.473251
   0.513762
   0.580779
   0.652474
   0.710889
   0.747992
   0.761805
   0.749828
    0.70436
   0.613516
   0.476809
   0.313996
   0.152779
  0.0508459
  0.0142068
 0.00405038
 0.00128384
0.000636961
 0.00195499
  0.0380568
   0.552233
    0.97523
   0.999184
   0.999973
   0.999999
          1
          1
          1
          1
          1
          1
          1
          1
          1
          1
   0.999999
   0.999973
   0.999185
   0.975215
   0.552574
  0.0380803
 0.00195444
 0.00063635
 0.00128321
 0.00404853
  0.0142006
  0.0508222
   0.152743
   0.313921
   0.476757
   0.613469
   0.704332
   0.749808
   0.761797
   0.747989
   0.710881
    0.65247
   0.580775
   0.513758
   0.473244
   0.473245
   0.513752
   0.580775
    0.65247
   0.710885
   0.747993
   0.761808
   0.749828
   0.704368
   0.613521
   0.476819
   0.314005
    0.15278
  0.0508547
  0.0142055
 0.00405086
 0.00128381
0.000636949
  0.0019542
  0.0380836
   0.552094
   0.975258
   0.999184
   0.999973
   0.999999
          1
          1
          1
          1
          1
          1
          1
          1
          1
          1
   0.999999
   0.999977
   0.999305
   0.978994
   0.595891
  0.0454166
 0.00225002
0.000644532
 0.00122414
 0.00380613
  0.0131784
  0.0467296
   0.141582
   0.298299
   0.461532
    0.60121
   0.696522
   0.746163
    0.76192
   0.752382
   0.721089
   0.670684
    0.60852
   0.550051
   0.514406
   0.514404
   0.550048
   0.608522
   0.670689
   0.721093
   0.752389
   0.761932
   0.746189
   0.696561
   0.601266
   0.461606
   0.298367
    0.14164
  0.0467457
  0.0131887
 0.00380711
 0.00122533
 0.00064481
 0.00225189
  0.0453619
    0.59543
    0.97902
   0.999306
   0.999977
   0.999999
          1
          1
          1
          1
          1
          1
          1
          1
          1
          1
   0.999999
   0.999983
   0.999494
   0.984886
   0.677748
   0.064156
 0.00303372
0.000673091
 0.00112013
 0.00336841
  0.0113919
  0.0395799
   0.121347
   0.267664
   0.430533
   0.575337
   0.679307
   0.737336
    0.76044
    0.75866
   0.737286
    0.70007
   0.653492
   0.609377
   0.582254
   0.582254
   0.609376
   0.653497
   0.700072
    0.73729
   0.758667
   0.760455
   0.737364
   0.679353
   0.575402
   0.430606
   0.267753
   0.121382
   0.039607
   0.011397
 0.00337063
  0.0011207
0.000673559
 0.00303305
  0.0641319
   0.677448
   0.984901
   0.999493
   0.999983
   0.999999
          1
          1
          1
          1
          1
          1
          1
          1
          1
          1
          1
   0.999989
   0.999684
   0.990763
   0.780777
   0.106032
 0.00487304
 0.00075832
 0.00099219
 0.00281957
  0.0092124
  0.0310658
  0.0958172
   0.224333
   0.383145
   0.533501
     0.6495
   0.720234
    0.75418
   0.762722
   0.753189
   0.730594
   0.700763
   0.672133
   0.654432
   0.654433
   0.672133
   0.700764
   0.730596
   0.753194
   0.762731
   0.754198
   0.720269
   0.649551
   0.533571
   0.383236
   0.224397
  0.0958653
  0.0310777
 0.00921902
 0.00282037
0.000993014
0.000758397
 0.00487798
   0.105877
    0.78047
   0.990767
   0.999685
   0.999989
          1
          1
          1
          1
          1
          1
          1
          1
          1
          1
          1
          1
   0.999994
   0.999831
   0.995179
   0.877068
   0.196897
 0.00952917
0.000988186
0.000872363
 0.00224322
 0.00701722
  0.0227494
  0.0697517
   0.173198
     0.3203
    0.47321
   0.602503
   0.690045
   0.738629
   0.759756
   0.762685
   0.753738
   0.738426
   0.722805
   0.712974
   0.712973
   0.722804
   0.738426
    0.75374
   0.762692
   0.759768
   0.738654
   0.690084
   0.602562
   0.473282
   0.320376
   0.173269
  0.0697729
  0.0227657
 0.00702022
 0.00224438
0.000872747
0.000988685
   0.009528
    0.19677
   0.876959
   0.995198
   0.999831
   0.999994
          1
          1
          1
          1
          1
          1
          1
          1
          1
          1
          1
          1
   0.999997
   0.999921
   0.997858
   0.943774
   0.376001
  0.0226621
 0.00163418
0.000801644
 0.00171505
 0.00506209
  0.0156839
  0.0470593
   0.122011
   0.246496
   0.394024
   0.533434
   0.640146
    0.70756
   0.744171
   0.760363
   0.763812
   0.760194
   0.754308
   0.750157
   0.750158
   0.754308
   0.760196
   0.763817
   0.760372
   0.744189
   0.707591
   0.640192
   0.533497
     0.3941
   0.246576
   0.122048
  0.0470865
  0.0156927
 0.00506564
 0.00171538
0.000802359
 0.00163375
  0.0226768
   0.375733
   0.943636
   0.997858
   0.999922
   0.999997
          1
          1
          1
          1
          1
          1
          1
          1
          1
          1
          1
          1
   0.999999
   0.999968
   0.999174
   0.978723
   0.635595
  0.0638727
 0.00367166
0.000861196
 0.00128838
 0.00348103
  0.0102478
  0.0297241
  0.0784049
   0.171432
   0.300718
   0.440458
    0.56336
   0.652548
   0.708489
   0.740119
   0.756051
   0.762615
   0.764333
   0.764354
   0.764353
   0.764336
   0.762619
   0.756059
   0.740134
   0.708514
   0.652584
   0.563412
   0.440527
   0.300792
    0.17148
  0.0784435
  0.0297382
  0.0102556
 0.00348262
 0.00128917
0.000861523
 0.00367138
  0.0639019
   0.634903
   0.978716
   0.999175
   0.999968
   0.999999
          1
          1
          1
          1
          1
          1
          1
          1
          1
          1
          1
          1
          1
   0.999989
   0.999722
    0.99319
   0.854199
    0.19374
  0.0112656
  0.0012936
 0.00101523
 0.00230512
 0.00637982
  0.0177346
  0.0464196
   0.106846
   0.205396
   0.329909
   0.457143
    0.56479
   0.642562
   0.692995
   0.723464
   0.740732
   0.749672
   0.753381
   0.753383
   0.749675
   0.740739
   0.723475
   0.693014
    0.64259
   0.564832
     0.4572
    0.32997
   0.205448
   0.106895
  0.0464375
  0.0177466
 0.00638284
 0.00230733
 0.00101539
 0.00129538
  0.0112648
   0.193677
   0.854298
   0.993153
   0.999724
   0.999989
          1
          1
          1
          1
          1
          1
          1
          1
          1
          1
          1
          1
          1
          1
   0.999997
   0.999919
   0.998098
   0.957831
   0.496945
  0.0439764
 0.00319762
0.000988175
 0.00152193
 0.00380163
  0.0100535
  0.0256251
  0.0600511
   0.123602
   0.218052
   0.331299
   0.443452
   0.537744
   0.607586
   0.654923
   0.684851
   0.702099
   0.709922
   0.709921
   0.702104
   0.684859
   0.654938
   0.607605
    0.53778
   0.443498
   0.331347
   0.218098
   0.123649
  0.0600678
  0.0256393
   0.010058
 0.00380609
   0.001522
0.000989599
 0.00319959
  0.0439364
   0.497696
   0.957686
   0.998109
   0.999919
   0.999996
          1
          1
          1
          1
          1
          1
          1
          1
          1
          1
          1
          1
          1
          1
   0.999999
   0.999979
   0.999538
   0.990086
   0.824182
   0.184748
  0.0127214
  0.0016138
 0.00111887
 0.00221459
 0.00543287
  0.0133113
  0.0308497
  0.0655626
   0.124402
   0.207589
   0.304682
   0.399708
   0.480242
   0.541358
   0.583615
    0.60966
   0.621982
   0.621986
   0.609663
   0.583624
   0.541371
   0.480267
   0.399743
   0.304724
   0.207624
   0.124444
  0.0655806
  0.0308674
  0.0133182
 0.00543797
 0.00221461
 0.00112064
 0.00161302
  0.0127361
   0.184926
    0.82418
   0.990111
   0.999537
   0.999979
   0.999999
          1
          1
          1
          1
          1
          1
          1
          1
          1
          1
          1
          1
          1
          1
          1
   0.999995
   0.999899
   0.997987
   0.961643
    0.56634
  0.0674141
 0.00541727
 0.00125824
 0.00136605
 0.00284692
 0.00655437
  0.0147085
  0.0311132
  0.0609887
   0.109042
   0.175413
   0.252458
   0.328019
    0.39222
   0.440482
   0.472012
   0.487468
   0.487472
   0.472023
    0.44049
   0.392236
   0.328039
   0.252494
   0.175441
   0.109075
  0.0610048
  0.0311316
  0.0147149
 0.00655932
 0.00284713
 0.00136857
 0.00125745
 0.00542502
  0.0675036
   0.565789
   0.961766
   0.997982
     0.9999
   0.999995
          1
          1
          1
          1
          1
          1
          1
          1
          1
          1
          1
          1
          1
          1
          1
          1
   0.999999
    0.99998
   0.999634
   0.993374
   0.894066
   0.331134
  0.0313861
 0.00332208
  0.0012041
 0.00155512
 0.00312266
 0.00661285
  0.0135477
  0.0262885
  0.0479386
   0.081344
   0.126889
   0.180194
    0.23317
    0.27786
   0.309293
   0.325323
    0.32533
   0.309303
   0.277873
   0.233181
   0.180217
   0.126902
  0.0813643
   0.047945
  0.0263004
  0.0135516
 0.00661741
 0.00312244
 0.00155766
 0.00120281
 0.00332882
  0.0313893
   0.331037
   0.894352
   0.993386
   0.999637
    0.99998
   0.999999
          1
          1
          1
          1
          1
          1
          1
          1
          1
          1
          1
          1
          1
          1
          1
          1
          1
   0.999997
    0.99994
   0.998994
   0.983779
   0.793561
   0.204962
  0.0198005
 0.00268818
 0.00120761
 0.00156549
 0.00289431
 0.00557531
  0.0104036
  0.0185001
  0.0312313
  0.0497259
  0.0740035
   0.101894
    0.12912
   0.150645
   0.162467
   0.162469
   0.150655
   0.129124
   0.101905
  0.0740087
  0.0497406
  0.0312346
   0.018509
  0.0104055
 0.00557947
 0.00289385
   0.001568
 0.00120656
 0.00269099
  0.0197894
    0.20488
   0.793537
   0.983789
   0.998996
    0.99994
   0.999997
          1
          1
          1
          1
          1
          1
          1
          1
          1
          1
          1
          1
          1
          1
          1
          1
          1
          1
   0.999999
   0.999991
   0.999861
     0.9979
   0.970406
   0.703901
    0.15596
  0.0168751
 0.00266643
 0.00120399
 0.00139064
 0.00228314
  0.0039599
 0.00670156
  0.0108485
  0.0167293
  0.0244248
  0.0335447
  0.0429302
  0.0508227
  0.0553574
   0.055363
  0.0508217
  0.0429345
  0.0335441
  0.0244313
  0.0167295
  0.0108538
 0.00670024
 0.00396217
 0.00228239
 0.00139218
 0.00120328
 0.00266846
  0.0168723
   0.156124
   0.703735
   0.970459
   0.997903
    0.99986
   0.999991
   0.999999
          1
          1
          1
          1
          1
          1
          1
          1
          1
          1
          1
          1
          1
          1
          1
          1
          1
          1
          1
   0.999999
   0.999982
   0.999751
   0.996704
   0.959797
   0.666816
   0.153992
  0.0192386
 0.00322668
 0.00124641
 0.00114116
 0.00158152
 0.00242477
 0.00369471
 0.00541155
 0.00755482
  0.0099779
  0.0124014
  0.0143992
  0.0155453
  0.0155435
  0.0144028
  0.0123999
 0.00998085
 0.00755417
 0.00541406
 0.00369324
 0.00242647
 0.00158097
 0.00114243
 0.00124572
 0.00322962
  0.0192415
   0.153991
   0.666503
   0.959878
   0.996699
   0.999752
   0.999982
   0.999999
          1
          1
          1
          1
          1
          1
          1
          1
          1
          1
          1
          1
          1
          1
          1
          1
          1
          1
          1
          1
          1
   0.999998
   0.999973
   0.999664
   0.996134
    0.95912
   0.696883
   0.197557
   0.029604
 0.00510684
 0.00155404
0.000990131
 0.00104914
 0.00135565
 0.00182554
 0.00240586
 0.00304323
 0.00365152
 0.00413907
 0.00440947
 0.00441132
 0.00413791
 0.00365293
 0.00304219
 0.00240716
 0.00182469
 0.00135678
 0.00104846
0.000991378
 0.00155372
 0.00511076
   0.029625
   0.197509
   0.696859
   0.959216
   0.996138
   0.999666
   0.999973
   0.999998
          1
          1
          1
          1
          1
          1
          1
          1
          1
          1
          1
          1
          1
          1
          1
          1
          1
          1
          1
          1
          1
          1
          1
   0.999997
   0.999968
   0.999658
   0.996593
    0.96903
   0.783132
   0.314329
  0.0619357
  0.0115703
   0.002936
 0.00122839
0.000853544
0.000821565
0.000913854
 0.00105257
 0.00119783
 0.00131431
 0.00138078
 0.00137999
 0.00131522
 0.00119709
 0.00105322
0.000913402
0.000822115
 0.00085274
 0.00122944
 0.00293324
  0.0115734
  0.0619594
   0.314249
   0.783462
   0.969062
   0.996601
   0.999659
   0.999968
   0.999997
          1
          1
          1
          1
          1
          1
          1
          1
          1
          1
          1
          1
          1
          1
          1
          1
          1
          1
          1
          1
          1
          1
          1
          1
          1
   0.999997
   0.999972
   0.999739
   0.997771
   0.982587
   0.885449
   0.540239
   0.167292
  0.0386512
  0.0098239
 0.00323009
  0.0014761
0.000924196
0.000733014
0.000666199
0.000647636
0.000643653
0.000644318
0.000647176
0.000666749
0.000732602
 0.00092473
 0.00147536
 0.00323164
 0.00982263
  0.0386955
   0.167405
    0.54033
   0.885719
   0.982615
   0.997773
   0.999739
   0.999972
   0.999997
          1
          1
          1
          1
          1
          1
          1
          1
          1
          1
          1
          1
          1
          1
          1
          1
          1
          1
          1
          1
          1
          1
          1
          1
          1
          1
          1
   0.999998
   0.999981
    0.99985
   0.998905
   0.992706
   0.957224
   0.804517
   0.460319
   0.169422
  0.0541565
  0.0189793
 0.00795514
  0.0040844
  0.0025647
 0.00191909
 0.00167617
  0.0016743
   0.001921
 0.00256276
  0.0040867
 0.00794907
  0.0189721
  0.0541444
   0.169382
   0.460306
   0.804473
   0.957288
   0.992727
   0.998907
    0.99985
   0.999981
   0.999998
          1
          1
          1
          1
          1
          1
          1
          1
          1
          1
          1
          1
          1
          1
          1
          1
          1
          1
          1
          1
          1
          1
          1
          1
          1
          1
          1
          1
          1
   0.999999
    0.99999
   0.999934
   0.999593
   0.997721
   0.988612
   0.951061
   0.831685
   0.591547
   0.330788
   0.165943
  0.0872302
  0.0519907
  0.0365865
  0.0305865
  0.0306189
  0.0365553
  0.0520508
  0.0871605
   0.166086
   0.330842
   0.591485
   0.831775
   0.951144
   0.988619
   0.997725
   0.999594
   0.999934
    0.99999
   0.999999
          1
          1
          1
          1
          1
          1
          1
          1
          1
          1
          1
          1
          1
          1
          1
          1
          1
          1
          1
          1
          1
          1
          1
          1
          1
          1
          1
          1
          1
          1
          1
   0.999999
   0.999996
   0.999978
   0.999885
   0.999464
   0.997775
   0.991884
   0.974426
   0.932073
   0.852411
   0.740268
   0.626174
    0.53865
   0.494276
   0.493707
    0.53894
   0.625929
   0.740675
   0.852208
   0.932147
   0.974427
     0.9919
   0.997772
   0.999464
   0.999886
   0.999978
   0.999996
   0.999999
          1
          1
          1
          1
          1
          1
          1
          1
          1
          1
          1
          1
          1
          1
          1
          1
          1
          1
          1
          1
          1
          1
          1
          1
          1
          1
          1
          1
          1
          1
          1
          1
          1
          1
   0.999999
   0.999994
   0.999975
   0.999904
    0.99967
   0.999004
    0.99738
   0.994055
   0.988523
   0.981066
   0.973733
   0.968895
   0.968951
   0.973675
   0.981112
   0.988515
   0.994072
   0.997382
   0.999005
    0.99967
   0.999904
   0.999975
   0.999994
   0.999999
          1
          1
          1
          1
          1
          1
          1
          1
          1
          1
          1
          1
          1
          1
          1
          1
          1
          1
          1
          1
          1
          1
          1
          1
          1
          1
          1
          1
          1
          1
          1
          1
          1
          1
          1
          1
          1
          1
   0.999999
   0.999996
   0.999987
   0.999962
   0.999905
   0.999792
   0.999607
    0.99937
    0.99913
   0.998981
   0.998977
   0.999129
    0.99937
   0.999608
   0.999791
   0.999904
   0.999962
   0.999987
   0.999996
   0.999999
          1
          1
          1
          1
          1
          1
          1
          1
          1
          1
          1
          1
          1
          1
          1
          1
          1
          1
          1
          1
          1
          1
          1
          1
          1
          1
          1
          1
          1
          1
          1
          1
          1
          1
          1
          1
          1
          1
          1
          1
          1
          1
   0.999999
   0.999999
   0.999997
   0.999993
   0.999987
   0.999979
   0.999972
   0.999967
   0.999967
   0.999972
   0.999979
   0.999987
   0.999993
   0.999997
   0.999999
   0.999999
          1
          1
          1
          1
          1
          1
          1
          1
          1
          1
          1
          1
          1
          1
          1
          1
          1
          1
          1
          1
          1
          1
          1
          1
          1
          1
          1
          1
          1
          1
          1
          1
          1
          1
          1
          1
          1
          1
          1
          1
          1
          1
          1
          1
          1
          1
          1
          1
          1
   0.999999
   0.999999
   0.999999
   0.999999
   0.999999
   0.999999
          1
          1
          1
          1
          1
          1
          1
          1
          1
          1
          1
          1
          1
          1
          1
          1
          1
          1
          1
          1
          1
          1
          1
          1
          1
          1
          1
          1
          1
          1
          1
          1
          1
          1
          1
          1
          1
          1
          1
          1
          1
          1
          1
          1
          1
          1
          1
          1
          1
          1
          1
          1
          1
          1
          1
          1
          1
          1
          1
          1
          1
          1
          1
          1
          1
          1
          1
          1
          1
          1
          1
          1
          1
          1
          1
          1
          1
          1
          1
          1
          1
          1
          1
          1
          1
          1
          1
          1
          1
          1
          1
          1
          1
          1
          1
          1
          1
          1
          1
          1
          1
          1
          1
          1
          1
          1
          1
          1
          1
          1
          1
          1
          1
          1
          1
          1
          1
          1
          1
          1
          1
          1
          1
          1
          1
          1
          1
          1
          1
          1
          1
          1
          1
          1
          1
          1
          1
          1
          1
          1
          1
          1
          1
          1
          1
          1
          1
          1
          1
          1
          1
          1
          1
          1
          1
          1
          1
          1
          1
          1
          1
          1
          1
          1
          1
          1
          1
          1
          1
          1
          1
          1
          1
          1
          1
          1
          1
          1
          1
          1
          1
          1
          1
          1
          1
          1
          1
          1
          1
          1
          1
          1
          1
          1
          1
          1
          1
          1
          1
          1
          1
          1
          1
          1
          1
          1
          1
          1
          1
          1
          1
          1
          1
          1
          1
          1
          1
          1
          1
          1
          1
          1
          1
          1
          1
          1
          1
          1
          1
          1
          1
          1
          1
          1
          1
          1
          1
          1
          1
          1
          1
          1
          1
          1
          1
          1
          1
          1
          1
          1
          1
          1
          1
          1
          1
          1
          1
          1
          1
          1
          1
          1
          1
          1
          1
          1
          1
          1
          1
          1
          1
          1
          1
          1
          1
          1
          1
          1
          1
          1
          1
          1
          1
          1
          1
          1
          1
          1
          1
          1
          1
          1
          1
          1
          1
          1
          1
          1
          1
          1
          1
          1
          1
          1
          1
          1
          1
          1
          1
          1
          1
          1
          1
          1
          1
          1
          1
          1
          1
          1
          1
          1
          1
          1
          1
          1
          1
          1
          1
          1
          1
          1
          1
          1
          1
          1
          1
          1
          1
          1
          1
          1
          1
          1
          1
          1
          1
          1
          1
          1
          1
          1
          1
          1
          1
          1
          1
          1
          1
          1
          1
          1
          1
          1
          1
          1
          1
          1
          1
          1
          1
          1
          1
          1
          1
          1
          1
          1
          1
          1
          1
          1
          1
          1
          1
          1
          1
          1
          1
          1
          1
          1
          1
          1
          1
          1
          1
          1
          1
          1
          1
          1
          1
          1
          1
          1
          1
          1
          1
          1
          1
          1
          1
          1
          1
          1
          1
          1
          1
          1
          1
          1
          1
          1
          1
          1
          1
          1
          1
          1
          1
          1
          1
          1
          1
          1
          1
          1
          1
          1
          1
          1
          1
          1
          1
          1
          1
          1
          1
          1
          1
          1
          1
          1
          1
          1
          1
          1
          1
          1
          1
          1
          1
          1
          1
          1
          1
          1
          1
          1
          1
          1
          1
          1
          1
          1
          1
          1
          1
          1
          1
          1
          1
          1
          1
          1
          1
          1
          1
          1
          1
          1
          1
          1
          1
          1
          1
          1
          1
          1
          1
          1
          1
          1
          1
          1
          1
          1
          1
          1
          1
          1
          1
          1
          1
          1
          1
          1
          1
          1
          1
          1
          1
          1
          1
          1
          1
          1
          1
          1
          1
          1
          1
          1
          1
          1
          1
          1
          1
          1
          1
          1
          1
          1
          1
          1
          1
          1
          1
          1
          1
          1
          1
          1
          1
          1
          1
          1
          1
          1
          1
          1
          1
          1
          1
          1
          1
          1
          1
          1
          1
          1
          1
          1
          1
          1
          1
          1
          1
          1
          1
          1
          1
          1
          1
          1
          1
          1
          1
          1
          1
          1
          1
          1
          1
          1
          1
          1
          1
          1
          1
          1
          1
          1
          1
          1
          1
          1
          1
          1
          1
          1
          1
          1
          1
          1
          1
          1
          1
          1
          1
          1
          1
          1
          1
          1
          1
          1
          1
          1
          1
          1
          1
          1
          1
          1
          1
          1
          1
          1
          1
          1
          1
          1
          1
          1
          1
          1
          1
          1
          1
          1
          1
   0.999999
   0.999999
   0.999999
   0.999999
   0.999999
   0.999999
   0.999999
   0.999999
          1
          1
          1
          1
          1
          1
          1
          1
          1
          1
          1
          1
          1
          1
          1
          1
          1
          1
          1
          1
          1
          1
          1
          1
          1
          1
          1
          1
          1
          1
          1
          1
          1
          1
          1
          1
          1
          1
          1
          1
          1
          1
          1
          1
          1
          1
          1
          1
   0.999999
   0.999998
   0.999995
    0.99999
   0.999982
   0.999972
   0.999962
   0.999956
   0.999955
   0.999962
   0.999972
   0.999982
    0.99999
   0.999995
   0.999998
   0.999999
          1
          1
          1
          1
          1
          1
          1
          1
          1
          1
          1
          1
          1
          1
          1
          1
          1
          1
          1
          1
          1
          1
          1
          1
          1
          1
          1
          1
          1
          1
          1
          1
          1
          1
          1
          1
          1
          1
          1
          1
          1
          1
   0.999998
   0.999994
   0.999982
   0.999948
    0.99987
   0.999715
   0.999466
   0.999137
   0.998813
   0.998607
    0.99861
   0.998809
   0.999139
   0.999463
   0.999716
   0.999869
   0.999948
   0.999982
   0.999994
   0.999998
          1
          1
          1
          1
          1
          1
          1
          1
          1
          1
          1
          1
          1
          1
          1
          1
          1
          1
          1
          1
          1
          1
          1
          1
          1
          1
          1
          1
          1
          1
          1
          1
          1
          1
          1
          1
          1
          1
   0.999998
   0.999992
   0.999966
   0.999869
   0.999543
   0.998621
   0.996363
   0.991771
   0.984087
   0.973883
   0.963728
   0.957342
   0.957323
   0.963773
   0.973862
   0.984086
    0.99176
   0.996373
   0.998617
   0.999545
   0.999868
   0.999966
   0.999992
   0.999998
          1
          1
          1
          1
          1
          1
          1
          1
          1
          1
          1
          1
          1
          1
          1
          1
          1
          1
          1
          1
          1
          1
          1
          1
          1
          1
          1
          1
          1
          1
          1
          1
          1
          1
   0.999999
   0.999995
    0.99997
   0.999839
    0.99925
    0.99687
   0.988612
   0.964207
   0.906486
   0.802472
   0.667182
   0.540232
   0.450675
   0.406681
   0.406776
   0.450672
   0.540258
   0.667144
   0.802461
   0.906402
    0.96428
   0.988583
    0.99688
   0.999246
   0.999839
   0.999969
   0.999995
   0.999999
          1
          1
          1
          1
          1
          1
          1
          1
          1
          1
          1
          1
          1
          1
          1
          1
          1
          1
          1
          1
          1
          1
          1
          1
          1
          1
          1
          1
          1
          1
          1
   0.999998
   0.999986
   0.999907
    0.99942
   0.996746
   0.983735
    0.93111
     0.7738
   0.499872
   0.253585
   0.120142
  0.0614487
  0.0362392
  0.0253396
  0.0211674
  0.0211754
   0.025345
  0.0362342
  0.0614375
   0.120197
   0.253825
   0.499623
    0.77421
   0.931002
   0.983763
   0.996738
   0.999419
   0.999907
   0.999986
   0.999998
          1
          1
          1
          1
          1
          1
          1
          1
          1
          1
          1
          1
          1
          1
          1
          1
          1
          1
          1
          1
          1
          1
          1
          1
          1
          1
          1
          1
          1
   0.999997
   0.999973
   0.999786
   0.998416
   0.989441
   0.938697
   0.736847
   0.366393
   0.121044
  0.0371407
  0.0128693
 0.00539183
 0.00278308
 0.00176019
 0.00132718
 0.00116268
 0.00116233
 0.00132768
 0.00175972
 0.00278431
 0.00539153
  0.0128712
  0.0371664
   0.120907
   0.366687
   0.736732
   0.938746
   0.989426
   0.998417
   0.999785
   0.999973
   0.999997
          1
          1
          1
          1
          1
          1
          1
          1
          1
          1
          1
          1
          1
          1
          1
          1
          1
          1
          1
          1
          1
          1
          1
          1
          1
          1
          1
   0.999996
    0.99996
   0.999626
   0.996752
   0.974637
   0.838994
   0.440103
   0.117984
  0.0259758
 0.00656095
 0.00218094
 0.00102042
0.000658225
0.000536214
0.000497508
0.000489645
0.000489803
0.000490054
0.000489542
0.000497744
0.000536087
0.000658636
 0.00102043
 0.00218158
 0.00656036
  0.0259683
   0.118051
   0.440166
   0.839104
   0.974591
    0.99676
   0.999624
    0.99996
   0.999996
          1
          1
          1
          1
          1
          1
          1
          1
          1
          1
          1
          1
          1
          1
          1
          1
          1
          1
          1
          1
          1
          1
          1
          1
          1
   0.999996
   0.999954
   0.999509
   0.995016
   0.954903
   0.706694
   0.232352
  0.0415228
 0.00762179
 0.00196477
0.000854803
 0.00062198
0.000621276
0.000708403
0.000829629
0.000954196
 0.00105458
 0.00111112
 0.00111074
 0.00105501
0.000953974
0.000830043
 0.00070817
0.000621579
0.000621758
0.000854992
 0.00196419
 0.00762405
    0.04153
   0.232388
   0.707044
   0.954888
    0.99504
   0.999508
   0.999954
   0.999996
          1
          1
          1
          1
          1
          1
          1
          1
          1
          1
          1
          1
          1
          1
          1
          1
          1
          1
          1
          1
          1
          1
          1
   0.999997
   0.999961
   0.999518
   0.994323
   0.940577
   0.603724
   0.138848
   0.019443
 0.00335357
 0.00106103
0.000715333
0.000792474
  0.0010544
 0.00144793
   0.001937
 0.00247716
 0.00299746
 0.00341646
 0.00365016
 0.00365112
 0.00341584
 0.00299886
 0.00247698
 0.00193809
 0.00144786
 0.00105505
 0.00079238
0.000715765
 0.00106107
 0.00335551
  0.0194607
   0.138842
   0.603996
   0.940567
   0.994351
   0.999516
   0.999961
   0.999997
          1
          1
          1
          1
          1
          1
          1
          1
          1
          1
          1
          1
          1
          1
          1
          1
          1
          1
          1
          1
          1
   0.999998
   0.999975
   0.999642
   0.995169
   0.941477
   0.569617
   0.106083
  0.0125273
 0.00212662
0.000868965
0.000843696
 0.00121313
 0.00190568
 0.00295801
 0.00440216
 0.00622638
 0.00831293
  0.0104155
  0.0121603
  0.0131625
  0.0131609
  0.0121624
  0.0104148
 0.00831568
 0.00622655
 0.00440407
 0.00295815
 0.00190682
 0.00121308
0.000844364
0.000869231
 0.00212828
  0.0125468
   0.106183
   0.569444
   0.941486
   0.995188
    0.99964
   0.999975
   0.999998
          1
          1
          1
          1
          1
          1
          1
          1
          1
          1
          1
          1
          1
          1
          1
          1
          1
          1
          1
   0.999999
   0.999987
     0.9998
   0.996935
   0.956899
   0.611946
   0.107686
  0.0109617
 0.00176423
0.000849908
 0.00103866
 0.00176107
 0.00312419
 0.00538892
 0.00887617
  0.0138953
  0.0205528
  0.0285085
  0.0367529
  0.0437099
  0.0477155
  0.0477191
  0.0437081
  0.0367582
  0.0285098
  0.0205576
  0.0138966
 0.00887924
 0.00538913
  0.0031261
  0.0017612
 0.00103967
0.000850382
 0.00176478
   0.010984
   0.107762
   0.611812
   0.956822
   0.996942
   0.999799
   0.999987
   0.999999
          1
          1
          1
          1
          1
          1
          1
          1
          1
          1
          1
          1
          1
          1
          1
          1
          1
          1
   0.999995
   0.999916
   0.998543
   0.976367
   0.719903
   0.144702
   0.012909
 0.00178059
0.000856116
 0.00117357
 0.00223643
 0.00440499
 0.00838455
  0.0151898
  0.0260789
  0.0421393
  0.0634446
  0.0881173
   0.112328
   0.131544
   0.142122
   0.142119
   0.131555
   0.112332
  0.0881309
  0.0634512
  0.0421485
  0.0260819
  0.0151955
 0.00838505
 0.00440815
 0.00223704
 0.00117493
0.000856336
 0.00178183
  0.0129288
   0.144805
   0.720034
    0.97632
   0.998545
   0.999915
   0.999995
          1
          1
          1
          1
          1
          1
          1
          1
          1
          1
          1
          1
          1
          1
          1
          1
          1
   0.999999
   0.999973
   0.999481
   0.990423
   0.851096
   0.246998
  0.0206488
 0.00219525
0.000849885
 0.00116605
 0.00241383
 0.00522764
  0.0109305
  0.0216329
  0.0401993
   0.069399
    0.10985
   0.157909
    0.20636
   0.247827
   0.277356
    0.29254
   0.292547
    0.27736
   0.247845
   0.206375
   0.157933
   0.109863
  0.0694124
  0.0402035
  0.0216404
  0.0109321
  0.0052305
 0.00241414
 0.00116718
0.000850139
 0.00219607
  0.0206789
   0.246959
   0.851187
   0.990419
    0.99948
   0.999973
   0.999999
          1
          1
          1
          1
          1
          1
          1
          1
          1
          1
          1
          1
          1
          1
          1
          1
   0.999993
    0.99986
   0.997135
   0.945102
   0.467349
  0.0454089
  0.0035705
0.000876955
 0.00102133
 0.00220108
 0.00518285
   0.011873
  0.0256386
  0.0513134
  0.0936394
   0.153538
   0.224851
   0.296609
   0.359097
    0.40704
   0.438824
    0.45454
   0.454539
   0.438837
   0.407055
   0.359125
   0.296635
    0.22488
    0.15356
  0.0936604
  0.0513202
  0.0256489
  0.0118763
 0.00518604
  0.0022013
  0.0010224
0.000877247
 0.00357311
  0.0454503
   0.467115
   0.945193
   0.997121
   0.999859
   0.999993
          1
          1
          1
          1
          1
          1
          1
          1
          1
          1
          1
          1
          1
          1
          1
   0.999999
   0.999971
   0.999352
   0.985879
   0.762194
   0.131619
 0.00842186
 0.00110176
0.000828031
 0.00170994
 0.00429694
  0.0107457
  0.0254292
    0.05524
   0.107281
   0.183261
   0.275038
   0.367812
   0.448626
   0.511231
   0.555141
   0.582451
   0.595441
   0.595445
   0.582459
   0.555159
   0.511254
   0.448657
    0.36784
   0.275064
   0.183285
   0.107304
  0.0552474
  0.0254378
  0.0107476
 0.00429992
 0.00170992
0.000828539
 0.00110257
 0.00842631
   0.131651
   0.762491
   0.985882
   0.999352
   0.999971
   0.999999
          1
          1
          1
          1
          1
          1
          1
          1
          1
          1
          1
          1
          1
          1
   0.999995
   0.999888
   0.997336
   0.940584
   0.402722
   0.029749
 0.00214383
0.000714389
 0.00116851
 0.00300397
 0.00811049
  0.0211019
  0.0505452
   0.106608
   0.193119
   0.301217
   0.412259
   0.508258
    0.58079
   0.630676
    0.66256
   0.681082
   0.689523
   0.689525
   0.681091
   0.662574
   0.630697
   0.580817
   0.508289
   0.412291
   0.301247
   0.193152
   0.106638
  0.0505523
  0.0211097
 0.00811165
  0.0030068
 0.00116858
0.000714919
 0.00214516
  0.0297369
   0.402953
    0.94052
   0.997342
   0.999888
   0.999995
          1
          1
          1
          1
          1
          1
          1
          1
          1
          1
          1
          1
          1
   0.999999
   0.999985
   0.999618
   0.990419
   0.802919
   0.140265
 0.00754724
0.000899995
0.000767248
 0.00181462
 0.00513855
  0.0145776
  0.0389643
  0.0918079
   0.181369
   0.299974
   0.426393
   0.536596
   0.617885
   0.671493
   0.704381
   0.723298
   0.733221
   0.737384
   0.737387
   0.733228
   0.723309
   0.704397
   0.671513
   0.617909
   0.536628
   0.426427
   0.300002
   0.181399
  0.0918371
  0.0389691
  0.0145835
 0.00513971
 0.00181582
0.000767357
0.000900645
 0.00754772
   0.140375
   0.802959
   0.990428
   0.999617
   0.999985
   0.999999
          1
          1
          1
          1
          1
          1
          1
          1
          1
          1
          1
          1
   0.999998
   0.999957
   0.998861
    0.97025
   0.547658
  0.0442035
 0.00248275
0.000626076
 0.00100269
 0.00279091
 0.00839645
  0.0248536
  0.0669625
   0.150147
   0.271518
   0.409524
   0.535295
   0.628665
   0.688375
   0.722842
   0.740666
   0.748317
   0.750545
   0.750737
   0.750738
   0.750551
   0.748325
   0.740678
   0.722858
   0.688393
   0.628688
   0.535327
   0.409561
   0.271553
   0.150174
  0.0669849
  0.0248578
 0.00840101
 0.00279203
 0.00100318
0.000626326
  0.0024845
  0.0441889
   0.547311
   0.970293
   0.998862
   0.999957
   0.999998
          1
          1
          1
          1
          1
          1
          1
          1
          1
          1
          1
          1
   0.999996
   0.999893
   0.997038
   0.922458
   0.294753
  0.0154918
 0.00112883
0.000605303
 0.00136132
 0.00412228
  0.0130453
  0.0399306
    0.10575
   0.219664
   0.362661
   0.504323
   0.615738
   0.687591
   0.727575
   0.745946
   0.750453
   0.746968
   0.740672
   0.736109
    0.73611
   0.740674
   0.746971
   0.750461
   0.745958
   0.727588
    0.68761
   0.615763
   0.504358
   0.362699
   0.219703
   0.105771
  0.0399428
  0.0130496
 0.00412507
 0.00136166
 0.00060559
 0.00112876
  0.0155085
   0.294444
   0.922529
   0.997038
   0.999894
   0.999996
          1
          1
          1
          1
          1
          1
          1
          1
          1
          1
          1
          1
   0.999992
   0.999772
   0.993357
   0.834656
   0.145102
 0.00649593
0.000702201
 0.00067556
 0.00180754
 0.00578938
  0.0191669
  0.0598855
    0.15196
   0.289764
   0.442207
    0.57622
   0.668968
   0.721675
   0.745522
   0.749677
   0.740393
   0.723337
    0.70532
   0.693742
   0.693744
    0.70532
   0.723339
   0.740393
   0.749684
   0.745531
   0.721688
    0.66899
    0.57625
   0.442245
   0.289802
   0.152006
  0.0598975
  0.0191768
 0.00579212
 0.00180829
0.000675919
0.000702568
 0.00649852
   0.145061
   0.834636
   0.993369
   0.999769
   0.999992
          1
          1
          1
          1
          1
          1
          1
          1
          1
          1
          1
          1
   0.999986
   0.999573
   0.987284
   0.715832
  0.0758045
 0.00333698
0.000552914
0.000782025
 0.00229732
 0.00768332
  0.0264388
  0.0830055
   0.198766
   0.350944
   0.504073
     0.6259
   0.701744
   0.739301
   0.749752
   0.740059
   0.714742
   0.679649
   0.644708
    0.62261
   0.622608
   0.644706
   0.679646
   0.714741
   0.740059
   0.749757
   0.739311
   0.701761
   0.625928
    0.50411
   0.350989
   0.198803
  0.0830337
  0.0264433
 0.00768822
 0.00229816
0.000782435
0.000553204
  0.0033399
  0.0757488
   0.715699
    0.98728
   0.999573
   0.999986
          1
          1
          1
          1
          1
          1
          1
          1
          1
          1
          1
   0.999999
   0.999978
   0.999316
   0.979229
    0.59813
  0.0452603
 0.00208892
0.000501079
 0.00089266
  0.0027681
 0.00957832
  0.0339412
   0.105762
   0.238999
    0.39803
    0.54765
   0.657792
   0.720635
   0.746823
   0.746023
   0.722637
   0.679189
   0.621944
   0.565616
   0.530254
   0.530254
   0.565608
    0.62194
    0.67918
   0.722637
   0.746023
   0.746833
   0.720653
   0.657817
   0.547693
   0.398071
   0.239053
   0.105784
   0.033954
 0.00958219
 0.00276981
0.000893086
0.000501447
 0.00208831
  0.0452534
   0.597904
   0.979235
   0.999315
   0.999978
   0.999999
          1
          1
          1
          1
          1
          1
          1
          1
          1
          1
   0.999999
    0.99997
   0.999062
   0.971259
   0.510797
  0.0318347
 0.00155922
0.000485962
0.000982484
 0.00314487
  0.0111431
  0.0402571
   0.123882
   0.267773
   0.429302
   0.574866
   0.676368
    0.73056
   0.748951
   0.739495
   0.704232
   0.643685
   0.564951
   0.488365
   0.441169
   0.441166
   0.488357
   0.564943
   0.643682
   0.704227
   0.739499
   0.748956
   0.730577
   0.676397
   0.574904
   0.429356
   0.267823
   0.123925
  0.0402654
  0.0111506
 0.00314603
0.000983337
0.000486161
 0.00156062
   0.031793
   0.510695
   0.971256
   0.999061
    0.99997
   0.999999
          1
          1
          1
          1
          1
          1
          1
          1
          1
          1
   0.999999
   0.999965
   0.998898
   0.966171
   0.466477
   0.026655
 0.00135832
0.000482956
 0.00103316
 0.00335459
  0.0120385
  0.0438833
   0.133899
   0.282578
   0.444805
   0.587829
    0.68485
   0.734719
   0.749077
   0.734787
   0.692379
   0.621175
   0.529072
   0.440617
    0.38712
   0.387116
   0.440603
   0.529064
   0.621167
    0.69238
   0.734787
   0.749087
   0.734734
   0.684879
   0.587873
   0.444851
    0.28265
   0.133926
  0.0439043
  0.0120433
 0.00335668
 0.00103366
0.000483452
 0.00135816
  0.0266646
   0.466366
   0.966151
     0.9989
   0.999965
   0.999999
          1
          1
          1
          1
          1
          1
          1
          1
          1
          1
   0.999999
   0.999965
   0.998897
   0.966127
   0.466286
  0.0266605
 0.00135747
0.000483152
 0.00103299
 0.00335558
  0.0120371
   0.043893
   0.133887
   0.282605
   0.444796
   0.587839
   0.684853
   0.734721
   0.749079
   0.734782
   0.692381
   0.621165
   0.529065
   0.440609
   0.387112
   0.387109
   0.440603
   0.529061
   0.621164
   0.692379
   0.734786
   0.749086
    0.73474
   0.684884
   0.587882
   0.444858
   0.282652
    0.13394
  0.0438999
  0.0120457
 0.00335632
 0.00103369
0.000483386
 0.00135878
  0.0266444
   0.466607
   0.966194
   0.998899
   0.999965
   0.999999
          1
          1
          1
          1
          1
          1
          1
          1
          1
          1
   0.999999
    0.99997
    0.99906
   0.971249
   0.510788
  0.0318102
 0.00156018
0.000485913
0.000982879
 0.00314461
   0.011146
  0.0402536
   0.123906
   0.267768
   0.429327
   0.574871
   0.676378
   0.730563
    0.74895
   0.739496
   0.704221
   0.643676
   0.564931
    0.48834
   0.441145
   0.441141
   0.488336
   0.564929
   0.643674
   0.704224
   0.739499
   0.748963
   0.730583
   0.676414
   0.574925
   0.429383
   0.267848
   0.123933
  0.0402754
  0.0111499
 0.00314657
0.000983274
0.000486275
  0.0015598
  0.0318239
   0.510694
   0.971263
   0.999062
    0.99997
   0.999999
          1
          1
          1
          1
          1
          1
          1
          1
          1
          1
   0.999999
   0.999978
   0.999316
   0.979211
   0.598141
  0.0452468
 0.00208755
0.000501371
0.000892613
 0.00276907
 0.00957858
  0.0339475
   0.105766
   0.239036
   0.398037
   0.547676
   0.657804
   0.720645
   0.746827
   0.746019
   0.722631
   0.679169
   0.621923
   0.565588
   0.530228
   0.530227
   0.565588
   0.621923
   0.679169
   0.722632
   0.746025
   0.746839
    0.72067
   0.657845
   0.547732
    0.39811
   0.239091
   0.105811
  0.0339562
 0.00958616
 0.00277015
0.000893358
0.000501479
  0.0020891
  0.0452202
   0.598091
   0.979252
   0.999317
   0.999978
   0.999999
          1
          1
          1
          1
          1
          1
          1
          1
          1
          1
          1
   0.999986
   0.999573
   0.987283
   0.715882
  0.0757507
 0.00333784
0.000552933
0.000782097
 0.00229752
 0.00768607
  0.0264399
  0.0830282
    0.19878
   0.350989
   0.504096
   0.625925
   0.701759
   0.739311
   0.749755
   0.740055
   0.714735
    0.67963
   0.644685
   0.622587
   0.622583
   0.644686
   0.679628
   0.714733
   0.740058
   0.749764
   0.739329
   0.701788
   0.625973
   0.504164
    0.35105
   0.198857
  0.0830487
  0.0264571
  0.0076896
 0.00229901
0.000782627
0.000553288
 0.00333661
  0.0757759
    0.71564
   0.987282
   0.999573
   0.999986
          1
          1
          1
          1
          1
          1
          1
          1
          1
          1
          1
          1
   0.999992
    0.99977
   0.993366
   0.834722
   0.145076
 0.00649232
0.000702393
0.000675537
 0.00180791
 0.00579076
  0.0191722
  0.0598966
   0.152003
    0.28979
   0.442255
   0.576257
   0.668999
   0.721694
   0.745535
   0.749683
   0.740389
   0.723331
   0.705307
   0.693727
   0.693727
   0.705305
    0.72333
   0.740391
   0.749689
   0.745547
   0.721714
   0.669036
   0.576314
    0.44232
   0.289869
   0.152048
  0.0599246
  0.0191804
 0.00579497
 0.00180865
0.000676073
  0.0007024
 0.00649773
   0.144884
   0.834565
   0.993355
   0.999771
   0.999992
          1
          1
          1
          1
          1
          1
          1
          1
          1
          1
          1
          1
   0.999996
   0.999894
   0.997033
   0.922514
   0.294514
   0.015485
 0.00112863
0.000605325
 0.00136141
 0.00412401
  0.0130477
   0.039944
   0.105777
   0.219717
   0.362709
    0.50438
   0.615783
   0.687628
   0.727601
   0.745966
   0.750465
   0.746972
   0.740671
   0.736106
   0.736105
   0.740672
   0.746974
   0.750469
   0.745976
   0.727616
   0.687656
   0.615828
    0.50444
    0.36278
    0.21977
   0.105821
   0.039955
   0.013057
 0.00412613
 0.00136223
  0.0006058
 0.00112894
  0.0154764
   0.294611
   0.922412
   0.997045
   0.999894
   0.999996
          1
          1
          1
          1
          1
          1
          1
          1
          1
          1
          1
          1
   0.999998
   0.999957
    0.99886
   0.970282
   0.547145
  0.0441606
 0.00248327
0.000626063
 0.00100297
 0.00279187
 0.00839996
  0.0248613
  0.0669921
    0.15019
   0.271583
   0.409593
   0.535365
    0.62872
   0.688421
   0.722879
   0.740695
   0.748338
   0.750562
   0.750748
    0.75075
   0.750563
   0.748343
   0.740703
   0.722892
   0.688443
   0.628755
   0.535413
   0.409657
   0.271639
   0.150242
  0.0670108
  0.0248723
 0.00840455
 0.00279373
 0.00100364
0.000626603
 0.00248242
  0.0442106
   0.547296
   0.970266
   0.998862
   0.999957
   0.999998
          1
          1
          1
          1
          1
          1
          1
          1
          1
          1
          1
          1
   0.999999
   0.999985
   0.999618
   0.990431
   0.803127
   0.140181
 0.00754728
0.000900253
0.000767077
 0.00181564
 0.00513959
  0.0145848
  0.0389771
  0.0918527
   0.181425
   0.300048
    0.42648
    0.53668
   0.617957
   0.671556
   0.704432
    0.72334
   0.733257
   0.737417
   0.737416
   0.733261
   0.723345
   0.704443
   0.671573
   0.617985
    0.53672
   0.426534
   0.300104
   0.181476
  0.0918765
  0.0389968
  0.0145912
 0.00514403
 0.00181642
0.000767928
0.000900602
 0.00754653
   0.140227
    0.80293
   0.990416
   0.999618
   0.999985
   0.999999
          1
          1
          1
          1
          1
          1
          1
          1
          1
          1
          1
          1
          1
   0.999995
   0.999888
   0.997345
   0.940468
   0.402723
  0.0297226
 0.00214357
0.000714692
 0.00116878
 0.00300707
 0.00811318
  0.0211144
  0.0505667
   0.106666
   0.193191
   0.301303
   0.412358
    0.50836
   0.580884
   0.630761
   0.662633
   0.681148
   0.689583
   0.689586
   0.681151
   0.662642
   0.630775
   0.580904
   0.508389
   0.412402
   0.301347
   0.193232
   0.106688
  0.0505872
  0.0211217
 0.00811831
  0.0030077
  0.0011699
0.000714962
 0.00214507
  0.0297146
    0.40281
   0.940572
   0.997337
   0.999888
   0.999995
          1
          1
          1
          1
          1
          1
          1
          1
          1
          1
          1
          1
          1
          1
   0.999999
   0.999971
   0.999352
   0.985894
   0.761947
   0.131624
 0.00842257
 0.00110192
0.000828793
 0.00171037
 0.00430142
  0.0107504
  0.0254467
  0.0552663
    0.10734
   0.183344
   0.275133
   0.367925
   0.448748
   0.511345
    0.55525
   0.582553
   0.595541
    0.59554
   0.582559
    0.55526
    0.51136
   0.448768
   0.367955
   0.275168
    0.18338
   0.107363
  0.0552872
  0.0254542
  0.0107561
 0.00430197
 0.00171219
0.000828544
 0.00110298
 0.00842145
   0.131629
    0.76227
   0.985876
   0.999353
   0.999971
   0.999999
          1
          1
          1
          1
          1
          1
          1
          1
          1
          1
          1
          1
          1
          1
          1
   0.999993
    0.99986
   0.997126
   0.945193
   0.466697
  0.0454294
 0.00357148
0.000877078
 0.00102251
 0.00220186
  0.0051877
  0.0118783
  0.0256598
  0.0513406
  0.0936946
   0.153623
   0.224958
   0.296734
   0.359231
   0.407171
   0.438955
   0.454666
   0.454671
    0.43896
   0.407182
   0.359245
   0.296754
    0.22498
    0.15365
  0.0937117
  0.0513577
  0.0256652
  0.0118849
 0.00518897
 0.00220412
 0.00102202
0.000877925
 0.00357177
  0.0454443
   0.467163
   0.945201
   0.997129
    0.99986
   0.999993
          1
          1
          1
          1
          1
          1
          1
          1
          1
          1
          1
          1
          1
          1
          1
          1
   0.999999
   0.999973
   0.999481
   0.990416
   0.851063
   0.246794
  0.0206486
  0.0021952
0.000849925
 0.00116758
 0.00241515
 0.00523272
  0.0109359
  0.0216519
   0.040225
  0.0694485
   0.109923
   0.158009
   0.206476
   0.247958
   0.277488
   0.292681
    0.29268
   0.277498
   0.247963
   0.206489
   0.158021
   0.109939
  0.0694568
  0.0402358
  0.0216551
  0.0109412
 0.00523423
 0.00241759
 0.00116692
 0.00085108
 0.00219517
  0.0206638
    0.24681
   0.851138
   0.990425
    0.99948
   0.999973
   0.999999
          1
          1
          1
          1
          1
          1
          1
          1
          1
          1
          1
          1
          1
          1
          1
          1
          1
   0.999995
   0.999915
   0.998546
   0.976297
   0.720029
   0.144755
  0.0129079
 0.00178103
0.000856247
  0.0011751
 0.00223767
 0.00441034
 0.00838929
  0.0152044
  0.0260973
  0.0421763
  0.0634948
  0.0881886
   0.112409
   0.131641
   0.142219
   0.142223
   0.131643
   0.112416
   0.088192
  0.0635046
  0.0421796
  0.0261043
  0.0152067
 0.00839367
 0.00441062
 0.00223954
 0.00117454
0.000857401
 0.00178004
  0.0129223
   0.144636
    0.71989
   0.976356
   0.998542
   0.999916
   0.999995
          1
          1
          1
          1
          1
          1
          1
          1
          1
          1
          1
          1
          1
          1
          1
          1
          1
          1
   0.999999
   0.999987
     0.9998
   0.996934
   0.956809
   0.611711
   0.107648
  0.0109695
 0.00176431
0.000850288
 0.00104024
 0.00176231
 0.00312829
 0.00539269
 0.00888656
  0.0139066
  0.0205738
  0.0285337
  0.0367887
  0.0437463
  0.0477602
  0.0477597
  0.0437503
  0.0367888
   0.028537
  0.0205742
  0.0139103
 0.00888651
 0.00539512
  0.0031278
 0.00176337
  0.0010397
0.000851512
 0.00176388
  0.0109726
   0.107629
   0.612019
   0.956866
   0.996942
     0.9998
   0.999987
   0.999999
          1
          1
          1
          1
          1
          1
          1
          1
          1
          1
          1
          1
          1
          1
          1
          1
          1
          1
          1
   0.999998
   0.999975
   0.999641
   0.995171
   0.941482
   0.569492
   0.106099
  0.0125337
 0.00212696
0.000869268
0.000845015
 0.00121388
 0.00190849
 0.00296041
 0.00440792
 0.00623176
  0.0083231
  0.0104244
  0.0121742
  0.0131745
  0.0131761
  0.0121742
  0.0104265
 0.00832222
 0.00623375
 0.00440771
 0.00296158
 0.00190794
 0.00121468
 0.00084454
0.000870086
 0.00212687
  0.0125347
   0.106012
   0.569831
   0.941384
    0.99518
   0.999641
   0.999975
   0.999998
          1
          1
          1
          1
          1
          1
          1
          1
          1
          1
          1
          1
          1
          1
          1
          1
          1
          1
          1
          1
          1
   0.999997
   0.999961
   0.999518
   0.994322
   0.940544
    0.60423
    0.13874
  0.0194567
 0.00335436
 0.00106093
0.000716278
0.000792842
   0.001056
 0.00144895
 0.00193985
 0.00247901
 0.00300144
 0.00341887
 0.00365477
 0.00365401
 0.00341991
  0.0030007
  0.0024796
 0.00193916
 0.00144958
 0.00105548
0.000793336
0.000715747
  0.0010618
 0.00335221
   0.019456
     0.1388
   0.604089
   0.940469
    0.99434
   0.999517
   0.999961
   0.999997
          1
          1
          1
          1
          1
          1
          1
          1
          1
          1
          1
          1
          1
          1
          1
          1
          1
          1
          1
          1
          1
          1
          1
   0.999996
   0.999955
    0.99951
   0.995028
   0.954852
   0.707005
   0.232224
  0.0415606
  0.0076206
 0.00196349
 0.00085538
0.000622041
0.000621979
0.000708595
0.000830821
0.000954685
 0.00105597
 0.00111162
 0.00111224
 0.00105562
0.000955095
0.000830467
0.000709053
0.000621789
0.000622518
0.000854987
 0.00196491
  0.0076169
  0.0415366
    0.23231
   0.706966
   0.954851
   0.995035
   0.999508
   0.999954
   0.999996
          1
          1
          1
          1
          1
          1
          1
          1
          1
          1
          1
          1
          1
          1
          1
          1
          1
          1
          1
          1
          1
          1
          1
          1
          1
   0.999996
    0.99996
   0.999625
    0.99676
   0.974568
    0.83904
   0.439766
    0.11797
  0.0259573
 0.00655875
 0.00218038
  0.0010204
0.000658933
0.000536152
0.000498076
 0.00048974
0.000490476
0.000490161
0.000490146
0.000497799
 0.00053641
 0.00065857
 0.00102067
 0.00217962
 0.00655568
  0.0259426
   0.117983
   0.439895
   0.839099
   0.974635
   0.996764
   0.999625
    0.99996
   0.999996
          1
          1
          1
          1
          1
          1
          1
          1
          1
          1
          1
          1
          1
          1
          1
          1
          1
          1
          1
          1
          1
          1
          1
          1
          1
          1
          1
   0.999997
   0.999973
   0.999785
   0.998417
   0.989425
   0.938695
   0.736397
   0.366333
   0.120826
  0.0371575
  0.0128617
 0.00538727
 0.00278414
 0.00175868
 0.00132751
 0.00116153
 0.00116291
 0.00132669
 0.00175948
 0.00278229
 0.00538643
  0.0128556
  0.0371323
   0.120918
   0.366378
   0.736562
   0.938749
   0.989428
    0.99842
   0.999785
   0.999973
   0.999997
          1
          1
          1
          1
          1
          1
          1
          1
          1
          1
          1
          1
          1
          1
          1
          1
          1
          1
          1
          1
          1
          1
          1
          1
          1
          1
          1
          1
          1
   0.999998
   0.999986
   0.999907
    0.99942
   0.996743
    0.98374
   0.930986
   0.774034
   0.499331
   0.253668
   0.120196
  0.0613451
  0.0362352
   0.025316
  0.0211708
  0.0211489
  0.0253479
   0.036221
  0.0613901
   0.120141
   0.253799
   0.499525
   0.773879
   0.930946
   0.983754
   0.996737
    0.99942
   0.999907
   0.999986
   0.999998
          1
          1
          1
          1
          1
          1
          1
          1
          1
          1
          1
          1
          1
          1
          1
          1
          1
          1
          1
          1
          1
          1
          1
          1
          1
          1
          1
          1
          1
          1
          1
   0.999999
   0.999995
   0.999969
   0.999839
   0.999246
   0.996875
   0.988588
   0.964249
   0.906387
   0.802126
   0.667204
   0.539741
   0.450657
   0.406186
   0.406607
   0.450283
   0.540072
   0.666966
   0.802335
   0.906257
    0.96424
   0.988569
   0.996876
   0.999247
   0.999839
   0.999969
   0.999995
   0.999999
          1
          1
          1
          1
          1
          1
          1
          1
          1
          1
          1
          1
          1
          1
          1
          1
          1
          1
          1
          1
          1
          1
          1
          1
          1
          1
          1
          1
          1
          1
          1
          1
          1
          1
   0.999998
   0.999992
   0.999966
   0.999868
   0.999544
   0.998619
   0.996363
   0.991773
   0.984048
   0.973893
   0.963675
   0.957347
   0.957214
    0.96373
   0.973851
   0.984077
   0.991751
    0.99637
   0.998616
   0.999545
   0.999868
   0.999966
   0.999992
   0.999998
          1
          1
          1
          1
          1
          1
          1
          1
          1
          1
          1
          1
          1
          1
          1
          1
          1
          1
          1
          1
          1
          1
          1
          1
          1
          1
          1
          1
          1
          1
          1
          1
          1
          1
          1
          1
          1
          1
   0.999998
   0.999994
   0.999982
   0.999948
   0.999869
   0.999714
   0.999464
   0.999135
   0.998812
   0.998603
   0.998606
   0.998807
   0.999136
   0.999464
   0.999715
   0.999869
   0.999948
   0.999982
   0.999994
   0.999998
          1
          1
          1
          1
          1
          1
          1
          1
          1
          1
          1
          1
          1
          1
          1
          1
          1
          1
          1
          1
          1
          1
          1
          1
          1
          1
          1
          1
          1
          1
          1
          1
          1
          1
          1
          1
          1
          1
          1
          1
          1
          1
   0.999999
   0.999998
   0.999995
    0.99999
   0.999982
   0.999972
   0.999962
   0.999956
   0.999955
   0.999962
   0.999972
   0.999982
    0.99999
   0.999995
   0.999998
   0.999999
          1
          1
          1
          1
          1
          1
          1
          1
          1
          1
          1
          1
          1
          1
          1
          1
          1
          1
          1
          1
          1
          1
          1
          1
          1
          1
          1
          1
          1
          1
          1
          1
          1
          1
          1
          1
          1
          1
          1
          1
          1
          1
          1
          1
          1
          1
          1
          1
   0.999999
   0.999999
   0.999999
   0.999999
   0.999999
   0.999999
   0.999999
   0.999999
          1
          1
          1
          1
          1
          1
          1
          1
          1
          1
          1
          1
          1
          1
          1
          1
          1
          1
          1
          1
          1
          1
          1
          1
          1
          1
          1
          1
          1
          1
          1
          1
          1
          1
          1
          1
          1
          1
          1
          1
          1
          1
          1
          1
          1
          1
          1
          1
          1
          1
          1
          1
          1
          1
          1
          1
          1
          1
          1
          1
          1
          1
          1
          1
          1
          1
          1
          1
          1
          1
          1
          1
          1
          1
          1
          1
          1
          1
          1
          1
          1
          1
          1
          1
          1
          1
          1
          1
          1
          1
          1
          1
          1
          1
          1
          1
          1
          1
          1
          1
          1
          1
          1
          1
          1
          1
          1
          1
          1
          1
          1
          1
          1
          1
          1
          1
          1
          1
          1
          1
          1
          1
          1
          1
          1
          1
          1
          1
          1
          1
          1
          1
          1
          1
          1
          1
          1
          1
          1
          1
          1
          1
          1
          1
          1
          1
          1
          1
          1
          1
          1
          1
          1
          1
          1
          1
          1
          1
          1
          1
          1
          1
          1
          1
          1
          1
          1
          1
          1
          1
          1
          1
          1
          1
          1
          1
          1
          1
          1
          1
          1
          1
          1
          1
          1
          1
          1
          1
          1
          1
          1
          1
          1
          1
          1
          1
          1
          1
          1
          1
          1
          1
          1
          1
          1
          1
          1
          1
          1
          1
          1
          1
          1
          1
          1
          1
          1
          1
          1
          1
          1
          1
          1
          1
          1
          1
          1
          1
          1
          1
          1
          1
          1
          1
          1
          1
          1
          1
          1
          1
          1
          1
          1
          1
          1
          1
          1
          1
          1
          1
          1
          1
          1
          1
          1
          1
          1
          1
          1
          1
          1
          1
          1
          1
          1
          1
          1
          1
          1
          1
          1
          1
          1
          1
          1
          1
          1
          1
          1
          1
          1
          1
          1
          1
          1
          1
          1
          1
          1
          1
          1
          1
          1
          1
          1
          1
          1
          1
          1
          1
          1
          1
          1
          1
          1
          1
          1
          1
          1
          1
          1
          1
          1
          1
          1
          1
          1
          1
          1
          1
          1
          1
          1
          1
          1
          1
          1
          1
          1
          1
          1
          1
          1
          1
          1
          1
          1
          1
          1
          1
          1
          1
          1
          1
          1
          1
          1
          1
          1
          1
          1
          1
          1
          1
          1
          1
          1
          1
          1
          1
          1
          1
          1
          1
          1
          1
          1
          1
          1
          1
          1
          1
          1
          1
          1
          1
          1
          1
          1
          1
          1
          1
          1
          1
          1
          1
          1
          1
          1
          1
          1
          1
          1
          1
          1
          1
          1
          1
          1
          1
          1
          1
          1
          1
          1
          1
          1
          1
          1
          1
          1
          1
          1
          1
          1
          1
          1
          1
          1
          1
          1
          1
          1
          1
          1
          1
          1
          1
          1
          1
          1
          1
          1
          1
          1
          1
          1
          1
          1
          1
          1
          1
          1
          1
          1
          1
          1
          1
          1
          1
          1
          1
          1
          1
          1
          1
          1
          1
          1
          1
          1
          1
          1
          1
          1
          1
          1
          1
          1
          1
          1
          1
          1
          1
          1
          1
          1
          1
          1
          1
          1
          1
          1
          1
          1
          1
          1
          1
          1
          1
          1
          1
          1
          1
          1
          1
          1
          1
          1
          1
          1
          1
          1
          1
          1
          1
          1
          1
          1
          1
          1
          1
          1
          1
          1
          1
          1
          1
          1
          1
          1
          1
          1
          1
          1
          1
          1
          1
          1
          1
          1
          1
          1
          1
          1
          1
          1
          1
          1
          1
          1
          1
          1
          1
          1
          1
          1
          1
          1
          1
          1
          1
          1
          1
          1
          1
          1
          1
          1
          1
          1
          1
          1
          1
          1
          1
          1
          1
          1
          1
          1
          1
          1
          1
          1
          1
          1
          1
          1
          1
          1
          1
          1
          1
          1
          1
          1
          1
          1
          1
          1
          1
          1
          1
          1
          1
          1
          1
          1
          1
          1
          1
          1
          1
          1
          1
          1
          1
          1
          1
          1
          1
          1
          1
          1
          1
          1
          1
          1
          1
          1
          1
          1
          1
          1
          1
          1
          1
          1
          1
          1
          1
          1
          1
          1
          1
          1
          1
          1
          1
          1
          1
          1
          1
          1
          1
          1
          1
          1
          1
          1
          1
   0.999999
   0.999999
   0.999998
   0.999998
   0.999998
   0.999998
   0.999999
   0.999999
          1
          1
          1
          1
          1
          1
          1
          1
          1
          1
          1
          1
          1
          1
          1
          1
          1
          1
          1
          1
          1
          1
          1
          1
          1
          1
          1
          1
          1
          1
          1
          1
          1
          1
          1
          1
          1
          1
          1
          1
          1
          1
          1
          1
          1
          1
          1
          1
   0.999999
   0.999998
   0.999994
   0.999988
   0.999978
   0.999965
   0.999953
   0.999945
   0.999945
   0.999953
   0.999965
   0.999978
   0.999988
   0.999994
   0.999998
   0.999999
          1
          1
          1
          1
          1
          1
          1
          1
          1
          1
          1
          1
          1
          1
          1
          1
          1
          1
          1
          1
          1
          1
          1
          1
          1
          1
          1
          1
          1
          1
          1
          1
          1
          1
          1
          1
          1
          1
          1
          1
          1
          1
   0.999998
   0.999993
   0.999977
   0.999935
   0.999836
   0.999644
   0.999331
   0.998923
   0.998518
   0.998259
    0.99826
   0.998517
   0.998922
   0.999332
   0.999644
   0.999837
   0.999935
   0.999977
   0.999993
   0.999998
          1
          1
          1
          1
          1
          1
          1
          1
          1
          1
          1
          1
          1
          1
          1
          1
          1
          1
          1
          1
          1
          1
          1
          1
          1
          1
          1
          1
          1
          1
          1
          1
          1
          1
          1
          1
          1
          1
   0.999998
    0.99999
   0.999957
   0.999833
   0.999423
   0.998246
   0.995392
   0.989564
    0.97987
   0.967097
   0.954407
   0.946447
   0.946435
   0.954424
   0.967096
    0.97988
    0.98957
   0.995389
   0.998251
   0.999423
   0.999834
   0.999957
    0.99999
   0.999998
          1
          1
          1
          1
          1
          1
          1
          1
          1
          1
          1
          1
          1
          1
          1
          1
          1
          1
          1
          1
          1
          1
          1
          1
          1
          1
          1
          1
          1
          1
          1
          1
          1
          1
   0.999999
   0.999993
    0.99996
   0.999795
   0.999036
      0.996
   0.985353
   0.954378
   0.882364
   0.758583
   0.608023
   0.476173
   0.388258
   0.346229
   0.346381
   0.388245
   0.476155
   0.608188
    0.75859
   0.882449
   0.954349
   0.985393
   0.995993
   0.999037
   0.999794
   0.999961
   0.999993
   0.999999
          1
          1
          1
          1
          1
          1
          1
          1
          1
          1
          1
          1
          1
          1
          1
          1
          1
          1
          1
          1
          1
          1
          1
          1
          1
          1
          1
          1
          1
          1
          1
   0.999998
   0.999982
   0.999879
   0.999246
   0.995748
   0.978934
   0.911577
   0.723092
   0.431689
   0.205322
  0.0939194
  0.0472755
  0.0277313
  0.0193336
  0.0161395
  0.0161322
  0.0193407
  0.0277346
  0.0472931
  0.0940166
   0.205342
   0.431946
   0.722874
   0.911653
    0.97888
   0.995745
   0.999245
   0.999879
   0.999982
   0.999998
          1
          1
          1
          1
          1
          1
          1
          1
          1
          1
          1
          1
          1
          1
          1
          1
          1
          1
          1
          1
          1
          1
          1
          1
          1
          1
          1
          1
          1
   0.999996
   0.999965
   0.999719
   0.997921
   0.986049
   0.920303
   0.677525
   0.302552
  0.0932586
  0.0279925
 0.00962737
 0.00402596
 0.00208375
 0.00131996
0.000998282
0.000875197
0.000875609
0.000998078
 0.00132044
 0.00208326
 0.00402756
 0.00963324
  0.0279857
  0.0933651
   0.302351
   0.677653
    0.92026
   0.986059
    0.99792
   0.999719
   0.999965
   0.999996
          1
          1
          1
          1
          1
          1
          1
          1
          1
          1
          1
          1
          1
          1
          1
          1
          1
          1
          1
          1
          1
          1
          1
          1
          1
          1
          1
   0.999995
   0.999948
   0.999509
   0.995728
   0.966372
   0.795225
   0.367809
  0.0898159
  0.0192304
  0.0048285
 0.00161016
0.000760194
0.000497186
0.000409894
0.000384683
0.000380966
0.000382709
0.000382539
0.000381114
0.000384576
0.000410046
0.000497083
0.000760376
 0.00161021
 0.00482772
  0.0192351
  0.0897816
   0.367954
   0.795388
   0.966436
   0.995724
   0.999511
   0.999948
   0.999995
          1
          1
          1
          1
          1
          1
          1
          1
          1
          1
          1
          1
          1
          1
          1
          1
          1
          1
          1
          1
          1
          1
          1
          1
          1
   0.999995
   0.999941
   0.999354
    0.99344
   0.940445
      0.641
    0.18161
  0.0305975
 0.00554426
  0.0014335
0.000634044
0.000471226
0.000480557
0.000555939
0.000658995
 0.00076354
0.000848552
0.000895757
0.000895959
 0.00084838
0.000763769
0.000658878
0.000556197
0.000480571
0.000471437
0.000633984
 0.00143357
 0.00554539
  0.0306081
   0.181807
   0.641088
   0.940633
   0.993439
   0.999356
   0.999941
   0.999995
          1
          1
          1
          1
          1
          1
          1
          1
          1
          1
          1
          1
          1
          1
          1
          1
          1
          1
          1
          1
          1
          1
          1
   0.999996
    0.99995
   0.999362
   0.992477
   0.921614
   0.529491
   0.105059
  0.0141272
 0.00241992
0.000775357
0.000537134
0.000609485
0.000826881
 0.00115123
 0.00155858
 0.00201032
 0.00244989
 0.00280364
 0.00300293
 0.00300253
 0.00280404
 0.00244983
 0.00201087
 0.00155852
  0.0011517
 0.00082695
0.000609752
0.000537171
0.000775769
 0.00242108
  0.0141346
   0.105154
   0.529501
   0.921836
   0.992477
   0.999364
   0.999949
   0.999996
          1
          1
          1
          1
          1
          1
          1
          1
          1
          1
          1
          1
          1
          1
          1
          1
          1
          1
          1
          1
          1
   0.999998
   0.999967
   0.999527
   0.993593
   0.922701
     0.4933
  0.0793053
 0.00904162
 0.00153098
0.000638778
0.000638819
0.000939301
 0.00150258
 0.00236534
 0.00356527
 0.00509424
 0.00685971
 0.00864633
  0.0101365
  0.0109916
  0.0109921
  0.0101365
 0.00864755
 0.00685962
 0.00509521
  0.0035655
 0.00236607
 0.00150262
0.000939751
0.000638912
0.000639228
  0.0015317
 0.00904038
  0.0793811
   0.493331
   0.922845
   0.993588
   0.999529
   0.999967
   0.999998
          1
          1
          1
          1
          1
          1
          1
          1
          1
          1
          1
          1
          1
          1
          1
          1
          1
          1
          1
   0.999999
   0.999984
   0.999738
   0.995952
   0.942805
   0.537041
  0.0804394
 0.00789762
 0.00126903
0.000627279
0.000789245
 0.00136624
 0.00246729
 0.00432023
 0.00721474
  0.0114264
  0.0170671
  0.0238513
  0.0309111
  0.0368814
  0.0403263
  0.0403259
  0.0368834
  0.0309132
  0.0238529
  0.0170679
  0.0114283
 0.00721529
 0.00432071
  0.0024673
 0.00136694
0.000789287
0.000627784
 0.00127004
  0.0078977
  0.0805267
   0.537093
   0.943032
   0.995939
   0.999739
   0.999984
   0.999999
          1
          1
          1
          1
          1
          1
          1
          1
          1
          1
          1
          1
          1
          1
          1
          1
          1
          1
   0.999994
   0.999891
   0.998099
   0.968698
   0.655267
   0.109578
 0.00931729
 0.00128107
0.000632365
 0.00089275
 0.00173557
 0.00347936
 0.00672781
  0.0123743
  0.0215297
  0.0351929
  0.0534908
   0.074849
  0.0959523
   0.112804
   0.122114
   0.122116
   0.112808
  0.0959617
  0.0748557
  0.0534975
  0.0351969
  0.0215325
  0.0123751
 0.00672935
 0.00347983
 0.00173678
0.000892842
0.000632852
 0.00128243
 0.00931599
   0.109706
    0.65529
   0.968752
   0.998094
    0.99989
   0.999994
          1
          1
          1
          1
          1
          1
          1
          1
          1
          1
          1
          1
          1
          1
          1
          1
          1
   0.999998
   0.999965
   0.999329
   0.987447
    0.81025
   0.193927
    0.01503
 0.00157977
0.000627112
0.000887089
 0.00187428
 0.00412953
 0.00877476
  0.0176528
  0.0333187
  0.0583705
  0.0936579
   0.136306
   0.180093
    0.21823
    0.24579
   0.260103
   0.260101
   0.245802
   0.218239
   0.180107
    0.13632
  0.0936718
  0.0583778
  0.0333218
  0.0176546
 0.00877733
 0.00413105
 0.00187538
 0.00088709
0.000627517
  0.0015816
  0.0150372
   0.194161
   0.810112
    0.98746
   0.999327
   0.999965
   0.999998
          1
          1
          1
          1
          1
          1
          1
          1
          1
          1
          1
          1
          1
          1
          1
          1
   0.999991
   0.999821
   0.996275
   0.928874
    0.39458
  0.0336571
 0.00258048
0.000644736
0.000776227
 0.00170927
 0.00409561
 0.00953513
  0.0209457
  0.0426743
  0.0793356
    0.13256
   0.197713
   0.265217
   0.325598
   0.372951
   0.404839
   0.420743
   0.420747
   0.404845
   0.372967
    0.32561
   0.265237
   0.197732
    0.13258
  0.0793478
  0.0426828
  0.0209486
 0.00953817
 0.00409742
 0.00171035
0.000776357
0.000645111
 0.00258399
  0.0336539
   0.394566
   0.928874
   0.996273
    0.99982
   0.999991
          1
          1
          1
          1
          1
          1
          1
          1
          1
          1
          1
          1
          1
          1
          1
   0.999998
   0.999963
   0.999171
   0.981715
   0.707709
   0.101101
 0.00615369
0.000806996
0.000626933
 0.00132785
 0.00339643
 0.00863104
  0.0207785
  0.0460076
  0.0913164
   0.159719
   0.245378
   0.335133
   0.415748
   0.479711
   0.525355
    0.55407
   0.567815
   0.567817
   0.554079
   0.525366
   0.479727
   0.415765
   0.335157
   0.245398
   0.159735
  0.0913319
    0.04602
  0.0207813
 0.00863312
  0.0033971
 0.00132854
0.000627084
0.000807349
  0.0061559
   0.101042
   0.707615
   0.981696
   0.999168
   0.999963
   0.999998
          1
          1
          1
          1
          1
          1
          1
          1
          1
          1
          1
          1
          1
          1
   0.999994
   0.999857
   0.996595
    0.92371
   0.336947
  0.0221309
 0.00157099
0.000536494
0.000905268
  0.0023743
 0.00651321
  0.0172297
  0.0420527
   0.090758
   0.168887
    0.27079
   0.379786
   0.477184
   0.552691
   0.605657
   0.640026
   0.660219
   0.669486
   0.669489
   0.660225
   0.640038
   0.605669
   0.552708
   0.477205
   0.379813
   0.270809
   0.168904
  0.0907742
  0.0420633
  0.0172311
 0.00651474
 0.00237485
0.000905875
0.000536658
 0.00157093
  0.0221201
   0.336802
   0.923771
   0.996584
   0.999858
   0.999994
          1
          1
          1
          1
          1
          1
          1
          1
          1
          1
          1
          1
          1
   0.999999
   0.999981
   0.999516
    0.98771
    0.75709
    0.10911
 0.00558527
0.000668492
0.000590282
  0.0014311
 0.00412292
  0.0118838
  0.0323154
  0.0778217
   0.158088
   0.269686
   0.394222
   0.506806
   0.592247
   0.649957
    0.68615
   0.707424
   0.718831
   0.723699
   0.723701
   0.718837
   0.707433
   0.686159
    0.64997
   0.592262
   0.506824
   0.394247
   0.269703
   0.158106
  0.0778332
  0.0323213
  0.0118855
 0.00412436
 0.00143166
0.000590591
0.000668465
 0.00558402
   0.108945
   0.757016
   0.987718
   0.999517
   0.999981
   0.999999
          1
          1
          1
          1
          1
          1
          1
          1
          1
          1
          1
          1
   0.999998
   0.999946
   0.998556
   0.962093
   0.480003
  0.0335398
 0.00183998
0.000474921
0.000786312
 0.00223393
 0.00682983
  0.0205353
  0.0563675
   0.129683
   0.242284
   0.377323
   0.505645
   0.603986
   0.668678
   0.707176
   0.727926
   0.737511
   0.740863
   0.741551
   0.741554
   0.740866
   0.737518
   0.727935
   0.707186
    0.66869
   0.604001
   0.505661
   0.377347
   0.242303
   0.129704
  0.0563743
  0.0205396
 0.00683178
 0.00223496
 0.00078671
0.000474954
 0.00184025
  0.0335446
   0.479733
   0.962091
   0.998555
   0.999946
   0.999998
          1
          1
          1
          1
          1
          1
          1
          1
          1
          1
          1
          1
   0.999995
   0.999867
   0.996241
   0.902358
   0.241439
  0.0116574
0.000843535
0.000468097
 0.00108319
 0.00334046
   0.010738
  0.0333814
  0.0902351
   0.193226
   0.330521
   0.473663
   0.590401
   0.668072
   0.712878
   0.734787
   0.741604
   0.739359
   0.733522
   0.729027
   0.729028
   0.733524
   0.739364
   0.741608
   0.734795
   0.712887
   0.668082
   0.590415
   0.473679
   0.330545
   0.193251
  0.0902538
   0.033386
  0.0107412
 0.00334181
 0.00108375
0.000468238
0.000843734
    0.01165
   0.241596
   0.902237
   0.996257
   0.999866
   0.999995
          1
          1
          1
          1
          1
          1
          1
          1
          1
          1
          1
          1
    0.99999
   0.999713
    0.99159
   0.796774
   0.114431
 0.00488278
0.000530777
0.000530641
 0.00145462
 0.00474152
  0.0159314
  0.0505474
    0.13128
   0.259179
   0.409987
   0.548677
   0.647924
   0.706389
   0.734582
   0.741585
   0.733613
   0.716412
   0.697278
   0.684678
   0.684677
   0.697279
   0.716411
   0.733617
   0.741588
   0.734589
   0.706395
   0.647932
   0.548695
   0.410005
    0.25921
   0.131297
  0.0505595
  0.0159341
 0.00474371
 0.00145538
0.000530673
0.000530863
 0.00488142
   0.114416
   0.796743
   0.991603
   0.999714
    0.99999
          1
          1
          1
          1
          1
          1
          1
          1
          1
          1
          1
   0.999999
   0.999982
   0.999467
   0.983905
   0.661694
  0.0587695
 0.00250944
0.000423156
0.000621061
   0.001866
 0.00634451
  0.0221424
  0.0705997
   0.173584
   0.318348
   0.473307
   0.601599
   0.684191
   0.727168
   0.741379
   0.733562
    0.70778
   0.669613
   0.630071
   0.604465
   0.604465
   0.630071
   0.669606
   0.707777
   0.733564
   0.741382
   0.727176
   0.684198
   0.601611
   0.473333
   0.318374
    0.17362
  0.0706074
  0.0221497
 0.00634686
 0.00186695
0.000621302
0.000423245
 0.00250894
  0.0588001
   0.661527
    0.98395
   0.999465
   0.999982
   0.999999
          1
          1
          1
          1
          1
          1
          1
          1
          1
          1
   0.999999
   0.999973
   0.999146
    0.97384
   0.535901
    0.03486
 0.00157294
0.000387379
0.000714668
 0.00226318
 0.00795852
  0.0285791
  0.0904574
   0.210615
   0.364875
   0.518732
   0.636114
   0.705627
   0.736848
   0.739161
   0.716319
   0.669509
   0.604258
   0.537543
   0.494861
   0.494858
   0.537545
    0.60425
   0.669503
   0.716315
   0.739166
   0.736852
   0.705638
   0.636129
   0.518752
   0.364915
   0.210643
  0.0904845
  0.0285839
 0.00796236
 0.00226429
0.000714835
0.000387451
  0.0015735
  0.0348395
   0.535702
   0.973824
   0.999145
   0.999972
   0.999999
          1
          1
          1
          1
          1
          1
          1
          1
          1
          1
   0.999999
   0.999963
    0.99883
   0.963904
   0.447865
  0.0244191
 0.00117815
0.000378045
0.000790669
 0.00258239
 0.00929679
  0.0340088
   0.106391
   0.237443
   0.396313
   0.547418
   0.656482
   0.717178
   0.740279
   0.733341
   0.697101
   0.629763
   0.537248
   0.444482
   0.387017
   0.387012
   0.444472
   0.537236
   0.629751
   0.697097
    0.73334
   0.740287
   0.717186
     0.6565
   0.547448
   0.396342
   0.237489
   0.106405
  0.0340218
 0.00929916
 0.00258397
0.000790835
0.000378261
 0.00117716
  0.0244397
   0.447442
   0.963888
   0.998829
   0.999963
   0.999999
          1
          1
          1
          1
          1
          1
          1
          1
          1
          1
   0.999999
   0.999957
   0.998629
   0.957546
    0.40461
  0.0204468
 0.00102694
 0.00037722
0.000833235
 0.00276123
  0.0100616
  0.0371438
   0.115201
   0.251428
   0.412009
   0.561196
   0.665853
   0.722127
   0.741018
   0.728838
   0.684423
   0.603957
   0.494274
   0.386705
   0.322274
   0.322276
   0.386699
   0.494261
   0.603949
   0.684414
    0.72884
   0.741023
   0.722139
   0.665872
   0.561222
   0.412053
    0.25146
   0.115236
   0.037148
   0.010067
 0.00276217
0.000833592
0.000377276
  0.0010268
  0.0204323
   0.404082
   0.957565
   0.998625
   0.999957
   0.999999
          1
          1
          1
          1
          1
          1
          1
          1
          1
          1
   0.999999
   0.999957
   0.998629
   0.957604
   0.404459
  0.0204361
 0.00102719
0.000377128
0.000833321
 0.00276111
  0.0100628
  0.0371391
   0.115216
   0.251416
   0.412025
   0.561195
   0.665858
   0.722128
   0.741014
   0.728843
   0.684415
   0.603957
   0.494274
   0.386699
   0.322268
   0.322261
   0.386688
   0.494261
   0.603945
    0.68441
    0.72884
   0.741024
   0.722139
   0.665879
    0.56123
   0.412057
   0.251468
   0.115233
   0.037155
  0.0100652
 0.00276293
0.000833497
0.000377349
  0.0010265
  0.0204414
   0.404035
   0.957514
   0.998627
   0.999957
   0.999999
          1
          1
          1
          1
          1
          1
          1
          1
          1
          1
   0.999999
   0.999963
   0.998831
   0.963871
   0.447931
  0.0244281
 0.00117731
0.000378199
0.000790631
 0.00258274
  0.0092968
  0.0340146
   0.106385
    0.23747
   0.396313
   0.547436
   0.656488
   0.717181
   0.740285
   0.733336
     0.6971
   0.629748
   0.537227
   0.444463
   0.386999
      0.387
   0.444462
    0.53722
    0.62974
   0.697094
   0.733336
   0.740289
   0.717196
   0.656512
   0.547465
   0.396364
   0.237502
   0.106425
  0.0340199
 0.00930232
 0.00258375
0.000791018
0.000378253
 0.00117777
  0.0244164
   0.447542
   0.963861
   0.998826
   0.999963
   0.999999
          1
          1
          1
          1
          1
          1
          1
          1
          1
          1
   0.999999
   0.999973
   0.999145
   0.973842
   0.535942
  0.0348257
 0.00157376
0.000387327
0.000714747
 0.00226359
 0.00795968
  0.0285795
  0.0904781
    0.21062
   0.364906
   0.518743
   0.636131
   0.705635
   0.736849
   0.739164
    0.71631
     0.6695
   0.604239
   0.537521
   0.494833
    0.49483
   0.537511
    0.60423
   0.669494
   0.716307
   0.739164
    0.73686
    0.70565
   0.636155
   0.518785
   0.364945
   0.210675
  0.0904922
  0.0285925
 0.00796221
 0.00226502
0.000714888
0.000387593
 0.00157264
  0.0348561
   0.535452
   0.973855
   0.999146
   0.999972
   0.999999
          1
          1
          1
          1
          1
          1
          1
          1
          1
          1
   0.999999
   0.999982
   0.999466
   0.983897
   0.661981
  0.0587532
 0.00250964
0.000423288
0.000621156
 0.00186616
 0.00634572
  0.0221456
  0.0706019
    0.17362
   0.318365
   0.473338
   0.601614
   0.684204
   0.727178
    0.74138
   0.733561
   0.707769
   0.669594
   0.630051
    0.60444
    0.60444
   0.630046
   0.669593
   0.707763
    0.73356
   0.741386
   0.727188
   0.684224
   0.601648
   0.473378
   0.318421
   0.173649
  0.0706331
  0.0221516
 0.00634986
 0.00186719
0.000621366
0.000423314
 0.00250896
  0.0587646
    0.66133
   0.983938
   0.999467
   0.999982
   0.999999
          1
          1
          1
          1
          1
          1
          1
          1
          1
          1
          1
    0.99999
   0.999713
   0.991591
   0.796909
    0.11435
 0.00488223
0.000530827
0.000530632
 0.00145516
 0.00474222
   0.015934
  0.0505597
   0.131297
   0.259221
   0.410015
    0.54871
   0.647942
   0.706405
   0.734592
   0.741586
   0.733613
   0.716402
   0.697264
    0.68466
   0.684657
   0.697264
   0.716398
   0.733611
   0.741591
     0.7346
    0.70642
   0.647967
   0.548745
   0.410066
   0.259261
   0.131339
  0.0505704
  0.0159422
  0.0047445
 0.00145598
0.000530786
0.000531004
 0.00487892
    0.11439
    0.79653
   0.991606
   0.999713
    0.99999
          1
          1
          1
          1
          1
          1
          1
          1
          1
          1
          1
          1
   0.999995
   0.999867
   0.996239
   0.902488
   0.241433
  0.0116508
 0.00084381
 0.00046814
 0.00108338
 0.00334174
  0.0107399
  0.0333879
  0.0902589
   0.193256
   0.330569
   0.473703
   0.590437
   0.668098
   0.712897
   0.734799
   0.741607
    0.73936
   0.733517
   0.729019
   0.729019
   0.733517
   0.739359
   0.741612
   0.734806
   0.712911
   0.668116
   0.590465
   0.473748
   0.330609
   0.193307
  0.0902786
  0.0334033
  0.0107432
 0.00334367
 0.00108382
0.000468317
0.000843616
  0.0116516
   0.241327
   0.902219
   0.996246
   0.999867
   0.999995
          1
          1
          1
          1
          1
          1
          1
          1
          1
          1
          1
          1
   0.999998
   0.999946
   0.998553
    0.96211
   0.479632
   0.033522
 0.00184041
0.000474875
0.000786563
 0.00223433
 0.00683195
  0.0205404
   0.056381
    0.12972
    0.24233
   0.377384
   0.505697
   0.604032
   0.668713
   0.707204
   0.727947
   0.737525
    0.74087
   0.741556
   0.741557
   0.740872
   0.737529
   0.727952
   0.707214
   0.668728
   0.604051
   0.505733
   0.377421
   0.242373
   0.129744
  0.0564047
  0.0205461
 0.00683578
 0.00223561
0.000787027
0.000475066
 0.00184048
  0.0334788
   0.479752
   0.961993
   0.998559
   0.999946
   0.999998
          1
          1
          1
          1
          1
          1
          1
          1
          1
          1
          1
          1
   0.999999
   0.999981
   0.999515
   0.987746
   0.756948
   0.109041
 0.00558577
0.000668523
0.000590467
 0.00143159
 0.00412446
  0.0118877
  0.0323266
  0.0778457
   0.158134
   0.269747
   0.394293
   0.506871
   0.592303
   0.650002
   0.686188
   0.707455
   0.718857
    0.72372
   0.723723
   0.718861
   0.707462
   0.686196
   0.650016
    0.59232
     0.5069
   0.394327
   0.269782
   0.158157
  0.0778719
  0.0323331
  0.0118933
 0.00412612
 0.00143254
0.000590702
0.000668706
 0.00558377
   0.108971
   0.756834
   0.987695
   0.999516
   0.999981
   0.999999
          1
          1
          1
          1
          1
          1
          1
          1
          1
          1
          1
          1
          1
   0.999994
   0.999857
    0.99659
    0.92382
   0.336724
  0.0221316
 0.00157067
0.000536443
 0.00090579
 0.00237499
 0.00651614
  0.0172351
  0.0420719
  0.0907925
   0.168937
   0.270862
   0.379868
   0.477265
   0.552764
   0.605719
   0.640082
   0.660268
   0.669532
   0.669532
   0.660273
   0.640088
   0.605731
   0.552778
   0.477286
   0.379894
   0.270893
   0.168961
  0.0908154
  0.0420788
  0.0172426
 0.00651757
 0.00237634
 0.00090606
0.000536905
 0.00157075
  0.0221142
   0.336445
    0.92364
   0.996584
   0.999858
   0.999994
          1
          1
          1
          1
          1
          1
          1
          1
          1
          1
          1
          1
          1
          1
   0.999998
   0.999963
    0.99917
   0.981713
   0.707759
   0.101026
 0.00615545
0.000807097
0.000626938
 0.00132873
 0.00339779
 0.00863551
  0.0207867
  0.0460332
  0.0913557
   0.159773
   0.245459
   0.335223
    0.41584
   0.479801
    0.52544
   0.554151
    0.56789
   0.567893
   0.554153
   0.525448
   0.479811
   0.415854
   0.335237
   0.245478
   0.159791
  0.0913753
  0.0460386
  0.0207955
 0.00863742
  0.0033995
 0.00132917
0.000627579
0.000807216
 0.00615664
   0.101009
   0.707408
   0.981677
   0.999169
   0.999963
   0.999998
          1
          1
          1
          1
          1
          1
          1
          1
          1
          1
          1
          1
          1
          1
          1
   0.999991
   0.999821
   0.996275
   0.928843
   0.394592
  0.0336422
  0.0025822
0.000645051
0.000776376
 0.00171076
  0.0040979
 0.00954089
  0.0209554
  0.0426973
  0.0793749
   0.132619
   0.197795
   0.265308
   0.325695
   0.373052
   0.404938
   0.420842
   0.420842
   0.404944
   0.373057
   0.325706
   0.265316
   0.197806
    0.13263
  0.0793907
  0.0427035
  0.0209628
 0.00954311
 0.00409969
 0.00171109
 0.00077697
0.000644943
 0.00258395
  0.0336547
   0.394294
   0.928817
   0.996271
   0.999821
   0.999991
          1
          1
          1
          1
          1
          1
          1
          1
          1
          1
          1
          1
          1
          1
          1
          1
   0.999998
   0.999965
   0.999328
    0.98748
   0.809983
   0.194082
  0.0150249
 0.00158028
0.000627562
0.000887275
 0.00187607
 0.00413161
 0.00878097
  0.0176614
  0.0333363
  0.0584028
   0.093709
   0.136377
   0.180179
   0.218327
   0.245892
   0.260205
   0.260207
   0.245894
   0.218332
   0.180183
   0.136388
  0.0937162
  0.0584139
  0.0333415
  0.0176668
 0.00878233
 0.00413386
 0.00187657
0.000888113
0.000627299
 0.00158152
  0.0150237
   0.193799
   0.810082
   0.987451
   0.999328
   0.999965
   0.999998
          1
          1
          1
          1
          1
          1
          1
          1
          1
          1
          1
          1
          1
          1
          1
          1
          1
   0.999994
   0.999891
   0.998094
   0.968725
   0.655026
   0.109697
 0.00931499
 0.00128179
0.000633009
0.000893156
 0.00173778
 0.00348145
 0.00673334
  0.0123811
  0.0215429
  0.0352145
  0.0535257
  0.0748959
  0.0960114
    0.11287
   0.122182
   0.122184
   0.112873
  0.0960123
  0.0748991
  0.0535267
  0.0352195
  0.0215454
  0.0123837
 0.00673387
 0.00348254
 0.00173776
0.000893736
 0.00063262
 0.00128247
 0.00930957
   0.109584
   0.655175
   0.968716
   0.998093
    0.99989
   0.999994
          1
          1
          1
          1
          1
          1
          1
          1
          1
          1
          1
          1
          1
          1
          1
          1
          1
          1
   0.999999
   0.999984
   0.999739
   0.995939
   0.942845
   0.536716
  0.0804993
 0.00789854
 0.00126942
0.000627953
0.000789524
 0.00136801
 0.00246871
  0.0043236
 0.00721918
   0.011435
  0.0170784
  0.0238684
  0.0309325
  0.0369073
  0.0403545
  0.0403546
  0.0369081
  0.0309347
  0.0238693
  0.0170808
  0.0114356
 0.00722084
 0.00432427
 0.00246947
 0.00136761
0.000790006
0.000627663
 0.00127031
 0.00789095
  0.0804395
   0.536694
   0.942851
   0.995947
   0.999739
   0.999984
   0.999999
          1
          1
          1
          1
          1
          1
          1
          1
          1
          1
          1
          1
          1
          1
          1
          1
          1
          1
          1
   0.999998
   0.999967
   0.999528
   0.993582
   0.922785
   0.492943
  0.0794102
 0.00904401
  0.0015315
0.000639612
0.000639054
0.000940367
 0.00150339
 0.00236767
  0.0035677
 0.00509866
 0.00686394
 0.00865325
  0.0101436
  0.0110002
  0.0109998
  0.0101444
  0.0086534
 0.00686521
 0.00509827
 0.00356837
 0.00236762
 0.00150388
0.000940185
0.000639474
 0.00063925
  0.0015328
 0.00903555
  0.0793169
   0.492975
   0.922676
   0.993589
   0.999528
   0.999967
   0.999998
          1
          1
          1
          1
          1
          1
          1
          1
          1
          1
          1
          1
          1
          1
          1
          1
          1
          1
          1
          1
          1
   0.999996
    0.99995
   0.999362
   0.992477
   0.921759
   0.529235
   0.105161
  0.0141331
  0.0024207
0.000776173
0.000537287
0.000610205
0.000827397
 0.00115258
 0.00155966
 0.00201242
 0.00245138
 0.00280628
 0.00300478
 0.00300527
 0.00280592
  0.0024519
 0.00201206
 0.00156001
 0.00115222
0.000827713
0.000609979
 0.00053767
0.000775522
 0.00242126
  0.0141183
   0.105029
   0.529247
   0.921657
   0.992459
   0.999364
   0.999949
   0.999996
          1
          1
          1
          1
          1
          1
          1
          1
          1
          1
          1
          1
          1
          1
          1
          1
          1
          1
          1
          1
          1
          1
          1
   0.999995
   0.999941
   0.999356
   0.993428
   0.940586
    0.64078
   0.181749
  0.0306041
 0.00554523
 0.00143382
0.000634155
0.000471712
0.000480775
0.000556631
0.000659291
0.000764394
0.000848926
0.000896739
 0.00089645
0.000849215
0.000764195
0.000659572
0.000556346
0.000481035
0.000471423
0.000634425
 0.00143299
 0.00554513
  0.0305782
    0.18169
   0.641172
   0.940548
   0.993432
   0.999356
   0.999941
   0.999995
          1
          1
          1
          1
          1
          1
          1
          1
          1
          1
          1
          1
          1
          1
          1
          1
          1
          1
          1
          1
          1
          1
          1
          1
          1
   0.999995
   0.999948
    0.99951
    0.99572
   0.966417
   0.795358
   0.368044
  0.0897935
  0.0192408
 0.00482866
  0.0016103
0.000760625
0.000497214
0.000410351
0.000384717
 0.00038142
  0.0003827
0.000383007
0.000381241
0.000384936
0.000410044
0.000497427
0.000759899
 0.00161066
 0.00482381
  0.0192306
  0.0897451
   0.367825
   0.795298
   0.966419
   0.995725
    0.99951
   0.999948
   0.999995
          1
          1
          1
          1
          1
          1
          1
          1
          1
          1
          1
          1
          1
          1
          1
          1
          1
          1
          1
          1
          1
          1
          1
          1
          1
          1
          1
   0.999996
   0.999965
    0.99972
   0.997921
   0.986052
   0.920305
   0.677668
    0.30229
  0.0933639
   0.027979
 0.00963136
 0.00402786
 0.00208243
 0.00132072
0.000997711
0.000875959
0.000875182
0.000998518
 0.00131973
 0.00208355
 0.00402444
 0.00963142
   0.027964
  0.0932726
   0.302383
   0.677582
   0.920232
   0.986054
   0.997918
    0.99972
   0.999965
   0.999996
          1
          1
          1
          1
          1
          1
          1
          1
          1
          1
          1
          1
          1
          1
          1
          1
          1
          1
          1
          1
          1
          1
          1
          1
          1
          1
          1
          1
          1
   0.999998
   0.999982
   0.999879
   0.999246
   0.995747
   0.978897
   0.911683
   0.722858
   0.431998
   0.205331
  0.0939603
  0.0472988
  0.0277191
  0.0193446
  0.0161183
  0.0161414
  0.0193283
  0.0277329
  0.0472636
  0.0939561
   0.205189
   0.431972
   0.722789
     0.9116
   0.978903
   0.995751
   0.999244
   0.999879
   0.999982
   0.999998
          1
          1
          1
          1
          1
          1
          1
          1
          1
          1
          1
          1
          1
          1
          1
          1
          1
          1
          1
          1
          1
          1
          1
          1
          1
          1
          1
          1
          1
          1
          1
   0.999999
   0.999993
    0.99996
   0.999794
   0.999036
   0.995995
   0.985382
   0.954351
   0.882413
   0.758672
   0.607881
   0.476302
   0.388021
   0.346526
   0.346118
   0.388441
   0.476027
   0.608109
   0.758509
   0.882531
   0.954301
   0.985374
   0.995989
   0.999037
   0.999794
    0.99996
   0.999993
   0.999999
          1
          1
          1
          1
          1
          1
          1
          1
          1
          1
          1
          1
          1
          1
          1
          1
          1
          1
          1
          1
          1
          1
          1
          1
          1
          1
          1
          1
          1
          1
          1
          1
          1
          1
   0.999998
    0.99999
   0.999957
   0.999833
   0.999423
   0.998251
   0.995396
   0.989565
   0.979899
    0.96707
   0.954483
   0.946389
   0.946522
   0.954362
   0.967119
   0.979867
   0.989574
   0.995388
   0.998251
   0.999422
   0.999833
   0.999957
    0.99999
   0.999998
          1
          1
          1
          1
          1
          1
          1
          1
          1
          1
          1
          1
          1
          1
          1
          1
          1
          1
          1
          1
          1
          1
          1
          1
          1
          1
          1
          1
          1
          1
          1
          1
          1
          1
          1
          1
          1
          1
   0.999998
   0.999993
   0.999977
   0.999935
   0.999837
   0.999645
   0.999332
   0.998924
   0.998516
   0.998264
   0.998257
   0.998519
   0.998922
   0.999332
   0.999644
   0.999837
   0.999935
   0.999977
   0.999993
   0.999998
          1
          1
          1
          1
          1
          1
          1
          1
          1
          1
          1
          1
          1
          1
          1
          1
          1
          1
          1
          1
          1
          1
          1
          1
          1
          1
          1
          1
          1
          1
          1
          1
          1
          1
          1
          1
          1
          1
          1
          1
          1
          1
   0.999999
   0.999998
   0.999994
   0.999988
   0.999978
   0.999965
   0.999953
   0.999945
   0.999945
   0.999953
   0.999965
   0.999978
   0.999988
   0.999994
   0.999998
   0.999999
          1
          1
          1
          1
          1
          1
          1
          1
          1
          1
          1
          1
          1
          1
          1
          1
          1
          1
          1
          1
          1
          1
          1
          1
          1
          1
          1
          1
          1
          1
          1
          1
          1
          1
          1
          1
          1
          1
          1
          1
          1
          1
          1
          1
          1
          1
          1
          1
   0.999999
   0.999999
   0.999998
   0.999998
   0.999998
   0.999998
   0.999999
   0.999999
          1
          1
          1
          1
          1
          1
          1
          1
          1
          1
          1
          1
          1
          1
          1
          1
          1
          1
          1
          1
          1
          1
          1
          1
          1
          1
          1
          1
          1
          1
          1
          1
          1
          1
          1
          1
          1
          1
          1
          1
          1
          1
          1
          1
          1
          1
          1
          1
          1
          1
          1
          1
          1
          1
          1
          1
          1
          1
          1
          1
          1
          1
          1
          1
          1
          1
          1
          1
          1
          1
          1
          1
          1
          1
          1
          1
          1
          1
          1
          1
          1
          1
          1
          1
          1
          1
          1
          1
          1
          1
          1
          1
          1
          1
          1
          1
          1
          1
          1
          1
          1
          1
          1
          1
          1
          1
          1
          1
          1
          1
          1
          1
          1
          1
          1
          1
          1
          1
          1
          1
          1
          1
          1
          1
          1
          1
          1
          1
          1
          1
          1
          1
          1
          1
          1
          1
          1
          1
          1
          1
          1
          1
          1
          1
          1
          1
          1
          1
          1
          1
          1
          1
          1
          1
          1
          1
          1
          1
          1
          1
          1
          1
          1
          1
          1
          1
          1
          1
          1
          1
          1
          1
          1
          1
          1
          1
          1
          1
          1
          1
          1
          1
          1
          1
          1
          1
          1
          1
          1
          1
          1
          1
          1
          1
          1
          1
          1
          1
          1
          1
          1
          1
          1
          1
          1
          1
          1
          1
          1
          1
          1
          1
          1
          1
          1
          1
          1
          1
          1
          1
          1
          1
          1
          1
          1
          1
          1
          1
          1
          1
          1
          1
          1
          1
          1
          1
          1
          1
          1
          1
          1
          1
          1
          1
          1
          1
          1
          1
          1
          1
          1
          1
          1
          1
          1
          1
          1
          1
          1
          1
          1
          1
          1
          1
          1
          1
          1
          1
          1
          1
          1
          1
          1
          1
          1
          1
          1
          1
          1
          1
          1
          1
          1
          1
          1
          1
          1
          1
          1
          1
          1
          1
          1
          1
          1
          1
          1
          1
          1
          1
          1
          1
          1
          1
          1
          1
          1
          1
          1
          1
          1
          1
          1
          1
          1
          1
          1
          1
          1
          1
          1
          1
          1
          1
          1
          1
          1
          1
          1
          1
          1
          1
          1
          1
          1
          1
          1
          1
          1
          1
          1
          1
          1
          1
          1
          1
          1
          1
          1
          1
          1
          1
          1
          1
          1
          1
          1
          1
          1
          1
          1
          1
          1
          1
          1
          1
          1
          1
          1
          1
          1
          1
          1
          1
          1
          1
          1
          1
          1
          1
          1
          1
          1
          1
          1
          1
          1
          1
          1
          1
          1
          1
          1
          1
          1
          1
          1
          1
          1
          1
          1
          1
          1
          1
          1
          1
          1
          1
          1
          1
          1
          1
          1
          1
          1
          1
          1
          1
          1
          1
          1
          1
          1
          1
          1
          1
          1
          1
          1
          1
          1
          1
          1
          1
          1
          1
          1
          1
          1
          1
          1
          1
          1
          1
          1
          1
          1
          1
          1
          1
          1
          1
          1
          1
          1
          1
          1
          1
          1
          1
          1
          1
          1
          1
          1
          1
          1
          1
          1
          1
          1
          1
          1
          1
          1
          1
          1
          1
          1
          1
          1
          1
          1
          1
          1
          1
          1
          1
          1
          1
          1
          1
          1
          1
          1
          1
          1
          1
          1
          1
          1
          1
          1
          1
          1
          1
          1
          1
          1
          1
          1
          1
          1
          1
          1
          1
          1
          1
          1
          1
          1
          1
          1
          1
          1
          1
          1
          1
          1
          1
          1
          1
          1
          1
          1
          1
          1
          1
          1
          1
          1
          1
          1
          1
          1
          1
          1
          1
          1
          1
          1
          1
          1
          1
          1
          1
          1
          1
          1
          1
          1
          1
          1
          1
          1
          1
          1
          1
          1
          1
          1
          1
          1
          1
          1
          1
          1
          1
          1
          1
          1
          1
          1
          1
          1
          1
          1
          1
          1
          1
          1
          1
          1
          1
          1
          1
          1
          1
          1
          1
          1
          1
          1
          1
          1
          1
          1
          1
          1
          1
          1
          1
          1
          1
          1
          1
          1
          1
          1
          1
          1
          1
          1
          1
          1
          1
          1
          1
          1
          1
          1
          1
          1
          1
          1
          1
          1
          1
          1
          1
          1
          1
          1
          1
          1
          1
          1
          1
          1
          1
          1
          1
   0.999999
   0.999999
   0.999998
   0.999998
   0.999998
   0.999998
   0.999999
   0.999999
          1
          1
          1
          1
          1
          1
          1
          1
          1
          1
          1
          1
          1
          1
          1
          1
          1
          1
          1
          1
          1
          1
          1
          1
          1
          1
          1
          1
          1
          1
          1
          1
          1
          1
          1
          1
          1
          1
          1
          1
          1
          1
          1
          1
          1
          1
          1
          1
   0.999999
   0.999997
   0.999993
   0.999986
   0.999975
    0.99996
   0.999945
   0.999936
   0.999937
   0.999945
    0.99996
   0.999974
   0.999986
   0.999993
   0.999997
   0.999999
          1
          1
          1
          1
          1
          1
          1
          1
          1
          1
          1
          1
          1
          1
          1
          1
          1
          1
          1
          1
          1
          1
          1
          1
          1
          1
          1
          1
          1
          1
          1
          1
          1
          1
          1
          1
          1
          1
          1
          1
          1
   0.999999
   0.999998
   0.999992
   0.999973
   0.999924
    0.99981
   0.999585
   0.999222
   0.998748
   0.998272
   0.997975
   0.997971
   0.998276
   0.998747
   0.999222
   0.999586
    0.99981
   0.999924
   0.999974
   0.999992
   0.999998
   0.999999
          1
          1
          1
          1
          1
          1
          1
          1
          1
          1
          1
          1
          1
          1
          1
          1
          1
          1
          1
          1
          1
          1
          1
          1
          1
          1
          1
          1
          1
          1
          1
          1
          1
          1
          1
          1
          1
   0.999998
   0.999989
    0.99995
   0.999804
    0.99932
   0.997945
   0.994596
   0.987781
   0.976487
   0.961606
   0.947012
   0.937667
   0.937766
   0.946935
    0.96165
   0.976465
   0.987788
   0.994592
   0.997946
   0.999321
   0.999803
    0.99995
   0.999989
   0.999998
          1
          1
          1
          1
          1
          1
          1
          1
          1
          1
          1
          1
          1
          1
          1
          1
          1
          1
          1
          1
          1
          1
          1
          1
          1
          1
          1
          1
          1
          1
          1
          1
          1
          1
   0.999999
   0.999992
   0.999953
   0.999757
   0.998862
   0.995254
   0.982703
   0.946295
   0.863532
   0.726086
   0.566743
   0.434103
   0.348501
   0.308963
   0.308738
   0.348735
   0.433976
   0.567027
   0.726141
   0.863593
    0.94632
   0.982721
   0.995257
   0.998865
   0.999758
   0.999954
   0.999992
   0.999999
          1
          1
          1
          1
          1
          1
          1
          1
          1
          1
          1
          1
          1
          1
          1
          1
          1
          1
          1
          1
          1
          1
          1
          1
          1
          1
          1
          1
          1
          1
          1
   0.999997
   0.999979
   0.999856
     0.9991
   0.994943
   0.974886
   0.896138
   0.685141
   0.387962
   0.177247
  0.0795738
  0.0397152
     0.0232
  0.0161663
   0.013465
  0.0134737
  0.0161554
  0.0232104
  0.0397204
  0.0795782
   0.177238
   0.387846
   0.685243
   0.896029
   0.974913
   0.994951
   0.999101
   0.999856
   0.999979
   0.999997
          1
          1
          1
          1
          1
          1
          1
          1
          1
          1
          1
          1
          1
          1
          1
          1
          1
          1
          1
          1
          1
          1
          1
          1
          1
          1
          1
          1
   0.999999
   0.999995
   0.999959
   0.999664
   0.997503
   0.983276
   0.905283
   0.635039
   0.263541
  0.0782365
  0.0231485
 0.00793062
 0.00331132
 0.00171103
 0.00108428
0.000819151
0.000719075
0.000718721
0.000819559
 0.00108382
 0.00171196
  0.0033114
 0.00793048
  0.0231511
  0.0781891
   0.263691
   0.634955
   0.905462
   0.983293
   0.997501
   0.999665
   0.999959
   0.999995
   0.999999
          1
          1
          1
          1
          1
          1
          1
          1
          1
          1
          1
          1
          1
          1
          1
          1
          1
          1
          1
          1
          1
          1
          1
          1
          1
   0.999999
   0.999994
   0.999938
   0.999412
   0.994848
     0.9596
   0.761665
    0.32302
  0.0746053
  0.0157333
  0.0039264
 0.00130639
0.000617273
0.000404795
0.000335388
0.000315804
0.000314006
0.000315677
0.000315806
0.000313896
0.000315905
0.000335335
0.000404958
0.000617205
 0.00130687
 0.00392671
  0.0157277
  0.0746364
    0.32289
   0.761926
   0.959617
    0.99485
   0.999414
   0.999938
   0.999994
   0.999999
          1
          1
          1
          1
          1
          1
          1
          1
          1
          1
          1
          1
          1
          1
          1
          1
          1
          1
          1
          1
          1
          1
          1
   0.999999
   0.999994
   0.999929
   0.999227
   0.992068
   0.928611
   0.593294
   0.152994
  0.0248969
   0.004472
 0.00115196
0.000510278
0.000381935
0.000392791
0.000458461
0.000546963
0.000637177
0.000710215
0.000751302
 0.00075116
 0.00071031
0.000637042
0.000547103
0.000458361
0.000392905
0.000381821
0.000510311
 0.00115187
 0.00447128
  0.0249041
   0.152787
   0.593259
   0.928613
   0.992083
   0.999225
   0.999929
   0.999994
          1
          1
          1
          1
          1
          1
          1
          1
          1
          1
          1
          1
          1
          1
          1
          1
          1
          1
          1
          1
          1
          1
          1
   0.999995
    0.99994
   0.999234
   0.990892
   0.906261
   0.477843
  0.0867713
  0.0113799
 0.00193263
0.000618699
 0.00043163
0.000495519
0.000679444
0.000955091
  0.0013029
 0.00169141
 0.00207052
 0.00237713
 0.00254954
 0.00254974
 0.00237705
 0.00207073
 0.00169131
 0.00130318
0.000955017
0.000679566
0.000495445
0.000431734
0.000618585
  0.0019329
  0.0113807
  0.0866493
   0.477862
   0.906254
   0.990919
   0.999234
    0.99994
   0.999995
          1
          1
          1
          1
          1
          1
          1
          1
          1
          1
          1
          1
          1
          1
          1
          1
          1
          1
          1
          1
          1
   0.999997
   0.999961
   0.999434
   0.992262
   0.907468
   0.441715
   0.064997
 0.00724014
 0.00121557
0.000508002
 0.00051347
0.000764949
  0.0012376
  0.0019683
 0.00299209
  0.0043065
 0.00583179
 0.00738151
 0.00867656
 0.00942075
 0.00942061
 0.00867688
 0.00738183
 0.00583244
 0.00430667
 0.00299279
 0.00196825
 0.00123779
0.000764917
0.000513512
0.000507748
 0.00121529
 0.00724019
  0.0649538
   0.441606
    0.90742
   0.992281
   0.999434
   0.999961
   0.999997
          1
          1
          1
          1
          1
          1
          1
          1
          1
          1
          1
          1
          1
          1
          1
          1
          1
          1
          1
   0.999999
   0.999981
   0.999688
   0.995131
   0.931491
   0.485604
  0.0659288
 0.00630763
   0.001005
0.000498364
0.000634489
 0.00111295
 0.00203347
  0.0035993
 0.00606796
 0.00968883
  0.0145668
  0.0204589
  0.0266091
  0.0318163
  0.0348241
  0.0348247
  0.0318166
  0.0266098
  0.0204593
   0.014568
 0.00968912
 0.00606871
 0.00359967
 0.00203391
 0.00111293
0.000634545
0.000498084
 0.00100493
 0.00631304
  0.0658788
   0.485488
   0.931461
   0.995129
   0.999688
   0.999981
   0.999999
          1
          1
          1
          1
          1
          1
          1
          1
          1
          1
          1
          1
          1
          1
          1
          1
          1
          1
   0.999993
    0.99987
   0.997721
   0.962507
   0.608768
  0.0906665
 0.00745818
 0.00101461
0.000502257
0.000717852
 0.00141365
 0.00286739
 0.00560803
  0.0104228
  0.0183067
  0.0301699
  0.0461694
  0.0649722
  0.0836623
  0.0986712
   0.106995
   0.106994
  0.0986733
  0.0836654
   0.064975
  0.0461714
  0.0301724
  0.0183073
  0.0104236
 0.00560853
 0.00286776
 0.00141373
0.000718058
0.000502045
 0.00101436
 0.00746169
  0.0904817
   0.608742
   0.962462
   0.997721
   0.999871
   0.999993
          1
          1
          1
          1
          1
          1
          1
          1
          1
          1
          1
          1
          1
          1
          1
          1
          1
   0.999998
   0.999959
   0.999202
   0.984966
   0.778877
   0.164134
  0.0121179
  0.0012554
0.000498035
0.000713469
 0.00152664
 0.00340298
 0.00731597
   0.014889
  0.0284233
  0.0503468
  0.0816311
   0.120009
   0.160033
   0.195432
   0.221333
   0.234887
    0.23489
   0.221334
   0.195438
   0.160037
   0.120015
  0.0816341
  0.0503493
  0.0284252
  0.0148908
 0.00731638
 0.00340353
 0.00152692
0.000713685
0.000497912
 0.00125504
  0.0121239
   0.163834
    0.77896
   0.984988
   0.999201
   0.999959
   0.999998
          1
          1
          1
          1
          1
          1
          1
          1
          1
          1
          1
          1
          1
          1
          1
          1
    0.99999
   0.999789
    0.99555
    0.91564
   0.349159
   0.027458
 0.00206479
0.000512512
0.000624236
 0.00139251
 0.00337567
 0.00795117
   0.017683
  0.0365103
  0.0688596
   0.116785
   0.176846
   0.240604
   0.298949
   0.345554
   0.377348
   0.393328
   0.393328
   0.377355
    0.34556
   0.298957
   0.240608
   0.176853
   0.116789
  0.0688621
  0.0365131
  0.0176854
 0.00795181
 0.00337622
 0.00139277
0.000624313
0.000512458
  0.0020646
  0.0274483
   0.348795
   0.915656
   0.995572
   0.999788
    0.99999
          1
          1
          1
          1
          1
          1
          1
          1
          1
          1
          1
          1
          1
          1
          1
   0.999998
   0.999957
   0.999018
   0.978211
   0.667584
  0.0842869
 0.00497316
0.000643783
0.000503907
 0.00108157
 0.00279956
  0.0071964
  0.0175438
  0.0394119
  0.0795702
    0.14182
    0.22217
   0.308917
   0.388929
   0.453771
   0.500775
   0.530653
   0.545043
   0.545045
   0.530658
   0.500783
   0.453781
   0.388938
   0.308924
   0.222179
   0.141825
  0.0795722
  0.0394142
  0.0175464
 0.00719709
 0.00280034
 0.00108175
0.000503936
0.000643563
   0.004971
  0.0842144
   0.667529
   0.978213
   0.999021
   0.999957
   0.999998
          1
          1
          1
          1
          1
          1
          1
          1
          1
          1
          1
          1
          1
          1
   0.999993
   0.999834
   0.995956
    0.91021
   0.295728
  0.0181394
 0.00126316
0.000430997
0.000736937
 0.00195702
 0.00542943
  0.0145367
  0.0359882
   0.079091
   0.150392
   0.246743
    0.35339
   0.451548
    0.52947
   0.585162
   0.621815
    0.64358
   0.653634
   0.653635
   0.643583
   0.621822
   0.585168
   0.529479
   0.451556
   0.353396
   0.246752
   0.150395
  0.0790916
   0.035991
  0.0145387
 0.00543007
 0.00195794
0.000736952
0.000430988
 0.00126292
  0.0181313
   0.295489
   0.910133
   0.995967
   0.999835
   0.999993
          1
          1
          1
          1
          1
          1
          1
          1
          1
          1
          1
          1
          1
   0.999999
   0.999978
   0.999433
   0.985491
   0.722733
  0.0919463
 0.00455077
0.000538495
0.000479527
 0.00117889
  0.0034349
  0.0100134
  0.0275783
  0.0675605
   0.140397
   0.245758
   0.367975
   0.482161
   0.571185
   0.632685
   0.672042
   0.695644
   0.708542
   0.714135
   0.714136
   0.708546
    0.69565
   0.672051
   0.632692
   0.571192
   0.482172
   0.367981
   0.245765
   0.140398
  0.0675663
   0.027581
  0.0100155
 0.00343585
 0.00117922
0.000479516
 0.00053831
 0.00455015
  0.0918332
   0.722278
   0.985494
   0.999434
   0.999978
   0.999999
          1
          1
          1
          1
          1
          1
          1
          1
          1
          1
          1
          1
   0.999998
   0.999938
   0.998308
   0.955399
   0.435638
  0.0278477
 0.00149703
0.000384844
0.000646262
 0.00185856
 0.00574628
   0.017469
  0.0486385
   0.114292
   0.219421
    0.35118
   0.481133
     0.5838
   0.653165
     0.6956
   0.719331
   0.730983
   0.735616
   0.736905
   0.736907
   0.735616
   0.730989
   0.719335
   0.695609
    0.65317
   0.583808
   0.481145
   0.351186
   0.219424
   0.114294
  0.0486454
   0.017471
 0.00574804
 0.00185917
0.000646236
0.000384872
 0.00149731
  0.0278227
   0.435553
   0.955415
   0.998314
   0.999938
   0.999998
          1
          1
          1
          1
          1
          1
          1
          1
          1
          1
          1
          1
   0.999995
   0.999846
   0.995618
   0.886401
   0.210521
 0.00963217
0.000685889
0.000382729
  0.0008983
 0.00280464
 0.00910849
   0.028635
   0.078696
   0.172895
   0.304785
   0.448407
   0.569629
   0.652725
   0.702266
   0.727839
   0.737273
   0.736727
   0.731811
   0.727693
    0.72769
   0.731815
   0.736727
    0.73728
   0.727841
   0.702275
   0.652728
   0.569634
    0.44842
    0.30479
   0.172904
  0.0787034
   0.028641
 0.00911017
 0.00280566
0.000898643
0.000382701
 0.00068604
 0.00963851
   0.210075
   0.886612
   0.995608
   0.999847
   0.999995
          1
          1
          1
          1
          1
          1
          1
          1
          1
          1
          1
          1
   0.999989
    0.99967
   0.990174
   0.768626
  0.0976365
 0.00402784
 0.00043273
0.000437298
 0.00121634
 0.00400901
  0.0136055
  0.0436662
    0.11565
   0.235242
   0.383755
    0.52599
   0.631115
   0.695176
   0.727841
   0.738119
   0.732258
   0.715996
   0.696898
   0.684006
   0.684005
   0.696896
   0.715997
   0.732257
   0.738125
   0.727843
   0.695185
   0.631117
   0.525996
   0.383769
   0.235248
   0.115667
  0.0436715
  0.0136099
 0.00401003
 0.00121675
0.000437339
0.000432782
 0.00402663
  0.0976342
   0.768493
    0.99022
   0.999668
   0.999989
          1
          1
          1
          1
          1
          1
          1
          1
          1
          1
          1
   0.999999
    0.99998
   0.999384
   0.981272
   0.623588
  0.0496907
 0.00206845
0.000346144
0.000515483
 0.00156956
 0.00539608
  0.0190073
  0.0613344
   0.154358
   0.292453
   0.448077
   0.581776
   0.670731
   0.719143
   0.737496
   0.732475
   0.707831
   0.668844
   0.626989
   0.599322
   0.599319
   0.626991
   0.668845
   0.707827
   0.732474
     0.7375
   0.719146
   0.670738
   0.581781
   0.448085
    0.29247
   0.154372
  0.0613486
  0.0190101
 0.00539821
 0.00156996
0.000515552
0.000346214
 0.00206959
  0.0496333
   0.623823
   0.981285
   0.999385
    0.99998
   0.999999
          1
          1
          1
          1
          1
          1
          1
          1
          1
          1
   0.999999
   0.999969
   0.999018
   0.969585
   0.494683
  0.0293241
 0.00129603
0.000318118
0.000596023
 0.00191312
  0.0067965
  0.0246203
  0.0789606
   0.188722
   0.338319
   0.494943
    0.61872
   0.694664
   0.731095
   0.737238
   0.716493
   0.669108
   0.599596
   0.526147
   0.478354
   0.478353
   0.526135
   0.599594
   0.669103
   0.716491
    0.73724
   0.731103
   0.694667
   0.618728
   0.494958
   0.338327
    0.18875
  0.0789669
  0.0246276
 0.00679741
 0.00191358
0.000596057
0.000318152
 0.00129578
  0.0293225
   0.494267
   0.969644
   0.999014
   0.999969
   0.999999
          1
          1
          1
          1
          1
          1
          1
          1
          1
          1
   0.999999
   0.999958
   0.998651
   0.958108
   0.406969
  0.0205391
0.000969459
0.000311522
0.000661772
 0.00218951
  0.0079606
    0.02937
  0.0931515
   0.213969
   0.369691
   0.524886
   0.640768
   0.707841
   0.735986
   0.732572
   0.697624
   0.627415
   0.526255
   0.422069
   0.357219
   0.357219
   0.422061
   0.526246
   0.627409
   0.697617
   0.732574
   0.735988
   0.707852
   0.640773
     0.5249
   0.369711
    0.21398
  0.0931724
  0.0293702
 0.00796308
 0.00218953
0.000661832
0.000311449
0.000969727
  0.0204989
   0.407194
   0.958104
   0.998655
   0.999958
   0.999999
          1
          1
          1
          1
          1
          1
          1
          1
          1
          1
   0.999998
   0.999951
   0.998424
   0.950838
   0.365206
  0.0171429
0.000845778
 0.00031113
0.000698603
 0.00234469
   0.008628
  0.0321054
   0.101055
   0.227192
   0.385513
   0.539348
   0.650992
   0.713593
   0.737418
   0.728592
   0.684847
   0.599809
   0.478451
   0.357177
   0.285188
   0.285177
   0.357169
   0.478443
   0.599799
   0.684842
    0.72859
   0.737425
   0.713598
   0.651001
   0.539365
   0.385523
   0.227221
   0.101063
  0.0321142
 0.00862829
 0.00234539
0.000698577
0.000311153
0.000845128
  0.0171331
   0.364813
   0.950815
   0.998423
   0.999951
   0.999998
          1
          1
          1
          1
          1
          1
          1
          1
          1
          1
   0.999998
   0.999951
   0.998425
   0.950901
   0.365142
  0.0171564
0.000845245
0.000311173
0.000698547
 0.00234473
 0.00862703
  0.0321086
   0.101045
   0.227204
   0.385503
   0.539354
   0.650991
   0.713592
   0.737422
   0.728587
    0.68485
   0.599807
   0.478448
   0.357172
   0.285175
    0.28518
   0.357163
   0.478436
   0.599798
   0.684845
   0.728587
   0.737424
   0.713603
      0.651
   0.539369
    0.38553
   0.227226
   0.101072
  0.0321109
 0.00863037
 0.00234497
0.000698809
0.000311104
0.000845437
  0.0171209
   0.364833
   0.950797
    0.99842
   0.999951
   0.999998
          1
          1
          1
          1
          1
          1
          1
          1
          1
          1
   0.999999
   0.999958
   0.998656
   0.958121
   0.407232
  0.0205113
0.000969721
0.000311472
0.000661743
 0.00218952
  0.0079616
  0.0293666
  0.0931634
   0.213961
   0.369708
   0.524888
   0.640773
   0.707846
   0.735983
   0.732576
   0.697617
   0.627412
   0.526251
   0.422058
    0.35721
   0.357202
   0.422051
   0.526243
   0.627403
   0.697612
   0.732575
   0.735992
   0.707853
   0.640784
   0.524912
   0.369724
   0.213995
  0.0931747
  0.0293769
 0.00796261
 0.00219028
0.000661856
0.000311564
0.000969358
  0.0205161
   0.406868
   0.958091
   0.998652
   0.999958
   0.999999
          1
          1
          1
          1
          1
          1
          1
          1
          1
          1
   0.999999
   0.999969
   0.999014
   0.969612
   0.494383
  0.0293384
 0.00129539
0.000318152
0.000596112
 0.00191319
 0.00679688
  0.0246247
  0.0789588
   0.188744
   0.338318
    0.49496
   0.618726
   0.694668
     0.7311
   0.737236
   0.716493
   0.669101
   0.599586
   0.526129
   0.478338
    0.47834
   0.526126
   0.599574
   0.669095
   0.716489
   0.737236
   0.731105
    0.69468
   0.618741
   0.494981
   0.338352
   0.188761
  0.0789818
  0.0246273
  0.0067996
 0.00191348
0.000596171
0.000318109
 0.00129617
  0.0292925
   0.494362
   0.969593
   0.999015
   0.999969
   0.999999
          1
          1
          1
          1
          1
          1
          1
          1
          1
          1
   0.999999
    0.99998
   0.999384
   0.981258
   0.623568
  0.0496479
 0.00206874
0.000346241
0.000515446
 0.00156996
 0.00539702
   0.019008
  0.0613459
   0.154363
   0.292475
   0.448088
   0.581792
   0.670741
   0.719146
   0.737501
   0.732472
   0.707825
   0.668839
   0.626974
   0.599304
   0.599299
   0.626968
   0.668829
   0.707824
   0.732468
   0.737501
   0.719156
   0.670749
   0.581806
   0.448118
   0.292495
   0.154397
  0.0613531
  0.0190157
 0.00539785
 0.00157046
0.000515615
0.000346282
  0.0020688
  0.0496574
   0.623473
    0.98129
   0.999384
    0.99998
   0.999999
          1
          1
          1
          1
          1
          1
          1
          1
          1
          1
          1
   0.999989
   0.999668
   0.990188
   0.768508
  0.0976434
 0.00402586
0.000432791
0.000437328
 0.00121649
 0.00401002
  0.0136081
    0.04367
   0.115669
   0.235254
   0.383783
   0.526006
    0.63113
   0.695188
   0.727844
   0.738125
   0.732256
    0.71599
   0.696889
   0.683993
   0.683993
   0.696884
   0.715987
    0.73225
   0.738122
    0.72785
   0.695195
   0.631142
   0.526028
   0.383803
   0.235287
   0.115683
  0.0436843
  0.0136101
 0.00401168
 0.00121674
0.000437518
0.000432783
 0.00402953
  0.0975593
   0.768497
   0.990194
   0.999669
   0.999989
          1
          1
          1
          1
          1
          1
          1
          1
          1
          1
          1
          1
   0.999995
   0.999846
   0.995609
   0.886562
   0.210287
 0.00963482
0.000686114
0.000382642
0.000898622
 0.00280528
 0.00911018
  0.0286409
  0.0787049
   0.172918
   0.304803
   0.448438
    0.56965
   0.652741
   0.702281
   0.727843
   0.737279
   0.736725
   0.731808
   0.727683
   0.727683
   0.731805
   0.736723
   0.737277
   0.727849
   0.702286
   0.652753
   0.569668
   0.448458
   0.304837
   0.172934
  0.0787272
   0.028646
 0.00911385
 0.00280575
0.000898957
0.000382775
0.000686178
 0.00962876
   0.210325
   0.886356
   0.995614
   0.999846
   0.999995
          1
          1
          1
          1
          1
          1
          1
          1
          1
          1
          1
          1
   0.999998
   0.999938
    0.99831
   0.955426
   0.435895
  0.0278308
 0.00149777
0.000384884
0.000646098
 0.00185923
 0.00574734
  0.0174719
  0.0486494
   0.114303
   0.219446
   0.351208
    0.48117
   0.583827
   0.653186
   0.695617
    0.71934
   0.730991
   0.735617
   0.736907
   0.736907
   0.735618
   0.730992
   0.719345
   0.695623
   0.653196
   0.583842
   0.481184
   0.351238
   0.219464
   0.114325
  0.0486556
   0.017478
 0.00574882
 0.00185985
0.000646383
0.000385059
 0.00149651
  0.0278448
   0.435128
   0.955365
   0.998309
   0.999938
   0.999998
          1
          1
          1
          1
          1
          1
          1
          1
          1
          1
          1
          1
   0.999999
   0.999978
   0.999434
   0.985499
   0.722678
  0.0918724
 0.00455277
0.000538384
0.000479615
 0.00117904
 0.00343576
  0.0100154
  0.0275845
  0.0675756
   0.140417
    0.24579
   0.368013
   0.482203
   0.571217
   0.632713
   0.672066
   0.695661
   0.708556
   0.714146
   0.714147
   0.708558
   0.695666
   0.672072
   0.632721
   0.571228
   0.482214
   0.368034
   0.245808
   0.140435
  0.0675811
  0.0275916
  0.0100168
 0.00343731
 0.00117938
0.000479798
0.000538428
  0.0045506
   0.091846
   0.722207
   0.985485
   0.999434
   0.999978
   0.999999
          1
          1
          1
          1
          1
          1
          1
          1
          1
          1
          1
          1
          1
   0.999993
   0.999834
   0.995965
   0.910243
     0.2956
  0.0181435
 0.00126322
0.000430868
0.000736955
 0.00195767
 0.00543045
  0.0145402
  0.0359967
  0.0791048
   0.150418
   0.246782
   0.353435
   0.451596
   0.529513
   0.585198
   0.621848
   0.643607
    0.65366
   0.653661
   0.643611
   0.621853
   0.585206
   0.529523
   0.451607
   0.353453
   0.246801
   0.150438
  0.0791144
  0.0360052
  0.0145413
 0.00543272
  0.0019583
0.000737394
0.000431068
 0.00126324
  0.0181265
    0.29555
   0.910018
   0.995955
   0.999834
   0.999993
          1
          1
          1
          1
          1
          1
          1
          1
          1
          1
          1
          1
          1
          1
   0.999998
   0.999957
    0.99902
   0.978221
   0.667529
  0.0842717
 0.00497354
0.000643679
0.000503771
 0.00108162
 0.00280047
  0.0071983
  0.0175502
  0.0394227
  0.0795853
    0.14185
   0.222212
   0.308968
   0.388985
   0.453825
   0.500827
   0.530701
   0.545089
   0.545091
   0.530705
   0.500831
   0.453835
   0.388993
    0.30898
   0.222228
   0.141863
  0.0795949
  0.0394305
  0.0175505
 0.00720019
 0.00280133
  0.0010824
0.000504106
0.000643961
  0.0049694
  0.0842508
   0.667425
   0.978169
   0.999018
   0.999957
   0.999998
          1
          1
          1
          1
          1
          1
          1
          1
          1
          1
          1
          1
          1
          1
          1
    0.99999
   0.999788
    0.99557
   0.915549
   0.348976
  0.0274422
 0.00206421
0.000512467
0.000624292
 0.00139284
 0.00337664
 0.00795371
  0.0176902
  0.0365217
  0.0688776
   0.116816
   0.176885
   0.240655
   0.299005
   0.345612
   0.377409
   0.393384
   0.393387
    0.37741
   0.345618
   0.299011
   0.240664
   0.176896
   0.116824
  0.0688835
  0.0365278
  0.0176905
 0.00795539
 0.00337782
 0.00139363
0.000624573
0.000512802
  0.0020642
  0.0274422
   0.348807
   0.915613
   0.995555
   0.999789
    0.99999
          1
          1
          1
          1
          1
          1
          1
          1
          1
          1
          1
          1
          1
          1
          1
          1
   0.999998
   0.999959
   0.999201
   0.984978
    0.77895
   0.164038
  0.0121232
   0.001255
0.000498042
0.000713815
 0.00152706
 0.00340438
 0.00731853
  0.0148959
  0.0284337
  0.0503627
  0.0816567
   0.120044
   0.160078
   0.195485
   0.221386
   0.234943
   0.234944
    0.22139
   0.195487
   0.160084
   0.120049
  0.0816623
  0.0503665
  0.0284364
  0.0148963
 0.00732011
 0.00340497
  0.0015277
0.000713959
0.000498322
 0.00125524
  0.0121191
   0.163849
   0.778831
   0.984971
   0.999202
   0.999959
   0.999998
          1
          1
          1
          1
          1
          1
          1
          1
          1
          1
          1
          1
          1
          1
          1
          1
          1
   0.999993
   0.999871
   0.997721
   0.962504
   0.608757
  0.0906078
 0.00746262
 0.00101425
0.000502241
 0.00071831
 0.00141408
 0.00286861
 0.00560989
  0.0104272
  0.0183133
  0.0301815
  0.0461865
  0.0649961
  0.0836936
  0.0987059
    0.10703
    0.10703
  0.0987086
  0.0836945
  0.0649969
  0.0461884
  0.0301826
  0.0183152
  0.0104279
 0.00561106
 0.00286894
 0.00141447
0.000718393
0.000502472
 0.00101427
 0.00745715
  0.0904829
   0.608549
   0.962459
   0.997721
    0.99987
   0.999993
          1
          1
          1
          1
          1
          1
          1
          1
          1
          1
          1
          1
          1
          1
          1
          1
          1
          1
   0.999999
   0.999981
   0.999688
   0.995133
   0.931424
   0.485334
  0.0659216
 0.00631178
 0.00100498
0.000498238
 0.00063486
 0.00111316
 0.00203449
 0.00360064
 0.00607047
 0.00969237
  0.0145729
  0.0204666
  0.0266192
  0.0318283
  0.0348371
  0.0348382
  0.0318286
  0.0266202
  0.0204679
  0.0145731
 0.00969327
 0.00607059
 0.00360108
 0.00203463
 0.00111352
0.000634818
0.000498468
 0.00100469
 0.00630621
  0.0658135
   0.485513
   0.931416
    0.99513
   0.999688
   0.999981
   0.999999
          1
          1
          1
          1
          1
          1
          1
          1
          1
          1
          1
          1
          1
          1
          1
          1
          1
          1
          1
   0.999997
   0.999961
   0.999434
   0.992264
   0.907343
    0.44141
  0.0649842
 0.00724219
 0.00121546
0.000507742
0.000513682
0.000765129
 0.00123827
 0.00196906
 0.00299382
  0.0043081
 0.00583444
 0.00738473
 0.00868035
  0.0094246
 0.00942446
 0.00868048
 0.00738506
 0.00583451
 0.00430865
 0.00299345
 0.00196933
 0.00123827
0.000765393
0.000513701
 0.00050806
 0.00121518
  0.0072376
  0.0649004
   0.441621
   0.907225
   0.992261
   0.999435
   0.999961
   0.999997
          1
          1
          1
          1
          1
          1
          1
          1
          1
          1
          1
          1
          1
          1
          1
          1
          1
          1
          1
          1
          1
   0.999995
    0.99994
   0.999234
   0.990903
   0.906128
    0.47778
  0.0867264
  0.0113821
 0.00193329
0.000618468
0.000431856
0.000495586
0.000679882
0.000955364
 0.00130367
 0.00169203
  0.0020717
 0.00237808
 0.00255071
  0.0025506
 0.00237817
 0.00207153
 0.00169231
 0.00130343
0.000955604
 0.00067965
0.000495799
0.000431768
0.000618762
 0.00193159
  0.0113756
  0.0866304
   0.477624
   0.906025
   0.990898
   0.999234
    0.99994
   0.999995
          1
          1
          1
          1
          1
          1
          1
          1
          1
          1
          1
          1
          1
          1
          1
          1
          1
          1
          1
          1
          1
          1
          1
   0.999994
    0.99993
   0.999226
    0.99207
   0.928515
   0.593325
   0.152888
  0.0249185
 0.00447408
 0.00115218
0.000510511
0.000381919
 0.00039309
0.000458531
0.000547344
0.000637358
0.000710698
0.000751489
0.000751633
0.000710581
0.000637527
0.000547194
0.000458787
0.000392924
0.000382157
0.000510254
  0.0011525
 0.00447062
  0.0249019
   0.152846
   0.593344
   0.928568
   0.992079
   0.999226
   0.999929
   0.999994
          1
          1
          1
          1
          1
          1
          1
          1
          1
          1
          1
          1
          1
          1
          1
          1
          1
          1
          1
          1
          1
          1
          1
          1
   0.999999
   0.999994
   0.999938
   0.999413
   0.994852
   0.959611
   0.761596
   0.322907
   0.074656
  0.0157326
  0.0039277
 0.00130713
0.000617195
   0.000405
0.000335439
0.000316073
 0.00031399
0.000315955
0.000315799
0.000314115
0.000315966
0.000335612
 0.00040481
0.000617575
 0.00130586
 0.00392777
  0.0157266
  0.0746188
   0.322863
   0.761809
   0.959621
   0.994853
   0.999413
   0.999938
   0.999994
   0.999999
          1
          1
          1
          1
          1
          1
          1
          1
          1
          1
          1
          1
          1
          1
          1
          1
          1
          1
          1
          1
          1
          1
          1
          1
          1
   0.999999
   0.999995
   0.999959
   0.999665
   0.997502
   0.983295
   0.905289
   0.634869
   0.263743
  0.0782075
  0.0231552
 0.00793056
 0.00331128
 0.00171191
 0.00108371
0.000819733
0.000718619
0.000719008
0.000819194
 0.00108415
 0.00171052
 0.00331295
 0.00792691
  0.0231514
  0.0781648
   0.263691
   0.635125
   0.905431
   0.983283
   0.997506
   0.999665
   0.999959
   0.999995
   0.999999
          1
          1
          1
          1
          1
          1
          1
          1
          1
          1
          1
          1
          1
          1
          1
          1
          1
          1
          1
          1
          1
          1
          1
          1
          1
          1
          1
          1
   0.999997
   0.999979
   0.999856
   0.999099
    0.99495
   0.974884
   0.896053
   0.685219
   0.387825
   0.177216
  0.0795373
  0.0397166
  0.0232085
  0.0161493
  0.0134755
  0.0134617
  0.0161547
  0.0232017
  0.0397467
  0.0795553
   0.177355
   0.387854
   0.685351
   0.896099
   0.974893
   0.994946
   0.999101
   0.999856
   0.999979
   0.999997
          1
          1
          1
          1
          1
          1
          1
          1
          1
          1
          1
          1
          1
          1
          1
          1
          1
          1
          1
          1
          1
          1
          1
          1
          1
          1
          1
          1
          1
          1
          1
   0.999999
   0.999992
   0.999954
   0.999757
   0.998863
   0.995257
   0.982719
   0.946316
   0.863596
   0.726087
   0.566945
   0.433882
   0.348801
    0.30873
   0.308964
   0.348507
   0.434078
    0.56667
   0.726272
   0.863502
   0.946341
   0.982669
   0.995247
   0.998863
   0.999758
   0.999954
   0.999992
   0.999999
          1
          1
          1
          1
          1
          1
          1
          1
          1
          1
          1
          1
          1
          1
          1
          1
          1
          1
          1
          1
          1
          1
          1
          1
          1
          1
          1
          1
          1
          1
          1
          1
          1
          1
   0.999998
   0.999989
    0.99995
   0.999804
   0.999321
   0.997948
   0.994598
   0.987795
   0.976464
   0.961662
    0.94696
    0.93783
   0.937676
   0.947016
     0.9616
   0.976512
   0.987784
   0.994602
   0.997943
   0.999322
   0.999804
    0.99995
   0.999989
   0.999998
          1
          1
          1
          1
          1
          1
          1
          1
          1
          1
          1
          1
          1
          1
          1
          1
          1
          1
          1
          1
          1
          1
          1
          1
          1
          1
          1
          1
          1
          1
          1
          1
          1
          1
          1
          1
          1
   0.999999
   0.999998
   0.999992
   0.999974
   0.999924
    0.99981
   0.999586
   0.999223
   0.998747
   0.998278
   0.997973
   0.997979
   0.998271
    0.99875
   0.999223
   0.999586
    0.99981
   0.999924
   0.999973
   0.999992
   0.999998
   0.999999
          1
          1
          1
          1
          1
          1
          1
          1
          1
          1
          1
          1
          1
          1
          1
          1
          1
          1
          1
          1
          1
          1
          1
          1
          1
          1
          1
          1
          1
          1
          1
          1
          1
          1
          1
          1
          1
          1
          1
          1
          1
   0.999999
   0.999997
   0.999993
   0.999986
   0.999974
    0.99996
   0.999946
   0.999937
   0.999936
   0.999946
    0.99996
   0.999974
   0.999986
   0.999993
   0.999997
   0.999999
          1
          1
          1
          1
          1
          1
          1
          1
          1
          1
          1
          1
          1
          1
          1
          1
          1
          1
          1
          1
          1
          1
          1
          1
          1
          1
          1
          1
          1
          1
          1
          1
          1
          1
          1
          1
          1
          1
          1
          1
          1
          1
          1
          1
          1
          1
          1
          1
   0.999999
   0.999999
   0.999998
   0.999998
   0.999998
   0.999998
   0.999999
   0.999999
          1
          1
          1
          1
          1
          1
          1
          1
          1
          1
          1
          1
          1
          1
          1
          1
          1
          1
          1
          1
          1
          1
          1
          1
          1
          1
          1
          1
          1
          1
          1
          1
          1
          1
          1
          1
          1
          1
          1
          1
          1
          1
          1
          1
          1
          1
          1
          1
          1
          1
          1
          1
          1
          1
          1
          1
          1
          1
          1
          1
          1
          1
          1
          1
          1
          1
          1
          1
          1
          1
          1
          1
          1
          1
          1
          1
          1
          1
          1
          1
          1
          1
          1
          1
          1
          1
          1
          1
          1
          1
          1
          1
          1
          1
          1
          1
          1
          1
          1
          1
          1
          1
          1
          1
          1
          1
          1
          1
          1
          1
          1
          1
          1
          1
          1
          1
          1
          1
          1
          1
          1
          1
          1
          1
          1
          1
          1
          1
          1
          1
          1
          1
          1
          1
          1
          1
          1
          1
          1
          1
          1
          1
          1
          1
          1
          1
          1
          1
          1
          1
          1
          1
          1
          1
          1
          1
          1
          1
          1
          1
          1
          1
          1
          1
          1
          1
          1
          1
          1
          1
          1
          1
          1
          1
          1
          1
          1
          1
          1
          1
          1
          1
          1
          1
          1
          1
          1
          1
          1
          1
          1
          1
          1
          1
          1
          1
          1
          1
          1
          1
          1
          1
          1
          1
          1
          1
          1
          1
          1
          1
          1
          1
          1
          1
          1
          1
          1
          1
          1
          1
          1
          1
          1
          1
          1
          1
          1
          1
          1
          1
          1
          1
          1
          1
          1
          1
          1
          1
          1
          1
          1
          1
          1
          1
          1
          1
          1
          1
          1
          1
          1
          1
          1
          1
          1
          1
          1
          1
          1
          1
          1
          1
          1
          1
          1
          1
          1
          1
          1
          1
          1
          1
          1
          1
          1
          1
          1
          1
          1
          1
          1
          1
          1
          1
          1
          1
          1
          1
          1
          1
          1
          1
          1
          1
          1
          1
          1
          1
          1
          1
          1
          1
          1
          1
          1
          1
          1
          1
          1
          1
          1
          1
          1
          1
          1
          1
          1
          1
          1
          1
          1
          1
          1
          1
          1
          1
          1
          1
          1
          1
          1
          1
          1
          1
          1
          1
          1
          1
          1
          1
          1
          1
          1
          1
          1
          1
          1
          1
          1
          1
          1
          1
          1
          1
          1
          1
          1
          1
          1
          1
          1
          1
          1
          1
          1
          1
          1
          1
          1
          1
          1
          1
          1
          1
          1
          1
          1
          1
          1
          1
          1
          1
          1
          1
          1
          1
          1
          1
          1
          1
          1
          1
          1
          1
          1
          1
          1
          1
          1
          1
          1
          1
          1
          1
          1
          1
          1
          1
          1
          1
          1
          1
          1
          1
          1
          1
          1
          1
          1
          1
          1
          1
          1
          1
          1
          1
          1
          1
          1
          1
          1
          1
          1
          1
          1
          1
          1
          1
          1
          1
          1
          1
          1
          1
          1
          1
          1
          1
          1
          1
          1
          1
          1
          1
          1
          1
          1
          1
          1
          1
          1
          1
          1
          1
          1
          1
          1
          1
          1
          1
          1
          1
          1
          1
          1
          1
          1
          1
          1
          1
          1
          1
          1
          1
          1
          1
          1
          1
          1
          1
          1
          1
          1
          1
          1
          1
          1
          1
          1
          1
          1
          1
          1
          1
          1
          1
          1
          1
          1
          1
          1
          1
          1
          1
          1
          1
          1
          1
          1
          1
          1
          1
          1
          1
          1
          1
          1
          1
          1
          1
          1
          1
          1
          1
          1
          1
          1
          1
          1
          1
          1
          1
          1
          1
          1
          1
          1
          1
          1
          1
          1
          1
          1
          1
          1
          1
          1
          1
          1
          1
          1
          1
          1
          1
          1
          1
          1
          1
          1
          1
          1
          1
          1
          1
          1
          1
          1
          1
          1
          1
          1
          1
          1
          1
          1
          1
          1
          1
          1
          1
          1
          1
          1
          1
          1
          1
          1
          1
          1
          1
          1
          1
          1
          1
          1
          1
          1
          1
          1
          1
          1
          1
          1
          1
          1
          1
          1
          1
          1
          1
          1
          1
          1
          1
          1
          1
          1
          1
          1
          1
          1
          1
          1
          1
          1
          1
          1
          1
          1
          1
          1
          1
          1
          1
          1
          1
          1
          1
          1
          1
          1
   0.999999
   0.999999
   0.999999
   0.999998
   0.999998
   0.999998
   0.999998
   0.999999
   0.999999
   0.999999
          1
          1
          1
          1
          1
          1
          1
          1
          1
          1
          1
          1
          1
          1
          1
          1
          1
          1
          1
          1
          1
          1
          1
          1
          1
          1
          1
          1
          1
          1
          1
          1
          1
          1
          1
          1
          1
          1
          1
          1
          1
          1
          1
          1
          1
          1
          1
   0.999999
   0.999997
   0.999993
   0.999985
   0.999973
   0.999957
   0.999941
   0.999932
   0.999931
   0.999942
   0.999957
   0.999973
   0.999985
   0.999993
   0.999997
   0.999999
          1
          1
          1
          1
          1
          1
          1
          1
          1
          1
          1
          1
          1
          1
          1
          1
          1
          1
          1
          1
          1
          1
          1
          1
          1
          1
          1
          1
          1
          1
          1
          1
          1
          1
          1
          1
          1
          1
          1
          1
          1
   0.999999
   0.999998
   0.999991
   0.999971
   0.999918
   0.999794
   0.999552
   0.999161
   0.998646
   0.998139
   0.997808
   0.997818
   0.998135
    0.99865
   0.999158
   0.999552
   0.999794
   0.999918
   0.999971
   0.999991
   0.999998
   0.999999
          1
          1
          1
          1
          1
          1
          1
          1
          1
          1
          1
          1
          1
          1
          1
          1
          1
          1
          1
          1
          1
          1
          1
          1
          1
          1
          1
          1
          1
          1
          1
          1
          1
          1
          1
          1
          1
   0.999997
   0.999987
   0.999945
   0.999787
   0.999263
   0.997768
   0.994135
   0.986778
   0.974576
   0.958606
   0.942786
   0.932967
   0.932824
   0.942888
   0.958528
   0.974593
   0.986756
   0.994139
   0.997767
   0.999264
   0.999786
   0.999945
   0.999987
   0.999997
          1
          1
          1
          1
          1
          1
          1
          1
          1
          1
          1
          1
          1
          1
          1
          1
          1
          1
          1
          1
          1
          1
          1
          1
          1
          1
          1
          1
          1
          1
          1
          1
          1
          1
   0.999999
   0.999991
   0.999949
   0.999735
   0.998759
   0.994824
   0.981159
   0.941746
   0.852923
     0.7086
   0.545877
    0.41303
   0.329606
   0.290807
   0.291126
   0.329375
   0.413201
   0.545576
   0.708695
   0.852839
   0.941755
   0.981128
   0.994825
   0.998756
   0.999736
   0.999949
   0.999991
   0.999999
          1
          1
          1
          1
          1
          1
          1
          1
          1
          1
          1
          1
          1
          1
          1
          1
          1
          1
          1
          1
          1
          1
          1
          1
          1
          1
          1
          1
          1
          1
          1
   0.999997
   0.999977
   0.999843
    0.99902
   0.994482
   0.972584
   0.887177
   0.665312
   0.366305
   0.164354
  0.0731553
  0.0363866
  0.0212333
   0.014762
   0.012318
  0.0123078
  0.0147709
  0.0212251
  0.0364118
   0.073135
   0.164364
   0.366319
   0.665286
   0.887199
   0.972611
   0.994484
   0.999023
   0.999843
   0.999977
   0.999997
          1
          1
          1
          1
          1
          1
          1
          1
          1
          1
          1
          1
          1
          1
          1
          1
          1
          1
          1
          1
          1
          1
          1
          1
          1
          1
          1
          1
   0.999999
   0.999995
   0.999955
   0.999633
    0.99727
   0.981747
   0.897248
   0.612802
   0.245469
  0.0714677
  0.0210592
 0.00719592
 0.00299936
 0.00154865
0.000979446
0.000740547
0.000649052
0.000649472
0.000740132
0.000980106
  0.0015482
 0.00300179
 0.00719322
  0.0210606
  0.0715154
   0.245487
   0.612959
   0.897291
   0.981731
   0.997271
   0.999632
   0.999955
   0.999995
   0.999999
          1
          1
          1
          1
          1
          1
          1
          1
          1
          1
          1
          1
          1
          1
          1
          1
          1
          1
          1
          1
          1
          1
          1
          1
          1
   0.999999
   0.999993
   0.999932
   0.999354
   0.994342
   0.955757
   0.743953
   0.301942
  0.0680634
  0.0142243
 0.00353886
 0.00117473
0.000553797
0.000363076
 0.00030074
0.000283668
0.000282112
0.000284021
0.000283879
0.000282212
0.000283552
  0.0003009
0.000362885
0.000554117
 0.00117422
 0.00354004
  0.0142281
  0.0680615
   0.302249
   0.743821
   0.955724
   0.994339
   0.999354
   0.999932
   0.999993
   0.999999
          1
          1
          1
          1
          1
          1
          1
          1
          1
          1
          1
          1
          1
          1
          1
          1
          1
          1
          1
          1
          1
          1
          1
   0.999999
   0.999993
   0.999923
   0.999149
   0.991265
   0.921646
   0.569045
   0.139989
  0.0224948
 0.00401561
 0.00102968
   0.000455
0.000340674
0.000351602
0.000411588
0.000492653
0.000575154
0.000642374
0.000679889
0.000679962
0.000642205
 0.00057526
0.000492544
0.000411698
0.000351391
0.000340733
0.000454768
 0.00102995
 0.00401546
  0.0224929
   0.140076
   0.568493
   0.921648
   0.991263
   0.999148
   0.999923
   0.999993
   0.999999
          1
          1
          1
          1
          1
          1
          1
          1
          1
          1
          1
          1
          1
          1
          1
          1
          1
          1
          1
          1
          1
          1
   0.999995
   0.999934
   0.999162
   0.989991
   0.897215
   0.452348
  0.0785497
  0.0101989
 0.00172302
0.000549331
0.000383318
0.000441569
  0.0006086
0.000859391
 0.00117718
 0.00153284
 0.00188105
 0.00216292
 0.00232171
 0.00232164
 0.00216295
 0.00188091
 0.00153303
 0.00117702
0.000859475
0.000608419
0.000441601
0.000383134
0.000549448
 0.00172248
  0.0101985
  0.0785772
   0.451983
   0.897255
   0.990002
   0.999159
   0.999934
   0.999995
          1
          1
          1
          1
          1
          1
          1
          1
          1
          1
          1
          1
          1
          1
          1
          1
          1
          1
          1
          1
          1
   0.999997
   0.999957
   0.999381
   0.991519
   0.898714
    0.41638
  0.0585974
 0.00646393
 0.00107792
0.000448952
0.000455288
0.000681784
 0.00110929
 0.00177321
 0.00270808
 0.00391224
 0.00531307
 0.00673895
 0.00793157
 0.00861736
 0.00861709
 0.00793134
 0.00673884
 0.00531312
 0.00391237
 0.00270787
 0.00177323
 0.00110917
0.000681757
0.000455089
0.000448988
 0.00107741
 0.00646536
  0.0586681
   0.416118
   0.898738
    0.99151
   0.999382
   0.999957
   0.999997
          1
          1
          1
          1
          1
          1
          1
          1
          1
          1
          1
          1
          1
          1
          1
          1
          1
          1
          1
   0.999999
   0.999979
   0.999659
   0.994682
   0.925194
   0.460705
  0.0595278
 0.00563028
0.000889506
0.000439612
0.000562138
0.000991812
 0.00182273
 0.00324407
 0.00549691
 0.00881429
  0.0132966
  0.0187213
  0.0243904
  0.0291969
  0.0319728
  0.0319727
  0.0291957
  0.0243895
  0.0187209
  0.0132964
 0.00881392
 0.00549676
 0.00324426
 0.00182289
0.000991864
0.000561914
0.000439622
0.000889385
 0.00563296
  0.0595547
   0.460383
   0.925118
   0.994666
    0.99966
   0.999979
   0.999999
          1
          1
          1
          1
          1
          1
          1
          1
          1
          1
          1
          1
          1
          1
          1
          1
          1
          1
   0.999992
   0.999858
   0.997506
   0.959051
   0.585606
   0.082347
 0.00667467
0.000898334
 0.00044297
0.000635767
 0.00125968
 0.00257074
 0.00505731
 0.00944986
  0.0166799
   0.027605
   0.042396
  0.0598411
  0.0772498
  0.0912733
  0.0990642
  0.0990644
  0.0912701
  0.0772501
  0.0598396
  0.0423946
  0.0276028
  0.0166782
 0.00944987
 0.00505719
  0.0025711
 0.00125968
0.000635576
0.000442894
0.000898437
 0.00667311
  0.0823725
   0.585139
   0.959029
   0.997506
   0.999858
   0.999992
          1
          1
          1
          1
          1
          1
          1
          1
          1
          1
          1
          1
          1
          1
          1
          1
          1
   0.999998
   0.999955
   0.999126
   0.983575
   0.762399
   0.150554
  0.0108948
 0.00111536
0.000439612
 0.00063175
    0.00136
 0.00305088
 0.00659942
  0.0135109
  0.0259463
  0.0462242
  0.0753813
   0.111447
   0.149401
   0.183264
   0.208208
    0.22133
   0.221324
   0.208212
    0.18326
   0.149405
   0.111443
  0.0753794
  0.0462219
  0.0259446
  0.0135106
 0.00659853
 0.00305109
 0.00135999
0.000631648
0.000439643
  0.0011152
  0.0108885
   0.150605
   0.761966
   0.983582
   0.999128
   0.999955
   0.999998
          1
          1
          1
          1
          1
          1
          1
          1
          1
          1
          1
          1
          1
          1
          1
   0.999999
   0.999989
   0.999769
   0.995155
   0.908169
   0.326997
  0.0247875
 0.00184268
0.000453425
0.000552875
 0.00124065
 0.00302576
 0.00717231
  0.0160546
  0.0333851
  0.0634458
   0.108507
   0.165722
   0.227298
   0.284376
   0.330444
   0.362114
   0.378096
   0.378099
   0.362108
   0.330447
    0.28437
   0.227299
   0.165713
   0.108504
  0.0634439
  0.0333831
   0.016053
 0.00717107
 0.00302622
 0.00124073
0.000552807
0.000453383
 0.00184257
  0.0247821
   0.326921
   0.908272
   0.995148
    0.99977
   0.999989
          1
          1
          1
          1
          1
          1
          1
          1
          1
          1
          1
          1
          1
          1
          1
   0.999998
   0.999953
   0.998931
   0.976208
   0.646072
  0.0769324
 0.00446419
0.000571928
0.000446681
0.000963817
 0.00250939
 0.00649057
  0.0159275
  0.0360641
  0.0734791
   0.132354
   0.209637
   0.294506
   0.374001
   0.439226
   0.486943
   0.517471
    0.53223
   0.532229
   0.517472
   0.486941
   0.439226
   0.373995
   0.294502
   0.209626
   0.132349
  0.0734764
   0.036063
  0.0159259
 0.00649022
 0.00250981
0.000964052
0.000446568
0.000571898
 0.00446477
  0.0769075
   0.645971
   0.976248
   0.998927
   0.999953
   0.999998
          1
          1
          1
          1
          1
          1
          1
          1
          1
          1
          1
          1
          1
          1
   0.999993
   0.999821
   0.995609
   0.902615
   0.276489
  0.0164152
 0.00113038
0.000382699
0.000656883
 0.00175448
 0.00489588
  0.0131892
  0.0329083
  0.0730381
   0.140582
   0.233665
   0.338735
    0.43715
   0.516397
   0.573663
    0.61168
   0.634391
   0.644926
   0.644925
   0.634391
   0.611678
   0.573662
   0.516393
   0.437141
    0.33873
   0.233655
   0.140573
  0.0730342
  0.0329061
  0.0131888
  0.0048966
  0.0017546
0.000656954
0.000382575
 0.00113065
  0.0164165
   0.276442
    0.90257
   0.995611
    0.99982
   0.999993
          1
          1
          1
          1
          1
          1
          1
          1
          1
          1
          1
          1
          1
   0.999999
   0.999976
   0.999388
    0.98425
   0.704576
  0.0842467
 0.00411034
0.000480238
0.000427469
 0.00105655
 0.00309755
 0.00907898
  0.0251767
  0.0622559
   0.131031
   0.232749
   0.353365
   0.468289
   0.559354
    0.62312
   0.664415
   0.689455
   0.703291
    0.70934
    0.70934
   0.703289
   0.689456
   0.664414
   0.623116
   0.559346
   0.468279
   0.353363
   0.232738
   0.131025
   0.062252
  0.0251761
 0.00907923
 0.00309776
 0.00105663
0.000427375
0.000480222
 0.00411303
  0.0842256
   0.704532
   0.984241
   0.999388
   0.999976
   0.999999
          1
          1
          1
          1
          1
          1
          1
          1
          1
          1
          1
          1
   0.999998
   0.999933
   0.998176
   0.951693
   0.414245
  0.0253755
 0.00134776
0.000343385
0.000578518
 0.00167503
  0.0052067
  0.0159196
  0.0446672
   0.106196
   0.207076
   0.336676
   0.467348
   0.572489
    0.64467
   0.689548
    0.71515
   0.728142
   0.733615
   0.735316
   0.735315
   0.733617
    0.72814
   0.715152
   0.689545
   0.644665
   0.572482
   0.467337
   0.336673
   0.207062
   0.106196
  0.0446639
  0.0159205
 0.00520693
 0.00167521
0.000578615
0.000343398
 0.00134823
  0.0253839
   0.413914
   0.951755
   0.998168
   0.999933
   0.999998
          1
          1
          1
          1
          1
          1
          1
          1
          1
          1
          1
          1
   0.999994
   0.999835
   0.995267
   0.878056
   0.196142
 0.00876193
 0.00061651
0.000342288
0.000808338
 0.00253882
  0.0082894
    0.02621
  0.0726854
   0.162048
   0.290636
    0.43424
   0.557972
   0.644332
   0.696815
   0.724708
   0.735879
   0.736523
   0.732338
   0.728544
   0.728548
   0.732337
   0.736527
   0.735875
   0.724708
    0.69681
   0.644328
   0.557965
   0.434235
   0.290628
   0.162038
  0.0726863
  0.0262081
 0.00829007
  0.0025391
0.000808322
  0.0003423
 0.00061665
  0.0087592
   0.196222
   0.877962
   0.995276
   0.999834
   0.999994
          1
          1
          1
          1
          1
          1
          1
          1
          1
          1
          1
          1
   0.999988
   0.999643
   0.989447
   0.753543
  0.0902407
 0.00365935
0.000388516
0.000392501
 0.00109861
 0.00364284
  0.0124247
  0.0401093
   0.107436
   0.222284
   0.369165
   0.513224
   0.621829
   0.689343
   0.724834
   0.737294
   0.732987
   0.717681
   0.698978
   0.686166
   0.686162
   0.698983
   0.717682
   0.732991
   0.737291
   0.724834
   0.689337
   0.621825
   0.513219
   0.369158
    0.22228
   0.107431
  0.0401123
  0.0124241
 0.00364353
 0.00109872
0.000392485
 0.00038868
 0.00366234
  0.0901553
   0.753931
   0.989401
   0.999644
   0.999988
          1
          1
          1
          1
          1
          1
          1
          1
          1
          1
          1
   0.999999
   0.999978
   0.999339
   0.979827
   0.604589
  0.0457022
 0.00187763
0.000310985
0.000463947
 0.00142242
 0.00491751
  0.0173996
  0.0565221
    0.14414
   0.278302
   0.433929
   0.570682
   0.663499
   0.715311
   0.736371
   0.733367
    0.70997
   0.671238
    0.62874
   0.600302
   0.600312
   0.628731
    0.67124
   0.709972
   0.733369
   0.736369
   0.715311
   0.663492
    0.57068
   0.433927
   0.278292
   0.144147
   0.056518
  0.0174016
  0.0049174
 0.00142252
0.000463975
0.000310997
 0.00187728
   0.045735
   0.604157
   0.979837
   0.999336
   0.999978
   0.999999
          1
          1
          1
          1
          1
          1
          1
          1
          1
          1
   0.999999
   0.999966
   0.998943
    0.96737
   0.474121
  0.0269533
 0.00117533
0.000285966
0.000537894
 0.00173765
 0.00620615
  0.0225829
   0.072933
    0.17704
   0.323664
   0.481584
   0.609079
   0.688975
   0.728727
    0.73746
   0.718537
   0.671725
   0.600884
   0.524502
   0.474269
   0.474271
    0.52451
   0.600875
   0.671726
   0.718536
    0.73746
   0.728723
   0.688973
   0.609072
   0.481583
   0.323664
   0.177034
  0.0729375
  0.0225796
 0.00620712
 0.00173756
0.000537846
0.000285917
 0.00117556
  0.0269161
   0.474392
   0.967298
   0.998947
   0.999966
   0.999999
          1
          1
          1
          1
          1
          1
          1
          1
          1
          1
   0.999999
   0.999955
   0.998559
   0.954978
   0.387688
  0.0188117
0.000879014
0.000280196
0.000598218
 0.00199204
 0.00727928
  0.0269622
  0.0862125
   0.201346
   0.354961
   0.512221
   0.632144
   0.703175
   0.734559
   0.733665
   0.700255
   0.629645
   0.524883
   0.415081
   0.346402
   0.346398
    0.41508
   0.524886
   0.629642
   0.700256
   0.733665
   0.734562
   0.703171
   0.632141
   0.512219
   0.354955
   0.201351
  0.0862096
  0.0269655
 0.00727886
 0.00199224
0.000598165
 0.00028021
0.000878766
   0.018826
   0.387629
   0.954984
   0.998556
   0.999955
   0.999999
          1
          1
          1
          1
          1
          1
          1
          1
          1
          1
   0.999998
   0.999948
   0.998313
   0.947351
    0.34613
  0.0157242
0.000765488
0.000280008
0.000632008
 0.00213503
 0.00789393
  0.0294966
  0.0935999
   0.214168
   0.370781
   0.527081
   0.642883
   0.709424
   0.736467
   0.730095
   0.687686
   0.601435
   0.474812
   0.346536
   0.270615
   0.270613
   0.346529
   0.474806
    0.60144
   0.687687
   0.730097
   0.736465
   0.709428
   0.642877
    0.52708
   0.370788
   0.214166
  0.0936114
  0.0294929
 0.00789562
 0.00213498
0.000632098
0.000279981
0.000765825
  0.0157099
   0.346386
   0.947229
   0.998315
   0.999948
   0.999998
          1
          1
          1
          1
          1
          1
          1
          1
          1
          1
   0.999998
   0.999948
   0.998315
   0.947274
   0.346442
  0.0157082
0.000765904
0.000279954
0.000632027
 0.00213515
 0.00789507
  0.0294932
  0.0936111
   0.214158
   0.370788
   0.527079
   0.642882
   0.709427
   0.736463
   0.730098
   0.687683
   0.601438
   0.474806
   0.346533
   0.270615
   0.270614
   0.346536
   0.474811
   0.601437
   0.687686
   0.730099
   0.736469
   0.709427
   0.642882
    0.52708
    0.37079
    0.21417
  0.0936065
  0.0294975
 0.00789396
 0.00213532
0.000632035
0.000280045
0.000765646
  0.0157187
   0.346207
   0.947265
   0.998313
   0.999948
   0.999998
          1
          1
          1
          1
          1
          1
          1
          1
          1
          1
   0.999999
   0.999955
   0.998557
   0.955047
   0.387456
  0.0188243
0.000878582
0.000280187
0.000598198
  0.0019921
 0.00727906
  0.0269657
   0.086205
   0.201357
    0.35495
   0.512223
   0.632144
   0.703173
   0.734562
   0.733661
   0.700256
    0.62964
   0.524888
   0.415082
     0.3464
   0.346401
   0.415078
   0.524881
   0.629647
   0.700256
   0.733664
   0.734561
   0.703177
   0.632141
   0.512227
   0.354964
   0.201358
  0.0862165
  0.0269628
 0.00728023
 0.00199192
0.000598299
0.000280229
0.000879026
  0.0188199
   0.387571
   0.954944
   0.998559
   0.999955
   0.999999
          1
          1
          1
          1
          1
          1
          1
          1
          1
          1
   0.999999
   0.999966
   0.998947
   0.967339
   0.474465
  0.0269125
 0.00117548
 0.00028592
0.000537812
 0.00173785
 0.00620641
    0.02258
  0.0729395
   0.177029
   0.323671
   0.481583
   0.609079
   0.688976
   0.728723
   0.737462
   0.718534
   0.671726
   0.600877
   0.524512
   0.474274
   0.474265
   0.524502
   0.600886
   0.671724
   0.718535
   0.737461
   0.728728
   0.688977
   0.609082
   0.481592
   0.323675
   0.177045
  0.0729396
  0.0225853
 0.00620627
 0.00173793
0.000537885
0.000285982
 0.00117557
  0.0269279
   0.474072
   0.967296
   0.998942
   0.999966
   0.999999
          1
          1
          1
          1
          1
          1
          1
          1
          1
          1
   0.999999
   0.999978
   0.999338
   0.979862
    0.60432
  0.0457358
 0.00187673
 0.00031094
0.000463936
  0.0014224
 0.00491751
  0.0174004
  0.0565174
    0.14415
    0.27829
   0.433937
   0.570685
   0.663498
   0.715312
   0.736367
   0.733369
   0.709971
   0.671236
   0.628731
   0.600308
     0.6003
   0.628735
   0.671234
   0.709967
   0.733366
    0.73637
   0.715312
   0.663501
   0.570687
    0.43394
   0.278311
   0.144152
  0.0565283
  0.0173999
 0.00491866
 0.00142238
0.000464064
0.000311013
 0.00187764
  0.0456942
   0.604364
   0.979792
   0.999339
   0.999978
   0.999999
          1
          1
          1
          1
          1
          1
          1
          1
          1
          1
          1
   0.999988
   0.999644
   0.989427
   0.754048
  0.0901289
 0.00366039
0.000388641
 0.00039236
 0.00109886
 0.00364292
  0.0124242
  0.0401127
   0.107431
   0.222291
   0.369162
   0.513231
   0.621831
   0.689342
   0.724836
   0.737291
   0.732991
    0.71768
    0.69898
   0.686159
   0.686161
   0.698973
   0.717678
   0.732986
   0.737293
   0.724835
   0.689344
   0.621832
   0.513234
   0.369179
   0.222294
   0.107446
  0.0401133
  0.0124274
 0.00364301
 0.00109889
0.000392556
0.000388704
  0.0036603
  0.0902563
   0.753409
   0.989441
   0.999642
   0.999988
          1
          1
          1
          1
          1
          1
          1
          1
          1
          1
          1
          1
   0.999994
   0.999834
   0.995269
   0.878006
   0.196139
 0.00875796
0.000616456
 0.00034229
0.000808276
 0.00253919
 0.00828936
  0.0262096
  0.0726921
   0.162044
   0.290641
   0.434241
   0.557979
   0.644336
   0.696815
    0.72471
   0.735876
   0.736525
   0.732336
   0.728544
   0.728541
   0.732335
   0.736521
   0.735876
   0.724707
   0.696816
   0.644335
    0.55798
   0.434251
   0.290644
   0.162056
  0.0726931
  0.0262146
 0.00828957
 0.00253957
0.000808318
0.000342408
0.000616707
 0.00876839
    0.19614
   0.878011
   0.995262
   0.999834
   0.999994
          1
          1
          1
          1
          1
          1
          1
          1
          1
          1
          1
          1
   0.999998
   0.999933
   0.998171
   0.951781
   0.413921
  0.0253715
 0.00134853
0.000343249
0.000578736
 0.00167508
 0.00520706
  0.0159199
  0.0446669
   0.106203
   0.207071
   0.336685
   0.467347
   0.572494
   0.644672
   0.689548
   0.715153
    0.72814
   0.733616
   0.735314
   0.735314
   0.733614
    0.72814
    0.71515
    0.68955
   0.644673
   0.572496
   0.467356
   0.336685
   0.207085
   0.106205
  0.0446738
  0.0159207
 0.00520805
 0.00167506
0.000578639
0.000343464
 0.00134843
   0.025379
   0.414185
   0.951697
   0.998175
   0.999933
   0.999998
          1
          1
          1
          1
          1
          1
          1
          1
          1
          1
          1
          1
   0.999999
   0.999976
   0.999386
   0.984264
   0.704577
  0.0841905
 0.00411279
0.000480146
0.000427331
 0.00105675
 0.00309734
 0.00907914
  0.0251763
  0.0622568
   0.131034
   0.232751
   0.353375
   0.468289
   0.559359
   0.623123
   0.664418
   0.689458
   0.703291
    0.70934
    0.70934
   0.703291
   0.689457
    0.66442
   0.623125
   0.559361
   0.468297
   0.353376
   0.232761
    0.13104
  0.0622621
  0.0251778
 0.00908133
 0.00309752
 0.00105675
0.000427436
0.000480384
 0.00411055
  0.0842692
    0.70434
   0.984238
   0.999388
   0.999976
   0.999999
          1
          1
          1
          1
          1
          1
          1
          1
          1
          1
          1
          1
          1
   0.999993
    0.99982
   0.995612
   0.902579
   0.276245
  0.0164229
 0.00113041
0.000382683
0.000656928
 0.00175472
 0.00489614
  0.0131894
  0.0329092
  0.0730408
   0.140583
    0.23367
   0.338744
   0.437153
   0.516404
    0.57367
   0.611684
   0.634396
   0.644931
   0.644931
   0.634396
   0.611686
   0.573672
   0.516407
   0.437159
   0.338746
   0.233678
   0.140589
  0.0730432
  0.0329087
  0.0131918
 0.00489597
 0.00175495
0.000656972
0.000382766
 0.00113076
  0.0164163
   0.276436
   0.902604
   0.995608
   0.999821
   0.999993
          1
          1
          1
          1
          1
          1
          1
          1
          1
          1
          1
          1
          1
          1
   0.999998
   0.999953
    0.99893
   0.976231
   0.646031
  0.0768976
  0.0044656
0.000571826
 0.00044665
0.000963981
 0.00251002
  0.0064903
  0.0159276
  0.0360668
  0.0734839
   0.132357
   0.209641
   0.294516
   0.374009
   0.439235
   0.486951
   0.517481
   0.532239
   0.532239
   0.517482
   0.486955
   0.439239
   0.374015
   0.294518
   0.209649
   0.132361
   0.073484
   0.036066
  0.0159295
 0.00649061
 0.00250994
0.000963973
0.000446711
 0.00057185
 0.00446422
   0.076904
   0.646231
   0.976198
   0.998931
   0.999953
   0.999998
          1
          1
          1
          1
          1
          1
          1
          1
          1
          1
          1
          1
          1
          1
   0.999999
   0.999989
    0.99977
   0.995159
   0.908099
   0.327102
   0.024781
 0.00184292
0.000453373
0.000552892
 0.00124086
 0.00302655
 0.00717168
  0.0160546
  0.0333873
  0.0634508
   0.108512
   0.165726
    0.22731
   0.284385
   0.330457
   0.362123
    0.37811
    0.37811
   0.362127
   0.330459
    0.28439
   0.227311
   0.165733
   0.108514
   0.063452
  0.0333868
  0.0160564
 0.00717222
 0.00302624
 0.00124089
0.000552966
0.000453492
 0.00184257
   0.024781
    0.32695
   0.908145
   0.995155
   0.999769
   0.999989
   0.999999
          1
          1
          1
          1
          1
          1
          1
          1
          1
          1
          1
          1
          1
          1
          1
   0.999998
   0.999955
   0.999128
   0.983589
   0.761905
   0.150671
  0.0108934
 0.00111535
0.000439626
0.000631805
 0.00136021
 0.00305153
 0.00659923
  0.0135114
  0.0259483
  0.0462268
  0.0753866
   0.111452
   0.149412
   0.183272
   0.208221
   0.221337
   0.221339
   0.208222
   0.183275
   0.149411
   0.111456
  0.0753867
  0.0462277
  0.0259474
  0.0135124
 0.00659932
 0.00305123
 0.00136029
0.000631754
0.000439755
 0.00111555
  0.0108883
   0.150492
   0.762108
   0.983595
   0.999125
   0.999955
   0.999998
          1
          1
          1
          1
          1
          1
          1
          1
          1
          1
          1
          1
          1
          1
          1
          1
          1
   0.999992
   0.999858
   0.997511
     0.9591
   0.585303
  0.0824214
 0.00667071
0.000898404
0.000442875
0.000635673
 0.00125981
 0.00257114
 0.00505747
  0.0094499
  0.0166803
  0.0276055
  0.0423987
  0.0598449
   0.077255
  0.0912762
    0.09907
  0.0990708
  0.0912785
  0.0772546
  0.0598459
  0.0423986
  0.0276067
  0.0166804
 0.00945104
 0.00505772
 0.00257104
  0.0012599
0.000635691
 0.00044308
0.000898585
 0.00667319
  0.0822896
   0.585356
   0.959062
   0.997501
   0.999858
   0.999992
          1
          1
          1
          1
          1
          1
          1
          1
          1
          1
          1
          1
          1
          1
          1
          1
          1
          1
   0.999999
   0.999979
   0.999661
   0.994669
   0.925203
   0.460265
  0.0595574
 0.00562806
0.000889454
0.000439659
 0.00056199
0.000991886
  0.0018229
 0.00324439
 0.00549713
 0.00881456
  0.0132974
  0.0187228
   0.024392
  0.0291989
   0.031975
  0.0319758
  0.0291997
  0.0243927
  0.0187226
  0.0132984
 0.00881478
 0.00549726
 0.00324431
 0.00182276
0.000991903
 0.00056202
0.000439753
0.000889666
 0.00563044
  0.0595392
   0.460473
   0.925175
   0.994669
    0.99966
   0.999979
   0.999999
          1
          1
          1
          1
          1
          1
          1
          1
          1
          1
          1
          1
          1
          1
          1
          1
          1
          1
          1
   0.999997
   0.999957
   0.999383
   0.991511
   0.898785
   0.415816
  0.0586806
 0.00646224
 0.00107741
0.000449005
0.000455087
0.000681841
 0.00110926
 0.00177331
 0.00270814
 0.00391236
 0.00531328
 0.00673952
 0.00793182
  0.0086179
  0.0086179
 0.00793229
 0.00673941
 0.00531355
 0.00391239
  0.0027083
 0.00177307
 0.00110923
 0.00068183
0.000455205
0.000449046
 0.00107797
 0.00646226
  0.0586092
   0.416039
   0.898693
     0.9915
   0.999383
   0.999957
   0.999997
          1
          1
          1
          1
          1
          1
          1
          1
          1
          1
          1
          1
          1
          1
          1
          1
          1
          1
          1
          1
          1
   0.999995
   0.999934
    0.99916
   0.989987
   0.897283
   0.451537
   0.078619
  0.0101924
 0.00172251
0.000549435
0.000383163
0.000441641
0.000608525
0.000859487
  0.0011771
 0.00153303
 0.00188109
 0.00216308
 0.00232165
 0.00232176
 0.00216305
 0.00188108
 0.00153286
 0.00117725
 0.00085937
0.000608605
0.000441591
0.000383347
0.000549461
 0.00172322
  0.0101925
  0.0785108
   0.452029
   0.897234
   0.989976
   0.999161
   0.999934
   0.999995
          1
          1
          1
          1
          1
          1
          1
          1
          1
          1
          1
          1
          1
          1
          1
          1
          1
          1
          1
          1
          1
          1
   0.999999
   0.999993
   0.999923
   0.999149
   0.991255
   0.921762
   0.568398
   0.140159
  0.0224901
 0.00401642
 0.00103021
0.000454841
0.000340761
0.000351479
0.000411659
0.000492594
0.000575332
0.000642296
0.000679981
0.000679958
 0.00064242
0.000575189
 0.00049268
0.000411606
0.000351662
0.000340653
0.000455079
 0.00102962
 0.00401627
  0.0224815
   0.139984
   0.568924
   0.921662
   0.991255
   0.999149
   0.999923
   0.999993
   0.999999
          1
          1
          1
          1
          1
          1
          1
          1
          1
          1
          1
          1
          1
          1
          1
          1
          1
          1
          1
          1
          1
          1
          1
   0.999999
   0.999993
   0.999932
   0.999356
   0.994336
    0.95575
   0.743589
    0.30218
  0.0680477
  0.0142309
 0.00353989
 0.00117443
0.000553972
0.000362912
0.000300878
0.000283595
0.000282217
0.000283922
0.000284005
0.000282161
0.000283685
0.000300786
0.000363166
0.000553757
 0.00117517
 0.00353814
  0.0142302
  0.0680635
    0.30212
   0.743947
   0.955764
   0.994335
   0.999354
   0.999932
   0.999993
   0.999999
          1
          1
          1
          1
          1
          1
          1
          1
          1
          1
          1
          1
          1
          1
          1
          1
          1
          1
          1
          1
          1
          1
          1
          1
          1
   0.999999
   0.999995
   0.999955
   0.999633
   0.997269
   0.981726
   0.897153
    0.61288
   0.245428
  0.0715359
  0.0210531
 0.00719545
 0.00300075
 0.00154847
 0.00098023
0.000740168
0.000649401
0.000649263
0.000740464
0.000979501
 0.00154915
  0.0029994
 0.00719893
   0.021051
  0.0715019
   0.245502
   0.612937
   0.897327
   0.981752
    0.99727
   0.999633
   0.999955
   0.999995
   0.999999
          1
          1
          1
          1
          1
          1
          1
          1
          1
          1
          1
          1
          1
          1
          1
          1
          1
          1
          1
          1
          1
          1
          1
          1
          1
          1
          1
          1
   0.999997
   0.999977
   0.999843
   0.999022
   0.994484
   0.972583
   0.887208
   0.665104
   0.366313
   0.164238
  0.0731347
  0.0363912
   0.021221
  0.0147663
  0.0123089
   0.012311
  0.0147592
  0.0212321
  0.0363937
  0.0731854
   0.164369
   0.366417
    0.66529
   0.887253
   0.972608
   0.994483
   0.999021
   0.999843
   0.999977
   0.999997
          1
          1
          1
          1
          1
          1
          1
          1
          1
          1
          1
          1
          1
          1
          1
          1
          1
          1
          1
          1
          1
          1
          1
          1
          1
          1
          1
          1
          1
          1
          1
   0.999999
   0.999991
   0.999949
   0.999736
   0.998757
   0.994825
   0.981144
   0.941714
   0.852913
    0.70867
   0.545721
   0.413157
   0.329426
   0.291071
   0.290882
   0.329554
   0.413054
   0.546062
   0.708676
    0.85301
   0.941745
   0.981168
   0.994824
   0.998758
   0.999736
   0.999949
   0.999991
   0.999999
          1
          1
          1
          1
          1
          1
          1
          1
          1
          1
          1
          1
          1
          1
          1
          1
          1
          1
          1
          1
          1
          1
          1
          1
          1
          1
          1
          1
          1
          1
          1
          1
          1
          1
   0.999997
   0.999987
   0.999945
   0.999786
   0.999264
   0.997767
   0.994137
   0.986763
    0.97458
   0.958545
    0.94287
   0.932869
   0.932947
   0.942769
   0.958626
   0.974566
    0.98677
   0.994137
   0.997768
   0.999263
   0.999787
   0.999945
   0.999987
   0.999997
          1
          1
          1
          1
          1
          1
          1
          1
          1
          1
          1
          1
          1
          1
          1
          1
          1
          1
          1
          1
          1
          1
          1
          1
          1
          1
          1
          1
          1
          1
          1
          1
          1
          1
          1
          1
          1
   0.999999
   0.999998
   0.999991
   0.999971
   0.999918
   0.999794
   0.999552
   0.999159
   0.998648
   0.998137
   0.997817
   0.997808
    0.99814
   0.998648
   0.999161
   0.999553
   0.999794
   0.999918
   0.999971
   0.999991
   0.999998
   0.999999
          1
          1
          1
          1
          1
          1
          1
          1
          1
          1
          1
          1
          1
          1
          1
          1
          1
          1
          1
          1
          1
          1
          1
          1
          1
          1
          1
          1
          1
          1
          1
          1
          1
          1
          1
          1
          1
          1
          1
          1
          1
   0.999999
   0.999997
   0.999993
   0.999985
   0.999973
   0.999957
   0.999942
   0.999932
   0.999932
   0.999941
   0.999957
   0.999973
   0.999985
   0.999993
   0.999997
   0.999999
          1
          1
          1
          1
          1
          1
          1
          1
          1
          1
          1
          1
          1
          1
          1
          1
          1
          1
          1
          1
          1
          1
          1
          1
          1
          1
          1
          1
          1
          1
          1
          1
          1
          1
          1
          1
          1
          1
          1
          1
          1
          1
          1
          1
          1
          1
          1
   0.999999
   0.999999
   0.999999
   0.999998
   0.999998
   0.999998
   0.999998
   0.999999
   0.999999
   0.999999
          1
          1
          1
          1
          1
          1
          1
          1
          1
          1
          1
          1
          1
          1
          1
          1
          1
          1
          1
          1
          1
          1
          1
          1
          1
          1
          1
          1
          1
          1
          1
          1
          1
          1
          1
          1
          1
          1
          1
          1
          1
          1
          1
          1
          1
          1
          1
          1
          1
          1
          1
          1
          1
          1
          1
          1
          1
          1
          1
          1
          1
          1
          1
          1
          1
          1
          1
          1
          1
          1
          1
          1
          1
          1
          1
          1
          1
          1
          1
          1
          1
          1
          1
          1
          1
          1
          1
          1
          1
          1
          1
          1
          1
          1
          1
          1
          1
          1
          1
          1
          1
          1
          1
          1
          1
          1
          1
          1
          1
          1
          1
          1
          1
          1
          1
          1
          1
          1
          1
          1
          1
          1
          1
          1
          1
          1
          1
          1
          1
          1
          1
          1
          1
          1
          1
          1
          1
          1
          1
          1
          1
          1
          1
          1
          1
          1
          1
          1
          1
          1
          1
          1
          1
          1
          1
          1
          1
          1
          1
          1
          1
          1
          1
          1
          1
          1
          1
          1
          1
          1
          1
          1
          1
          1
          1
          1
          1
          1
          1
          1
          1
          1
          1
          1
          1
          1
          1
          1
          1
          1
          1
          1
          1
          1
          1
          1
          1
          1
          1
          1
          1
          1
          1
          1
          1
          1
          1
          1
          1
          1
          1
          1
          1
          1
          1
          1
          1
          1
          1
          1
          1
          1
          1
          1
          1
          1
          1
          1
          1
          1
          1
          1
          1
          1
          1
          1
          1
          1
          1
          1
          1
          1
          1
          1
          1
          1
          1
          1
          1
          1
          1
          1
          1
          1
          1
          1
          1
          1
          1
          1
          1
          1
          1
          1
          1
          1
          1
          1
          1
          1
          1
          1
          1
          1
          1
          1
          1
          1
          1
          1
          1
          1
          1
          1
          1
          1
          1
          1
          1
          1
          1
          1
          1
          1
          1
          1
          1
          1
          1
          1
          1
          1
          1
          1
          1
          1
          1
          1
          1
          1
          1
          1
          1
          1
          1
          1
          1
          1
          1
          1
          1
          1
          1
          1
          1
          1
          1
          1
          1
          1
          1
          1
          1
          1
          1
          1
          1
          1
          1
          1
          1
          1
          1
          1
          1
          1
          1
          1
          1
          1
          1
          1
          1
          1
          1
          1
          1
          1
          1
          1
          1
          1
          1
          1
          1
          1
          1
          1
          1
          1
          1
          1
          1
          1
          1
          1
          1
          1
          1
          1
          1
          1
          1
          1
          1
          1
          1
          1
          1
          1
          1
          1
          1
          1
          1
          1
          1
          1
          1
          1
          1
          1
          1
          1
          1
          1
          1
          1
          1
          1
          1
          1
          1
          1
          1
          1
          1
          1
          1
          1
          1
          1
          1
          1
          1
          1
          1
          1
          1
          1
          1
          1
          1
          1
          1
          1
          1
          1
          1
          1
          1
          1
          1
          1
          1
          1
          1
          1
          1
          1
          1
          1
          1
          1
          1
          1
          1
          1
          1
          1
          1
          1
          1
          1
          1
          1
          1
          1
          1
          1
          1
          1
          1
          1
          1
          1
          1
          1
          1
          1
          1
          1
          1
          1
          1
          1
          1
          1
          1
          1
          1
          1
          1
          1
          1
          1
          1
          1
          1
          1
          1
          1
          1
          1
          1
          1
          1
          1
          1
          1
          1
          1
          1
          1
          1
          1
          1
          1
          1
          1
          1
          1
          1
          1
          1
          1
          1
          1
          1
          1
          1
          1
          1
          1
          1
          1
          1
          1
          1
          1
          1
          1
          1
          1
          1
          1
          1
          1
          1
          1
          1
          1
          1
          1
          1
          1
          1
          1
          1
          1
          1
          1
          1
          1
          1
          1
          1
          1
          1
          1
          1
          1
          1
          1
          1
          1
          1
          1
          1
          1
          1
          1
          1
          1
          1
          1
          1
          1
          1
          1
          1
          1
          1
          1
          1
          1
          1
          1
          1
          1
          1
          1
          1
          1
          1
          1
          1
          1
          1
          1
          1
          1
          1
          1
          1
          1
          1
          1
          1
          1
          1
          1
          1
          1
          1
          1
          1
          1
          1
          1
          1
          1
          1
          1
          1
          1
          1
          1
          1
          1
          1
          1
          1
          1
          1
          1
          1
          1
          1
          1
   0.999999
   0.999999
   0.999999
   0.999998
   0.999998
   0.999998
   0.999998
   0.999999
   0.999999
   0.999999
          1
          1
          1
          1
          1
          1
          1
          1
          1
          1
          1
          1
          1
          1
          1
          1
          1
          1
          1
          1
          1
          1
          1
          1
          1
          1
          1
          1
          1
          1
          1
          1
          1
          1
          1
          1
          1
          1
          1
          1
          1
          1
          1
          1
          1
          1
          1
   0.999999
   0.999997
   0.999993
   0.999985
   0.999973
   0.999957
   0.999941
   0.999931
   0.999932
   0.999941
   0.999957
   0.999972
   0.999985
   0.999993
   0.999997
   0.999999
          1
          1
          1
          1
          1
          1
          1
          1
          1
          1
          1
          1
          1
          1
          1
          1
          1
          1
          1
          1
          1
          1
          1
          1
          1
          1
          1
          1
          1
          1
          1
          1
          1
          1
          1
          1
          1
          1
          1
          1
          1
   0.999999
   0.999998
   0.999991
   0.999971
   0.999918
   0.999794
   0.999552
   0.999159
    0.99865
   0.998132
   0.997814
   0.997809
   0.998139
   0.998646
   0.999159
   0.999552
   0.999794
   0.999918
   0.999971
   0.999991
   0.999998
   0.999999
          1
          1
          1
          1
          1
          1
          1
          1
          1
          1
          1
          1
          1
          1
          1
          1
          1
          1
          1
          1
          1
          1
          1
          1
          1
          1
          1
          1
          1
          1
          1
          1
          1
          1
          1
          1
          1
   0.999997
   0.999987
   0.999945
   0.999787
   0.999262
   0.997768
   0.994134
   0.986765
   0.974604
    0.95852
   0.942842
     0.9328
   0.932958
   0.942772
   0.958572
   0.974553
   0.986766
   0.994132
   0.997767
   0.999261
   0.999787
   0.999945
   0.999988
   0.999997
          1
          1
          1
          1
          1
          1
          1
          1
          1
          1
          1
          1
          1
          1
          1
          1
          1
          1
          1
          1
          1
          1
          1
          1
          1
          1
          1
          1
          1
          1
          1
          1
          1
          1
   0.999999
   0.999991
    0.99995
   0.999736
   0.998758
    0.99482
   0.981158
   0.941681
   0.852916
   0.708607
   0.545615
   0.413146
   0.329262
    0.29092
    0.29078
   0.329507
   0.412916
   0.545667
   0.708496
   0.852903
   0.941666
   0.981146
   0.994811
   0.998757
   0.999735
   0.999949
   0.999991
   0.999999
          1
          1
          1
          1
          1
          1
          1
          1
          1
          1
          1
          1
          1
          1
          1
          1
          1
          1
          1
          1
          1
          1
          1
          1
          1
          1
          1
          1
          1
          1
          1
   0.999997
   0.999977
   0.999843
    0.99902
   0.994477
   0.972587
    0.88724
    0.66495
   0.366327
    0.16428
  0.0731271
  0.0363944
  0.0212149
  0.0147596
  0.0123037
  0.0123114
  0.0147523
  0.0212261
  0.0363797
  0.0731262
   0.164191
   0.366219
   0.665053
   0.887196
   0.972569
   0.994487
   0.999019
   0.999843
   0.999977
   0.999997
          1
          1
          1
          1
          1
          1
          1
          1
          1
          1
          1
          1
          1
          1
          1
          1
          1
          1
          1
          1
          1
          1
          1
          1
          1
          1
          1
          1
   0.999999
   0.999995
   0.999955
   0.999633
    0.99727
   0.981755
   0.897278
   0.612931
   0.245319
  0.0715151
  0.0210445
 0.00719592
 0.00300051
 0.00154798
 0.00097977
0.000740137
0.000649295
0.000648962
0.000740519
0.000979473
 0.00154868
 0.00299873
  0.0071955
  0.0210437
  0.0714861
   0.245402
   0.612685
   0.897211
   0.981735
    0.99727
   0.999633
   0.999955
   0.999995
   0.999999
          1
          1
          1
          1
          1
          1
          1
          1
          1
          1
          1
          1
          1
          1
          1
          1
          1
          1
          1
          1
          1
          1
          1
          1
          1
   0.999999
   0.999993
   0.999932
   0.999355
   0.994337
   0.955766
   0.743809
    0.30212
  0.0680357
  0.0142297
 0.00353815
 0.00117469
0.000554012
0.000362956
0.000300923
0.000283613
0.000282252
0.000283963
0.000284024
0.000282106
0.000283731
0.000300768
0.000363092
 0.00055364
 0.00117489
 0.00353832
  0.0142284
  0.0680526
   0.302035
   0.743857
    0.95573
   0.994352
   0.999356
   0.999932
   0.999993
   0.999999
          1
          1
          1
          1
          1
          1
          1
          1
          1
          1
          1
          1
          1
          1
          1
          1
          1
          1
          1
          1
          1
          1
          1
   0.999999
   0.999993
   0.999923
   0.999149
   0.991253
   0.921679
   0.568658
   0.140067
  0.0224767
 0.00401615
 0.00102982
0.000454975
0.000340783
0.000351605
0.000411806
0.000492672
0.000575381
0.000642453
0.000680114
0.000679987
0.000642496
0.000575261
0.000492752
0.000411574
0.000351645
0.000340623
0.000455057
  0.0010298
 0.00401713
  0.0224929
   0.139984
   0.568814
   0.921634
   0.991275
   0.999149
   0.999923
   0.999993
   0.999999
          1
          1
          1
          1
          1
          1
          1
          1
          1
          1
          1
          1
          1
          1
          1
          1
          1
          1
          1
          1
          1
          1
   0.999995
   0.999934
   0.999161
   0.989972
   0.897231
   0.451865
  0.0785767
  0.0101893
 0.00172313
0.000549441
 0.00038331
0.000441731
0.000608654
0.000859672
 0.00117736
 0.00153325
 0.00188137
 0.00216348
 0.00232217
 0.00232206
 0.00216319
 0.00188143
  0.0015331
 0.00117735
0.000859424
 0.00060868
0.000441541
0.000383303
 0.00054931
  0.0017234
  0.0101957
  0.0785212
   0.451832
   0.897243
   0.990006
   0.999161
   0.999934
   0.999995
          1
          1
          1
          1
          1
          1
          1
          1
          1
          1
          1
          1
          1
          1
          1
          1
          1
          1
          1
          1
          1
   0.999997
   0.999957
   0.999383
     0.9915
   0.898693
    0.41607
  0.0586524
 0.00645904
   0.001078
0.000449035
0.000455319
0.000681996
 0.00110943
 0.00177351
  0.0027087
 0.00391312
  0.0053143
 0.00674055
 0.00793341
 0.00861898
   0.008619
 0.00793303
 0.00674006
 0.00531405
  0.0039127
 0.00270847
 0.00177344
 0.00110939
0.000681755
0.000455164
0.000448871
 0.00107796
 0.00646358
  0.0586411
   0.415635
   0.898762
   0.991521
   0.999382
   0.999957
   0.999997
          1
          1
          1
          1
          1
          1
          1
          1
          1
          1
          1
          1
          1
          1
          1
          1
          1
          1
          1
   0.999999
   0.999979
    0.99966
   0.994666
   0.925194
   0.460329
  0.0595708
 0.00562541
 0.00088978
0.000439715
 0.00056221
0.000992006
 0.00182313
 0.00324476
  0.0054982
 0.00881611
     0.0133
  0.0187255
  0.0243957
  0.0292037
  0.0319798
  0.0319785
  0.0292009
  0.0243949
  0.0187236
  0.0132991
 0.00881517
 0.00549751
 0.00324463
 0.00182303
 0.00099186
0.000562055
0.000439469
0.000889562
 0.00562846
  0.0595404
   0.460116
   0.925181
   0.994684
    0.99966
   0.999979
   0.999999
          1
          1
          1
          1
          1
          1
          1
          1
          1
          1
          1
          1
          1
          1
          1
          1
          1
          1
   0.999992
   0.999858
   0.997505
   0.959085
   0.585151
  0.0823503
 0.00666868
0.000898828
0.000443013
0.000635872
 0.00125988
 0.00257137
 0.00505824
 0.00945271
  0.0166831
  0.0276106
  0.0424042
  0.0598514
  0.0772642
  0.0912859
  0.0990789
  0.0990757
  0.0912842
  0.0772573
  0.0598504
  0.0423989
  0.0276072
  0.0166801
 0.00945043
 0.00505749
 0.00257123
 0.00125986
0.000635748
0.000442757
 0.00089833
 0.00667298
  0.0823643
   0.585398
    0.95904
   0.997511
   0.999858
   0.999992
          1
          1
          1
          1
          1
          1
          1
          1
          1
          1
          1
          1
          1
          1
          1
          1
          1
   0.999998
   0.999955
   0.999127
   0.983593
   0.762039
   0.150615
  0.0108845
 0.00111578
0.000439674
0.000631921
 0.00136014
 0.00305177
 0.00660041
  0.0135148
  0.0259508
   0.046233
  0.0753944
   0.111465
   0.149426
   0.183284
   0.208237
   0.221349
   0.221351
   0.208228
   0.183283
   0.149414
    0.11146
  0.0753865
  0.0462297
  0.0259475
  0.0135119
 0.00659898
 0.00305138
 0.00136022
0.000631852
 0.00043954
 0.00111519
  0.0108945
    0.15049
   0.762131
   0.983585
   0.999127
   0.999955
   0.999998
          1
          1
          1
          1
          1
          1
          1
          1
          1
          1
          1
          1
          1
          1
          1
   0.999999
   0.999989
    0.99977
   0.995153
   0.908218
   0.327087
   0.024773
 0.00184235
0.000453382
0.000553118
 0.00124076
 0.00302681
 0.00717323
  0.0160578
  0.0333898
  0.0634581
   0.108524
   0.165744
   0.227328
   0.284403
   0.330477
    0.36214
   0.378127
   0.378121
   0.362136
   0.330463
   0.284396
   0.227312
   0.165733
   0.108512
  0.0634529
  0.0333873
  0.0160555
 0.00717199
 0.00302641
 0.00124077
0.000552946
0.000453357
 0.00184307
  0.0247795
   0.326853
   0.908152
    0.99516
   0.999769
   0.999989
   0.999999
          1
          1
          1
          1
          1
          1
          1
          1
          1
          1
          1
          1
          1
          1
   0.999998
   0.999953
    0.99893
   0.976241
   0.646342
  0.0768781
  0.0044655
0.000571686
0.000446841
0.000964001
 0.00251025
 0.00649134
  0.0159299
  0.0360691
  0.0734918
   0.132372
   0.209662
   0.294537
    0.37403
   0.439256
    0.48697
   0.517495
   0.532251
   0.532249
    0.51749
   0.486962
   0.439243
   0.374017
   0.294517
   0.209645
   0.132356
  0.0734837
  0.0360671
  0.0159284
 0.00649037
 0.00251015
0.000963815
0.000446684
0.000571925
 0.00446599
  0.0768814
   0.646021
   0.976219
   0.998931
   0.999953
   0.999998
          1
          1
          1
          1
          1
          1
          1
          1
          1
          1
          1
          1
          1
          1
   0.999993
    0.99982
   0.995614
   0.902629
   0.276406
  0.0164236
  0.0011302
0.000382805
0.000656936
 0.00175509
  0.0048967
  0.0131918
  0.0329123
  0.0730479
   0.140599
   0.233688
   0.338767
   0.437177
   0.516421
   0.573686
   0.611697
   0.634406
   0.644938
   0.644938
   0.634402
   0.611689
   0.573674
   0.516408
   0.437159
   0.338743
   0.233672
   0.140584
  0.0730404
   0.032909
  0.0131895
 0.00489589
 0.00175487
0.000656843
0.000382666
 0.00113013
  0.0164246
   0.276161
   0.902619
   0.995613
   0.999821
   0.999993
          1
          1
          1
          1
          1
          1
          1
          1
          1
          1
          1
          1
          1
   0.999999
   0.999976
   0.999389
   0.984247
   0.704589
  0.0842848
 0.00410921
0.000480453
0.000427359
 0.00105693
 0.00309787
 0.00908105
  0.0251809
  0.0622611
   0.131049
   0.232768
   0.353396
   0.468313
   0.559374
   0.623138
   0.664429
   0.689466
   0.703297
   0.709346
   0.709344
   0.703295
    0.68946
   0.664421
   0.623125
   0.559358
   0.468292
   0.353371
   0.232751
   0.131033
  0.0622569
  0.0251762
 0.00907928
 0.00309726
 0.00105669
0.000427389
0.000480243
 0.00410981
  0.0842697
   0.704434
   0.984267
   0.999386
   0.999976
   0.999999
          1
          1
          1
          1
          1
          1
          1
          1
          1
          1
          1
          1
   0.999998
   0.999933
   0.998173
   0.951734
   0.414221
  0.0253753
 0.00134875
0.000343322
0.000578773
 0.00167517
 0.00520777
   0.015923
   0.044671
   0.106213
   0.207088
   0.336704
   0.467369
   0.572508
   0.644685
   0.689557
   0.715158
   0.728143
   0.733619
   0.735315
   0.735318
   0.733616
   0.728143
   0.715153
    0.68955
   0.644671
   0.572491
   0.467348
   0.336681
   0.207071
   0.106201
  0.0446662
  0.0159197
 0.00520691
 0.00167502
0.000578592
 0.00034331
  0.0013487
  0.0253488
   0.414209
    0.95173
   0.998174
   0.999933
   0.999998
          1
          1
          1
          1
          1
          1
          1
          1
          1
          1
          1
          1
   0.999994
   0.999834
   0.995274
   0.877971
   0.196238
 0.00876814
0.000616364
0.000342487
0.000808315
 0.00253943
 0.00829095
  0.0262124
  0.0726995
   0.162054
   0.290658
    0.43426
    0.55799
   0.644345
   0.696822
   0.724713
   0.735876
   0.736526
   0.732332
   0.728544
   0.728541
   0.732337
   0.736523
   0.735879
   0.724708
   0.696814
   0.644332
   0.557975
   0.434239
   0.290637
   0.162044
  0.0726883
  0.0262091
 0.00828944
 0.00253901
0.000808277
0.000342211
0.000616418
 0.00876231
   0.195953
   0.878205
   0.995259
   0.999835
   0.999994
          1
          1
          1
          1
          1
          1
          1
          1
          1
          1
          1
          1
   0.999988
   0.999644
   0.989416
   0.753772
  0.0901947
 0.00366025
0.000388741
0.000392504
 0.00109895
 0.00364352
  0.0124254
  0.0401191
   0.107439
   0.222305
   0.369181
   0.513241
   0.621841
   0.689349
    0.72484
   0.737291
    0.73299
   0.717674
   0.698976
   0.686155
   0.686163
   0.698974
   0.717677
    0.73299
   0.737294
   0.724833
   0.689341
   0.621827
   0.513227
   0.369161
   0.222284
   0.107434
  0.0401101
  0.0124246
 0.00364286
 0.00109867
0.000392369
0.000388626
 0.00365825
  0.0902491
   0.753635
   0.989449
   0.999643
   0.999988
          1
          1
          1
          1
          1
          1
          1
          1
          1
          1
          1
   0.999999
   0.999978
   0.999337
   0.979845
    0.60415
  0.0457433
 0.00187728
0.000310967
0.000464123
 0.00142247
 0.00491784
  0.0174033
  0.0565227
    0.14416
   0.278306
   0.433949
   0.570695
   0.663504
   0.715317
   0.736369
   0.733367
   0.709965
   0.671234
   0.628723
   0.600301
   0.600296
   0.628735
   0.671233
   0.709964
   0.733369
   0.736366
   0.715309
   0.663496
    0.57068
   0.433931
   0.278291
   0.144143
  0.0565186
  0.0173993
 0.00491757
 0.00142232
0.000463903
0.000310975
 0.00187744
  0.0456987
   0.604614
   0.979842
   0.999339
   0.999978
   0.999999
          1
          1
          1
          1
          1
          1
          1
          1
          1
          1
   0.999999
   0.999966
   0.998946
   0.967277
   0.474348
  0.0269206
 0.00117552
0.000285987
0.000537854
 0.00173782
  0.0062071
  0.0225825
   0.072948
   0.177037
   0.323684
   0.481594
   0.609085
   0.688981
   0.728726
   0.737462
   0.718531
   0.671724
    0.60087
   0.524502
   0.474262
   0.474261
   0.524499
   0.600882
   0.671723
   0.718532
    0.73746
   0.728722
   0.688972
   0.609076
    0.48158
   0.323662
   0.177031
  0.0729343
   0.022581
 0.00620605
 0.00173769
0.000537785
0.000285921
 0.00117544
  0.0269299
   0.474401
   0.967381
   0.998944
   0.999967
   0.999999
          1
          1
          1
          1
          1
          1
          1
          1
          1
          1
   0.999999
   0.999955
   0.998558
   0.954993
   0.387521
  0.0188286
0.000878874
0.000280207
0.000598299
 0.00199209
 0.00727901
  0.0269675
  0.0862129
   0.201364
   0.354964
   0.512232
   0.632147
   0.703176
   0.734566
   0.733661
   0.700255
   0.629637
   0.524882
   0.415073
   0.346395
   0.346398
   0.415074
    0.52488
   0.629644
   0.700255
   0.733661
   0.734559
   0.703174
   0.632139
    0.51222
   0.354951
   0.201347
   0.086208
  0.0269637
 0.00727968
 0.00199201
0.000598194
0.000280185
0.000878896
   0.018815
   0.387601
   0.955015
   0.998558
   0.999955
   0.999999
          1
          1
          1
          1
          1
          1
          1
          1
          1
          1
   0.999998
   0.999948
   0.998317
   0.947261
   0.346412
  0.0157141
 0.00076578
0.000280027
0.000632035
 0.00213512
 0.00789509
  0.0294943
  0.0936158
   0.214165
   0.370799
   0.527084
   0.642883
   0.709432
   0.736465
   0.730098
   0.687681
   0.601438
   0.474802
   0.346532
   0.270611
   0.270615
   0.346538
   0.474811
   0.601437
   0.687684
   0.730096
   0.736464
   0.709423
    0.64288
   0.527076
    0.37078
    0.21416
  0.0936023
  0.0294954
 0.00789427
 0.00213518
0.000631958
0.000279999
0.000765677
  0.0157212
   0.346303
   0.947322
   0.998312
   0.999948
   0.999998
          1
          1
          1
          1
          1
          1
          1
          1
          1
          1
   0.999998
   0.999948
   0.998314
    0.94732
    0.34619
  0.0157263
0.000765649
0.000279979
0.000632126
 0.00213515
 0.00789443
  0.0294984
   0.093608
   0.214172
    0.37079
   0.527085
   0.642884
   0.709427
   0.736469
   0.730097
   0.687685
   0.601434
   0.474811
   0.346538
   0.270618
   0.270618
    0.34654
   0.474815
    0.60144
   0.687686
   0.730097
   0.736463
   0.709425
   0.642877
   0.527076
   0.370783
   0.214155
  0.0936047
  0.0294929
 0.00789486
 0.00213493
 0.00063201
0.000279991
0.000765802
  0.0157146
   0.346306
   0.947299
   0.998314
   0.999948
   0.999998
          1
          1
          1
          1
          1
          1
          1
          1
          1
          1
   0.999999
   0.999955
   0.998563
   0.954958
   0.387785
  0.0188148
 0.00087892
0.000280197
0.000598159
 0.00199213
 0.00727962
  0.0269638
   0.086217
    0.20135
   0.354963
   0.512226
   0.632144
   0.703178
   0.734561
   0.733664
   0.700254
   0.629646
   0.524882
   0.415083
    0.34641
   0.346413
   0.415088
    0.52489
   0.629647
   0.700258
    0.73366
   0.734559
   0.703171
   0.632142
   0.512218
   0.354949
    0.20135
  0.0862035
  0.0269646
 0.00727841
 0.00199202
0.000598159
0.000280194
0.000879003
  0.0188195
   0.387591
   0.955016
   0.998557
   0.999955
   0.999999
          1
          1
          1
          1
          1
          1
          1
          1
          1
          1
   0.999999
   0.999966
   0.998944
   0.967375
   0.474173
  0.0269448
 0.00117535
0.000285885
0.000537942
 0.00173761
  0.0062068
  0.0225829
  0.0729368
   0.177039
   0.323668
    0.48159
    0.60908
   0.688976
   0.728728
   0.737462
   0.718535
   0.671727
    0.60089
   0.524508
   0.474274
   0.474273
   0.524513
   0.600887
   0.671732
   0.718536
   0.737462
   0.728724
   0.688974
   0.609073
   0.481577
   0.323666
   0.177027
  0.0729377
    0.02258
 0.00620641
 0.00173757
0.000537829
0.000285982
 0.00117553
  0.0269382
   0.474291
   0.967335
   0.998946
   0.999966
   0.999999
          1
          1
          1
          1
          1
          1
          1
          1
          1
          1
   0.999999
   0.999978
    0.99934
    0.97981
   0.604559
  0.0457086
 0.00187766
0.000311027
0.000463889
 0.00142267
 0.00491783
  0.0174008
  0.0565255
   0.144143
     0.2783
   0.433935
   0.570686
   0.663501
   0.715311
   0.736371
   0.733369
   0.709968
   0.671241
   0.628746
    0.60031
   0.600314
   0.628741
   0.671241
   0.709971
   0.733368
   0.736368
    0.71531
   0.663493
   0.570678
   0.433927
   0.278288
   0.144145
  0.0565162
  0.0174008
 0.00491694
 0.00142238
0.000463901
0.000310961
 0.00187772
  0.0457297
   0.604364
   0.979868
   0.999337
   0.999978
   0.999999
          1
          1
          1
          1
          1
          1
          1
          1
          1
          1
          1
   0.999988
   0.999642
   0.989447
   0.753509
  0.0902664
 0.00366133
0.000388587
0.000392596
 0.00109869
 0.00364362
  0.0124254
  0.0401124
   0.107439
   0.222282
   0.369168
    0.51323
   0.621829
   0.689344
   0.724834
   0.737295
   0.732991
   0.717681
    0.69898
   0.686167
   0.686165
   0.698982
   0.717681
    0.73299
   0.737291
   0.724833
   0.689336
   0.621823
   0.513218
   0.369152
   0.222285
   0.107426
  0.0401123
  0.0124231
 0.00364287
 0.00109856
0.000392431
0.000388594
 0.00366062
  0.0902114
   0.753841
   0.989428
   0.999644
   0.999988
          1
          1
          1
          1
          1
          1
          1
          1
          1
          1
          1
          1
   0.999994
   0.999835
   0.995265
   0.878193
   0.195984
   0.008768
0.000616669
0.000342234
0.000808559
  0.0025391
 0.00829027
  0.0262107
  0.0726861
   0.162044
   0.290634
   0.434243
   0.557974
   0.644331
   0.696814
   0.724705
   0.735879
   0.736526
   0.732339
   0.728547
   0.728546
   0.732337
   0.736525
   0.735875
   0.724707
   0.696809
   0.644327
   0.557964
   0.434226
   0.290633
   0.162037
  0.0726885
  0.0262071
 0.00828942
  0.0025386
0.000808242
0.000342303
0.000616433
 0.00876555
   0.196164
   0.877956
   0.995278
   0.999834
   0.999994
          1
          1
          1
          1
          1
          1
          1
          1
          1
          1
          1
          1
   0.999998
   0.999933
   0.998176
   0.951728
   0.414243
  0.0253714
 0.00134829
 0.00034347
 0.00057852
 0.00167547
 0.00520705
  0.0159213
  0.0446669
   0.106195
   0.207068
   0.336677
   0.467346
   0.572489
   0.644668
   0.689546
   0.715149
    0.72814
   0.733615
   0.735316
   0.735315
   0.733615
   0.728137
   0.715149
   0.689542
   0.644664
   0.572479
   0.467332
   0.336671
   0.207064
   0.106197
   0.044663
  0.0159197
 0.00520624
   0.001675
0.000578599
 0.00034332
 0.00134842
  0.0253714
   0.414258
   0.951724
   0.998173
   0.999933
   0.999998
          1
          1
          1
          1
          1
          1
          1
          1
          1
          1
          1
          1
   0.999999
   0.999976
   0.999388
   0.984251
   0.704249
  0.0842995
 0.00411094
0.000480139
0.000427475
 0.00105665
 0.00309784
 0.00907947
  0.0251769
  0.0622553
   0.131028
   0.232745
   0.353362
   0.468283
   0.559351
   0.623115
   0.664414
   0.689453
   0.703287
   0.709337
   0.709337
   0.703286
   0.689453
   0.664409
   0.623114
   0.559343
   0.468274
   0.353359
   0.232737
   0.131028
   0.062252
  0.0251759
 0.00907838
 0.00309731
  0.0010566
0.000427402
0.000480289
  0.0041106
  0.0842517
   0.704493
   0.984257
   0.999388
   0.999976
   0.999999
          1
          1
          1
          1
          1
          1
          1
          1
          1
          1
          1
          1
          1
   0.999993
    0.99982
   0.995616
   0.902562
    0.27642
  0.0164224
 0.00113057
0.000382576
0.000657016
 0.00175497
 0.00489663
  0.0131893
  0.0329068
  0.0730347
   0.140577
   0.233662
   0.338728
   0.437141
   0.516392
   0.573657
   0.611675
   0.634385
   0.644921
   0.644921
   0.634386
   0.611671
   0.573657
   0.516387
   0.437136
   0.338727
   0.233651
   0.140573
  0.0730353
  0.0329064
  0.0131884
 0.00489556
 0.00175436
0.000656896
0.000382771
 0.00113056
  0.0164235
   0.276323
   0.902672
   0.995612
    0.99982
   0.999993
          1
          1
          1
          1
          1
          1
          1
          1
          1
          1
          1
          1
          1
          1
   0.999998
   0.999953
    0.99893
   0.976234
   0.645999
  0.0769318
 0.00446456
0.000571973
0.000446599
0.000964014
 0.00250987
 0.00649054
   0.015927
  0.0360633
  0.0734762
    0.13235
   0.209631
   0.294498
   0.373994
    0.43922
   0.486936
   0.517466
   0.532222
   0.532222
   0.517463
   0.486934
   0.439216
   0.373989
   0.294497
   0.209624
   0.132345
  0.0734779
  0.0360612
  0.0159267
 0.00648981
 0.00250924
0.000963798
0.000446723
0.000571973
 0.00446553
  0.0768858
   0.646125
   0.976219
   0.998931
   0.999953
   0.999998
          1
          1
          1
          1
          1
          1
          1
          1
          1
          1
          1
          1
          1
          1
   0.999999
   0.999989
    0.99977
   0.995147
   0.908313
   0.326813
   0.024794
 0.00184266
0.000453468
0.000552921
 0.00124088
 0.00302576
 0.00717161
  0.0160543
  0.0333841
  0.0634436
     0.1085
   0.165713
    0.22729
   0.284369
   0.330438
   0.362103
    0.37809
   0.378091
   0.362102
   0.330436
   0.284365
   0.227289
   0.165711
   0.108501
   0.063444
   0.033381
  0.0160538
 0.00717123
 0.00302581
 0.00124056
0.000552902
 0.00045347
 0.00184307
  0.0247861
   0.327127
   0.908097
   0.995153
    0.99977
   0.999989
   0.999999
          1
          1
          1
          1
          1
          1
          1
          1
          1
          1
          1
          1
          1
          1
          1
   0.999998
   0.999955
   0.999128
   0.983578
   0.762279
    0.15052
  0.0108956
 0.00111508
0.000439649
 0.00063174
 0.00136023
 0.00305081
 0.00659878
  0.0135111
   0.025945
  0.0462227
  0.0753765
   0.111442
   0.149396
   0.183256
   0.208203
    0.22132
   0.221319
   0.208203
   0.183255
   0.149394
   0.111442
  0.0753767
  0.0462207
  0.0259426
  0.0135097
 0.00659845
 0.00305093
  0.0013599
 0.00063174
0.000439566
 0.00111574
  0.0108971
   0.150667
   0.762068
   0.983579
   0.999126
   0.999955
   0.999998
          1
          1
          1
          1
          1
          1
          1
          1
          1
          1
          1
          1
          1
          1
          1
          1
          1
   0.999992
   0.999858
   0.997509
   0.958962
   0.585397
  0.0823478
 0.00667748
0.000898386
0.000442875
 0.00063563
 0.00125983
 0.00257101
 0.00505737
 0.00944963
   0.016678
  0.0276029
  0.0423929
  0.0598387
   0.077246
  0.0912661
    0.09906
  0.0990602
  0.0912674
  0.0772445
  0.0598378
   0.042392
  0.0276022
  0.0166777
 0.00944868
 0.00505681
 0.00257056
 0.00125958
0.000635674
0.000442893
0.000898622
 0.00667472
  0.0823851
   0.585286
   0.959103
   0.997505
   0.999858
   0.999992
          1
          1
          1
          1
          1
          1
          1
          1
          1
          1
          1
          1
          1
          1
          1
          1
          1
          1
   0.999999
   0.999979
   0.999659
    0.99468
    0.92502
   0.460512
  0.0595605
 0.00563565
 0.00088947
0.000439547
 0.00056199
0.000991936
 0.00182287
 0.00324437
 0.00549642
 0.00881338
  0.0132954
  0.0187198
  0.0243879
  0.0291943
  0.0319697
  0.0319705
  0.0291944
  0.0243884
  0.0187192
  0.0132955
  0.0088134
 0.00549625
 0.00324399
  0.0018225
0.000991767
0.000562104
0.000439613
0.000889726
 0.00563034
  0.0595511
   0.460578
   0.925292
   0.994669
    0.99966
   0.999979
   0.999999
          1
          1
          1
          1
          1
          1
          1
          1
          1
          1
          1
          1
          1
          1
          1
          1
          1
          1
          1
   0.999997
   0.999957
   0.999381
   0.991522
   0.898646
   0.416173
  0.0586633
 0.00646827
 0.00107779
0.000448876
0.000455129
0.000681764
 0.00110923
 0.00177321
 0.00270784
 0.00391218
 0.00531261
 0.00673847
 0.00793071
 0.00861658
 0.00861649
  0.0079308
 0.00673839
 0.00531263
 0.00391209
 0.00270774
 0.00177316
 0.00110904
0.000681813
0.000455209
0.000448972
 0.00107799
 0.00646513
   0.058622
   0.416254
    0.89879
   0.991517
   0.999382
   0.999957
   0.999997
          1
          1
          1
          1
          1
          1
          1
          1
          1
          1
          1
          1
          1
          1
          1
          1
          1
          1
          1
          1
          1
   0.999995
   0.999934
   0.999158
    0.99001
   0.897061
   0.452171
   0.078502
  0.0102033
 0.00172289
  0.0005493
0.000383182
0.000441494
0.000608479
0.000859322
 0.00117705
 0.00153293
 0.00188085
 0.00216277
  0.0023215
 0.00232147
 0.00216284
 0.00188077
 0.00153279
 0.00117692
0.000859412
0.000608451
0.000441642
0.000383215
0.000549547
 0.00172356
  0.0102014
   0.078582
   0.452131
   0.897282
   0.989997
   0.999162
   0.999934
   0.999995
          1
          1
          1
          1
          1
          1
          1
          1
          1
          1
          1
          1
          1
          1
          1
          1
          1
          1
          1
          1
          1
          1
   0.999999
   0.999993
   0.999923
   0.999147
   0.991279
    0.92147
   0.568853
   0.139926
  0.0225049
 0.00401632
 0.00102988
0.000454962
0.000340597
0.000351502
0.000411562
0.000492569
0.000575136
 0.00064226
0.000679835
0.000679935
0.000642198
0.000575191
0.000492492
0.000411663
0.000351486
0.000340774
0.000454882
 0.00103027
 0.00401564
  0.0224958
    0.14005
   0.568839
   0.921728
   0.991264
   0.999149
   0.999923
   0.999993
   0.999999
          1
          1
          1
          1
          1
          1
          1
          1
          1
          1
          1
          1
          1
          1
          1
          1
          1
          1
          1
          1
          1
          1
          1
   0.999999
   0.999993
   0.999932
   0.999352
   0.994349
   0.955625
   0.744012
   0.301923
   0.068089
  0.0142298
  0.0035403
 0.00117487
 0.00055387
0.000363074
0.000300807
0.000283631
0.000282098
0.000283962
0.000283922
 0.00028222
0.000283543
0.000300871
 0.00036295
0.000554068
 0.00117463
 0.00353992
  0.0142243
  0.0680855
    0.30206
   0.743886
   0.955799
   0.994341
   0.999354
   0.999932
   0.999993
   0.999999
          1
          1
          1
          1
          1
          1
          1
          1
          1
          1
          1
          1
          1
          1
          1
          1
          1
          1
          1
          1
          1
          1
          1
          1
          1
   0.999999
   0.999995
   0.999955
   0.999632
   0.997271
   0.981715
   0.897352
   0.612746
   0.245545
  0.0715275
  0.0210645
 0.00719795
 0.00300121
 0.00154905
0.000979919
0.000740599
0.000649271
 0.00064951
0.000740243
0.000980139
 0.00154833
  0.0030007
 0.00719573
  0.0210605
   0.071508
   0.245507
   0.612787
   0.897294
   0.981755
    0.99727
   0.999632
   0.999955
   0.999995
   0.999999
          1
          1
          1
          1
          1
          1
          1
          1
          1
          1
          1
          1
          1
          1
          1
          1
          1
          1
          1
          1
          1
          1
          1
          1
          1
          1
          1
          1
   0.999997
   0.999977
   0.999843
   0.999022
   0.994486
   0.972613
   0.887234
   0.665279
   0.366356
   0.164336
  0.0731633
  0.0364035
  0.0212334
  0.0147671
  0.0123168
  0.0123134
  0.0147761
   0.021224
  0.0364107
  0.0731748
   0.164424
   0.366505
   0.665345
   0.887207
    0.97262
   0.994482
   0.999019
   0.999843
   0.999977
   0.999997
          1
          1
          1
          1
          1
          1
          1
          1
          1
          1
          1
          1
          1
          1
          1
          1
          1
          1
          1
          1
          1
          1
          1
          1
          1
          1
          1
          1
          1
          1
          1
   0.999999
   0.999991
    0.99995
   0.999736
   0.998758
    0.99482
   0.981157
   0.941746
   0.852928
   0.708644
   0.545804
   0.413133
   0.329631
   0.291014
   0.291117
   0.329481
   0.413428
   0.545838
   0.708772
   0.852972
   0.941774
   0.981174
   0.994828
   0.998758
   0.999735
   0.999949
   0.999991
   0.999999
          1
          1
          1
          1
          1
          1
          1
          1
          1
          1
          1
          1
          1
          1
          1
          1
          1
          1
          1
          1
          1
          1
          1
          1
          1
          1
          1
          1
          1
          1
          1
          1
          1
          1
   0.999997
   0.999988
   0.999945
   0.999787
   0.999263
    0.99777
   0.994134
   0.986764
   0.974554
    0.95859
   0.942815
   0.932956
   0.932846
   0.942889
   0.958537
   0.974601
   0.986765
   0.994134
   0.997768
   0.999263
   0.999786
   0.999945
   0.999987
   0.999997
          1
          1
          1
          1
          1
          1
          1
          1
          1
          1
          1
          1
          1
          1
          1
          1
          1
          1
          1
          1
          1
          1
          1
          1
          1
          1
          1
          1
          1
          1
          1
          1
          1
          1
          1
          1
          1
   0.999999
   0.999998
   0.999991
   0.999971
   0.999918
   0.999794
   0.999552
   0.999159
   0.998646
   0.998139
    0.99781
   0.997814
   0.998134
   0.998649
    0.99916
   0.999552
   0.999794
   0.999918
   0.999971
   0.999991
   0.999998
   0.999999
          1
          1
          1
          1
          1
          1
          1
          1
          1
          1
          1
          1
          1
          1
          1
          1
          1
          1
          1
          1
          1
          1
          1
          1
          1
          1
          1
          1
          1
          1
          1
          1
          1
          1
          1
          1
          1
          1
          1
          1
          1
   0.999999
   0.999997
   0.999993
   0.999985
   0.999972
   0.999957
   0.999941
   0.999932
   0.999931
   0.999941
   0.999957
   0.999973
   0.999985
   0.999993
   0.999997
   0.999999
          1
          1
          1
          1
          1
          1
          1
          1
          1
          1
          1
          1
          1
          1
          1
          1
          1
          1
          1
          1
          1
          1
          1
          1
          1
          1
          1
          1
          1
          1
          1
          1
          1
          1
          1
          1
          1
          1
          1
          1
          1
          1
          1
          1
          1
          1
          1
   0.999999
   0.999999
   0.999999
   0.999998
   0.999998
   0.999998
   0.999998
   0.999999
   0.999999
   0.999999
          1
          1
          1
          1
          1
          1
          1
          1
          1
          1
          1
          1
          1
          1
          1
          1
          1
          1
          1
          1
          1
          1
          1
          1
          1
          1
          1
          1
          1
          1
          1
          1
          1
          1
          1
          1
          1
          1
          1
          1
          1
          1
          1
          1
          1
          1
          1
          1
          1
          1
          1
          1
          1
          1
          1
          1
          1
          1
          1
          1
          1
          1
          1
          1
          1
          1
          1
          1
          1
          1
          1
          1
          1
          1
          1
          1
          1
          1
          1
          1
          1
          1
          1
          1
          1
          1
          1
          1
          1
          1
          1
          1
          1
          1
          1
          1
          1
          1
          1
          1
          1
          1
          1
          1
          1
          1
          1
          1
          1
          1
          1
          1
          1
          1
          1
          1
          1
          1
          1
          1
          1
          1
          1
          1
          1
          1
          1
          1
          1
          1
          1
          1
          1
          1
          1
          1
          1
          1
          1
          1
          1
          1
          1
          1
          1
          1
          1
          1
          1
          1
          1
          1
          1
          1
          1
          1
          1
          1
          1
          1
          1
          1
          1
          1
          1
          1
          1
          1
          1
          1
          1
          1
          1
          1
          1
          1
          1
          1
          1
          1
          1
          1
          1
          1
          1
          1
          1
          1
          1
          1
          1
          1
          1
          1
          1
          1
          1
          1
          1
          1
          1
          1
          1
          1
          1
          1
          1
          1
          1
          1
          1
          1
          1
          1
          1
          1
          1
          1
          1
          1
          1
          1
          1
          1
          1
          1
          1
          1
          1
          1
          1
          1
          1
          1
          1
          1
          1
          1
          1
          1
          1
          1
          1
          1
          1
          1
          1
          1
          1
          1
          1
          1
          1
          1
          1
          1
          1
          1
          1
          1
          1
          1
          1
          1
          1
          1
          1
          1
          1
          1
          1
          1
          1
          1
          1
          1
          1
          1
          1
          1
          1
          1
          1
          1
          1
          1
          1
          1
          1
          1
          1
          1
          1
          1
          1
          1
          1
          1
          1
          1
          1
          1
          1
          1
          1
          1
          1
          1
          1
          1
          1
          1
          1
          1
          1
          1
          1
          1
          1
          1
          1
          1
          1
          1
          1
          1
          1
          1
          1
          1
          1
          1
          1
          1
          1
          1
          1
          1
          1
          1
          1
          1
          1
          1
          1
          1
          1
          1
          1
          1
          1
          1
          1
          1
          1
          1
          1
          1
          1
          1
          1
          1
          1
          1
          1
          1
          1
          1
          1
          1
          1
          1
          1
          1
          1
          1
          1
          1
          1
          1
          1
          1
          1
          1
          1
          1
          1
          1
          1
          1
          1
          1
          1
          1
          1
          1
          1
          1
          1
          1
          1
          1
          1
          1
          1
          1
          1
          1
          1
          1
          1
          1
          1
          1
          1
          1
          1
          1
          1
          1
          1
          1
          1
          1
          1
          1
          1
          1
          1
          1
          1
          1
          1
          1
          1
          1
          1
          1
          1
          1
          1
          1
          1
          1
          1
          1
          1
          1
          1
          1
          1
          1
          1
          1
          1
          1
          1
          1
          1
          1
          1
          1
          1
          1
          1
          1
          1
          1
          1
          1
          1
          1
          1
          1
          1
          1
          1
          1
          1
          1
          1
          1
          1
          1
          1
          1
          1
          1
          1
          1
          1
          1
          1
          1
          1
          1
          1
          1
          1
          1
          1
          1
          1
          1
          1
          1
          1
          1
          1
          1
          1
          1
          1
          1
          1
          1
          1
          1
          1
          1
          1
          1
          1
          1
          1
          1
          1
          1
          1
          1
          1
          1
          1
          1
          1
          1
          1
          1
          1
          1
          1
          1
          1
          1
          1
          1
          1
          1
          1
          1
          1
          1
          1
          1
          1
          1
          1
          1
          1
          1
          1
          1
          1
          1
          1
          1
          1
          1
          1
          1
          1
          1
          1
          1
          1
          1
          1
          1
          1
          1
          1
          1
          1
          1
          1
          1
          1
          1
          1
          1
          1
          1
          1
          1
          1
          1
          1
          1
          1
          1
          1
          1
          1
          1
          1
          1
          1
          1
          1
          1
          1
          1
          1
          1
          1
          1
          1
          1
          1
          1
          1
          1
          1
          1
          1
          1
          1
          1
          1
          1
          1
          1
          1
          1
          1
          1
          1
          1
          1
          1
          1
          1
          1
          1
          1
          1
          1
          1
          1
          1
          1
   0.999999
   0.999999
   0.999998
   0.999998
   0.999998
   0.999998
   0.999999
   0.999999
          1
          1
          1
          1
          1
          1
          1
          1
          1
          1
          1
          1
          1
          1
          1
          1
          1
          1
          1
          1
          1
          1
          1
          1
          1
          1
          1
          1
          1
          1
          1
          1
          1
          1
          1
          1
          1
          1
          1
          1
          1
          1
          1
          1
          1
          1
          1
          1
   0.999999
   0.999997
   0.999993
   0.999986
   0.999974
    0.99996
   0.999945
   0.999937
   0.999936
   0.999945
    0.99996
   0.999974
   0.999986
   0.999993
   0.999997
   0.999999
          1
          1
          1
          1
          1
          1
          1
          1
          1
          1
          1
          1
          1
          1
          1
          1
          1
          1
          1
          1
          1
          1
          1
          1
          1
          1
          1
          1
          1
          1
          1
          1
          1
          1
          1
          1
          1
          1
          1
          1
          1
   0.999999
   0.999998
   0.999992
   0.999973
   0.999924
   0.999809
   0.999586
   0.999223
   0.998745
   0.998276
   0.997969
   0.997976
   0.998274
   0.998747
   0.999223
   0.999586
    0.99981
   0.999924
   0.999974
   0.999992
   0.999998
   0.999999
          1
          1
          1
          1
          1
          1
          1
          1
          1
          1
          1
          1
          1
          1
          1
          1
          1
          1
          1
          1
          1
          1
          1
          1
          1
          1
          1
          1
          1
          1
          1
          1
          1
          1
          1
          1
          1
   0.999998
   0.999989
    0.99995
   0.999803
   0.999321
   0.997944
   0.994598
   0.987788
   0.976465
   0.961666
    0.94689
   0.937794
    0.93773
   0.947005
   0.961615
    0.97648
   0.987793
   0.994599
   0.997947
   0.999321
   0.999804
    0.99995
   0.999989
   0.999998
          1
          1
          1
          1
          1
          1
          1
          1
          1
          1
          1
          1
          1
          1
          1
          1
          1
          1
          1
          1
          1
          1
          1
          1
          1
          1
          1
          1
          1
          1
          1
          1
          1
          1
   0.999999
   0.999992
   0.999953
   0.999758
   0.998862
   0.995251
   0.982674
   0.946259
   0.863446
   0.725976
   0.566788
   0.433632
   0.348578
   0.308588
   0.308806
   0.348519
   0.433906
   0.566663
   0.726043
   0.863573
     0.9463
   0.982706
   0.995255
    0.99886
   0.999758
   0.999953
   0.999992
   0.999999
          1
          1
          1
          1
          1
          1
          1
          1
          1
          1
          1
          1
          1
          1
          1
          1
          1
          1
          1
          1
          1
          1
          1
          1
          1
          1
          1
          1
          1
          1
          1
   0.999997
   0.999979
   0.999856
   0.999101
   0.994949
   0.974901
   0.895998
   0.685146
   0.387707
   0.177262
  0.0795458
    0.03971
  0.0232069
  0.0161452
    0.01347
  0.0134663
  0.0161548
  0.0231952
   0.039734
  0.0795556
    0.17718
   0.387911
   0.685102
   0.896087
   0.974894
   0.994938
   0.999102
   0.999856
   0.999979
   0.999997
          1
          1
          1
          1
          1
          1
          1
          1
          1
          1
          1
          1
          1
          1
          1
          1
          1
          1
          1
          1
          1
          1
          1
          1
          1
          1
          1
          1
   0.999999
   0.999995
   0.999959
   0.999665
   0.997504
   0.983279
   0.905381
    0.63486
    0.26373
   0.078155
   0.023141
 0.00792724
 0.00331087
 0.00171109
 0.00108349
0.000819368
0.000718504
0.000718872
0.000819157
 0.00108409
 0.00171072
 0.00331159
 0.00792888
  0.0231494
  0.0782181
    0.26356
   0.634944
   0.905379
   0.983277
   0.997503
   0.999665
   0.999959
   0.999995
   0.999999
          1
          1
          1
          1
          1
          1
          1
          1
          1
          1
          1
          1
          1
          1
          1
          1
          1
          1
          1
          1
          1
          1
          1
          1
          1
   0.999999
   0.999994
   0.999938
   0.999414
   0.994852
   0.959573
   0.761785
   0.322768
   0.074643
  0.0157271
 0.00392558
 0.00130642
0.000617192
0.000404992
0.000335462
0.000316064
0.000314033
0.000315947
0.000315851
0.000314132
 0.00031594
0.000335617
0.000404844
 0.00061745
  0.0013063
 0.00392739
  0.0157312
  0.0746449
   0.322948
   0.761794
   0.959653
   0.994851
   0.999414
   0.999938
   0.999994
   0.999999
          1
          1
          1
          1
          1
          1
          1
          1
          1
          1
          1
          1
          1
          1
          1
          1
          1
          1
          1
          1
          1
          1
          1
          1
   0.999994
   0.999929
   0.999227
   0.992074
   0.928475
   0.593645
    0.15276
  0.0249067
 0.00447047
 0.00115187
0.000510522
 0.00038199
0.000393141
0.000458718
0.000547426
 0.00063755
0.000710796
0.000751659
0.000751749
0.000710667
0.000637621
0.000547279
0.000458747
0.000392991
0.000382157
0.000510273
 0.00115253
 0.00447145
  0.0249214
   0.152937
    0.59326
   0.928629
   0.992063
   0.999226
   0.999929
   0.999994
          1
          1
          1
          1
          1
          1
          1
          1
          1
          1
          1
          1
          1
          1
          1
          1
          1
          1
          1
          1
          1
          1
          1
   0.999995
   0.999939
   0.999235
   0.990894
    0.90598
   0.478028
  0.0865737
  0.0113779
 0.00193171
0.000618652
0.000431979
0.000495776
0.000679974
0.000955634
 0.00130383
 0.00169249
 0.00207186
 0.00237861
 0.00255098
 0.00255093
 0.00237845
 0.00207176
 0.00169236
 0.00130365
0.000955629
0.000679775
0.000495807
0.000431763
0.000618911
 0.00193224
  0.0113881
   0.086744
   0.477859
   0.906194
   0.990905
   0.999235
    0.99994
   0.999995
          1
          1
          1
          1
          1
          1
          1
          1
          1
          1
          1
          1
          1
          1
          1
          1
          1
          1
          1
          1
          1
   0.999997
   0.999961
   0.999435
   0.992262
    0.90721
   0.441776
  0.0648696
 0.00723897
   0.001215
0.000507982
0.000513847
0.000765497
 0.00123855
 0.00196962
   0.002994
 0.00430928
 0.00583522
 0.00738653
 0.00868132
  0.0094262
 0.00942556
 0.00868116
 0.00738568
 0.00583499
 0.00430862
 0.00299395
 0.00196923
 0.00123823
0.000765384
0.000513565
0.000508111
 0.00121477
 0.00724393
    0.06495
   0.441575
   0.907335
   0.992261
   0.999435
   0.999961
   0.999997
          1
          1
          1
          1
          1
          1
          1
          1
          1
          1
          1
          1
          1
          1
          1
          1
          1
          1
          1
   0.999999
   0.999981
   0.999688
   0.995132
   0.931308
     0.4856
   0.065796
 0.00630687
 0.00100471
0.000498483
0.000634917
 0.00111372
 0.00203478
 0.00360204
 0.00607133
 0.00969525
  0.0145752
  0.0204713
  0.0266232
  0.0318345
  0.0348413
   0.034841
  0.0318323
  0.0266214
  0.0204689
  0.0145738
 0.00969345
 0.00607101
 0.00360099
 0.00203446
 0.00111346
0.000634747
0.000498581
 0.00100451
 0.00631375
  0.0658842
   0.485579
     0.9315
   0.995122
   0.999688
   0.999981
   0.999999
          1
          1
          1
          1
          1
          1
          1
          1
          1
          1
          1
          1
          1
          1
          1
          1
          1
          1
   0.999993
   0.999871
   0.997722
   0.962436
   0.608745
  0.0904691
 0.00745655
 0.00101417
0.000502457
0.000718405
 0.00141465
 0.00286912
 0.00561233
  0.0104288
  0.0183192
  0.0301867
  0.0461961
  0.0650053
  0.0837043
  0.0987172
   0.107041
   0.107039
  0.0987112
  0.0837008
  0.0649981
  0.0461902
  0.0301819
  0.0183144
  0.0104274
 0.00561056
 0.00286849
 0.00141437
0.000718132
0.000502519
 0.00101408
 0.00746099
  0.0905794
   0.608818
   0.962532
   0.997721
    0.99987
   0.999993
          1
          1
          1
          1
          1
          1
          1
          1
          1
          1
          1
          1
          1
          1
          1
          1
          1
   0.999998
   0.999959
     0.9992
   0.984977
   0.779012
   0.163773
  0.0121177
 0.00125506
0.000498283
0.000714004
 0.00152796
 0.00340525
 0.00732139
  0.0148981
  0.0284422
  0.0503722
  0.0816738
   0.120062
   0.160098
   0.195505
   0.221405
    0.23496
   0.234955
     0.2214
   0.195491
   0.160089
   0.120047
  0.0816611
  0.0503629
  0.0284352
  0.0148953
 0.00731925
 0.00340455
 0.00152728
0.000713592
0.000498239
 0.00125502
  0.0121187
   0.164047
   0.778882
   0.984979
   0.999203
   0.999959
   0.999998
          1
          1
          1
          1
          1
          1
          1
          1
          1
          1
          1
          1
          1
          1
          1
          1
    0.99999
   0.999788
   0.995563
   0.915705
   0.348741
  0.0274444
 0.00206417
0.000512789
0.000624593
 0.00139389
 0.00337802
 0.00795655
  0.0176928
  0.0365326
  0.0688906
   0.116838
   0.176912
    0.24068
   0.299034
   0.345635
   0.377429
   0.393402
   0.393398
   0.377417
   0.345625
   0.299009
   0.240663
   0.176889
    0.11682
  0.0688783
  0.0365237
  0.0176895
 0.00795426
 0.00337685
 0.00139307
0.000624184
0.000512557
 0.00206456
   0.027444
   0.348904
   0.915662
   0.995565
   0.999789
    0.99999
          1
          1
          1
          1
          1
          1
          1
          1
          1
          1
          1
          1
          1
          1
          1
   0.999998
   0.999957
    0.99902
   0.978175
   0.667381
  0.0843209
 0.00496928
0.000643821
0.000504116
 0.00108248
 0.00280154
 0.00720112
  0.0175527
  0.0394346
  0.0796031
   0.141876
   0.222248
      0.309
   0.389016
   0.453854
    0.50085
   0.530721
   0.545104
     0.5451
   0.530712
   0.500834
   0.453835
   0.388987
   0.308974
   0.222215
   0.141854
  0.0795873
  0.0394251
  0.0175491
 0.00719866
 0.00280042
 0.00108188
0.000503738
0.000643692
 0.00497164
  0.0843066
   0.667316
   0.978274
   0.999018
   0.999957
   0.999998
          1
          1
          1
          1
          1
          1
          1
          1
          1
          1
          1
          1
          1
          1
   0.999993
   0.999834
    0.99596
   0.910022
   0.295773
  0.0181154
 0.00126321
0.000431084
0.000737414
 0.00195841
  0.0054332
  0.0145433
  0.0360069
  0.0791218
   0.150446
    0.24682
   0.353471
   0.451627
   0.529542
    0.58522
   0.621867
   0.643621
    0.65367
   0.653668
   0.643613
   0.621856
   0.585203
   0.529521
   0.451598
   0.353441
   0.246784
   0.150422
  0.0791068
  0.0359986
  0.0145394
 0.00543092
 0.00195746
0.000737123
0.000430888
 0.00126382
  0.0181342
   0.295835
   0.910265
    0.99597
   0.999834
   0.999993
          1
          1
          1
          1
          1
          1
          1
          1
          1
          1
          1
          1
          1
   0.999999
   0.999978
   0.999433
    0.98549
   0.722364
   0.091799
 0.00455224
 0.00053828
0.000479782
 0.00117934
 0.00343756
  0.0100182
  0.0275913
  0.0675886
   0.140439
   0.245826
    0.36805
   0.482233
   0.571246
   0.632733
   0.672083
   0.695674
   0.708565
   0.714152
    0.71415
    0.70856
   0.695664
    0.67207
   0.632715
   0.571223
   0.482204
   0.368019
   0.245792
    0.14042
  0.0675749
   0.027585
  0.0100155
 0.00343595
 0.00117903
0.000479645
0.000538319
 0.00455616
  0.0917788
   0.722859
   0.985509
   0.999434
   0.999978
   0.999999
          1
          1
          1
          1
          1
          1
          1
          1
          1
          1
          1
          1
   0.999998
   0.999938
   0.998311
   0.955369
   0.435316
  0.0278496
 0.00149612
0.000385081
0.000646349
 0.00185986
 0.00574933
  0.0174771
  0.0486609
   0.114324
   0.219479
   0.351246
   0.481199
   0.583855
   0.653206
   0.695633
    0.71935
   0.730998
    0.73562
    0.73691
   0.736908
    0.73562
   0.730993
   0.719343
    0.69562
   0.653186
   0.583831
   0.481171
   0.351213
   0.219447
   0.114307
  0.0486474
  0.0174724
 0.00574751
 0.00185917
0.000646202
0.000384911
 0.00149741
  0.0278629
   0.435736
   0.955515
   0.998307
   0.999938
   0.999998
          1
          1
          1
          1
          1
          1
          1
          1
          1
          1
          1
          1
   0.999995
   0.999847
   0.995608
   0.886519
    0.21024
 0.00963204
0.000686122
0.000382749
0.000898867
 0.00280604
 0.00911278
  0.0286483
  0.0787228
   0.172946
   0.304839
    0.44847
   0.569676
    0.65276
   0.702295
   0.727851
   0.737282
   0.736723
   0.731808
   0.727682
   0.727685
   0.731808
   0.736726
   0.737278
   0.727847
   0.702281
   0.652742
   0.569654
   0.448439
   0.304809
   0.172917
  0.0787074
  0.0286403
 0.00911056
 0.00280534
0.000898583
0.000382648
0.000686521
  0.0096272
   0.210566
   0.886503
   0.995614
   0.999846
   0.999995
          1
          1
          1
          1
          1
          1
          1
          1
          1
          1
          1
          1
   0.999989
   0.999668
   0.990213
   0.768493
   0.097594
  0.0040293
0.000432684
0.000437545
 0.00121681
 0.00401108
  0.0136123
  0.0436793
   0.115691
   0.235283
   0.383814
   0.526034
   0.631146
   0.695202
   0.727851
   0.738124
    0.73225
   0.715986
   0.696882
    0.68399
   0.683992
   0.696885
   0.715992
   0.732255
   0.738123
   0.727845
   0.695187
   0.631131
   0.526011
   0.383781
   0.235258
   0.115667
  0.0436717
  0.0136081
 0.00401007
 0.00121648
0.000437333
0.000432794
 0.00402803
  0.0975883
   0.768717
   0.990171
   0.999669
   0.999989
          1
          1
          1
          1
          1
          1
          1
          1
          1
          1
          1
   0.999999
    0.99998
   0.999385
   0.981283
   0.623688
  0.0496735
 0.00206846
0.000346327
0.000515555
  0.0015703
 0.00539868
  0.0190125
  0.0613593
   0.154388
   0.292506
   0.448118
   0.581809
   0.670754
   0.719156
   0.737502
   0.732466
   0.707818
   0.668828
   0.626968
   0.599299
   0.599301
   0.626973
   0.668832
   0.707829
   0.732471
     0.7375
   0.719146
    0.67074
   0.581791
   0.448094
   0.292469
   0.154369
  0.0613431
  0.0190091
 0.00539694
 0.00156985
0.000515401
0.000346314
 0.00206822
  0.0496772
   0.623812
   0.981265
   0.999383
    0.99998
   0.999999
          1
          1
          1
          1
          1
          1
          1
          1
          1
          1
   0.999999
   0.999969
   0.999015
   0.969619
   0.494503
  0.0293092
 0.00129596
0.000318087
0.000596215
 0.00191356
 0.00679863
  0.0246304
  0.0789735
   0.188769
   0.338349
   0.494984
   0.618744
   0.694679
   0.731108
   0.737234
   0.716485
    0.66909
   0.599574
   0.526118
   0.478331
   0.478337
   0.526129
   0.599584
   0.669099
   0.716493
   0.737235
   0.731099
   0.694668
   0.618727
   0.494957
   0.338324
   0.188736
  0.0789641
  0.0246229
 0.00679742
 0.00191314
0.000596079
0.000318172
 0.00129621
  0.0293233
   0.494731
   0.969603
   0.999015
   0.999969
   0.999999
          1
          1
          1
          1
          1
          1
          1
          1
          1
          1
   0.999999
   0.999958
   0.998652
   0.958099
   0.407117
  0.0205119
0.000969527
0.000311548
0.000661874
 0.00219005
 0.00796339
  0.0293732
  0.0931809
   0.213988
   0.369733
   0.524912
   0.640783
   0.707857
   0.735988
   0.732572
   0.697608
   0.627399
   0.526236
   0.422049
   0.357207
   0.357208
    0.42206
    0.52625
   0.627411
   0.697618
   0.732573
   0.735982
   0.707843
   0.640772
   0.524891
   0.369699
   0.213968
   0.093157
  0.0293695
 0.00796098
 0.00218958
0.000661664
0.000311556
0.000969491
  0.0205233
   0.407253
   0.958149
   0.998654
   0.999958
   0.999999
          1
          1
          1
          1
          1
          1
          1
          1
          1
          1
   0.999998
   0.999951
   0.998421
   0.950807
   0.364878
  0.0171345
0.000845371
0.000311121
0.000698797
 0.00234537
 0.00862907
  0.0321157
   0.101065
   0.227233
    0.38553
   0.539372
   0.651004
   0.713601
   0.737427
   0.728586
   0.684839
   0.599794
   0.478438
   0.357164
   0.285176
   0.285182
   0.357179
   0.478454
   0.599806
   0.684849
   0.728589
   0.737418
   0.713591
   0.650989
    0.53935
   0.385506
   0.227195
   0.101051
  0.0321055
 0.00862814
 0.00234451
 0.00069853
0.000311177
0.000845674
  0.0171502
   0.365344
   0.950898
   0.998426
   0.999951
   0.999998
          1
          1
          1
          1
          1
          1
          1
          1
          1
          1
   0.999998
   0.999951
   0.998423
   0.950851
   0.365029
  0.0171273
0.000845386
 0.00031115
0.000698699
 0.00234508
 0.00862952
  0.0321106
   0.101069
   0.227219
   0.385533
   0.539368
      0.651
   0.713604
   0.737423
   0.728587
   0.684841
     0.5998
   0.478439
   0.357173
    0.28519
   0.285192
   0.357184
   0.478457
   0.599813
   0.684852
   0.728587
   0.737419
   0.713589
   0.650989
   0.539348
   0.385501
   0.227196
   0.101048
  0.0321078
 0.00862726
 0.00234473
0.000698461
0.000311194
0.000845562
  0.0171537
   0.365312
   0.950845
   0.998422
   0.999951
   0.999998
          1
          1
          1
          1
          1
          1
          1
          1
          1
          1
   0.999999
   0.999958
   0.998653
   0.958155
   0.407086
    0.02052
0.000969587
 0.00031144
0.000661892
 0.00218994
 0.00796216
  0.0293751
  0.0931677
   0.213988
   0.369717
   0.524905
   0.640779
    0.70785
   0.735993
   0.732575
   0.697615
   0.627408
   0.526256
   0.422065
   0.357226
   0.357226
    0.42208
   0.526268
    0.62742
   0.697621
   0.732576
   0.735982
   0.707841
   0.640764
    0.52488
   0.369693
   0.213955
  0.0931571
  0.0293664
 0.00796129
 0.00218929
0.000661718
0.000311509
0.000969937
  0.0205248
   0.407298
   0.958073
   0.998653
   0.999958
   0.999999
          1
          1
          1
          1
          1
          1
          1
          1
          1
          1
   0.999999
   0.999969
   0.999016
   0.969627
   0.494739
  0.0293092
 0.00129611
0.000318227
 0.00059602
 0.00191362
 0.00679815
   0.024626
  0.0789749
   0.188748
   0.338339
   0.494965
   0.618731
   0.694674
   0.731103
   0.737239
   0.716493
   0.669102
   0.599592
   0.526155
   0.478366
    0.47837
   0.526157
   0.599602
   0.669108
   0.716497
   0.737234
   0.731093
   0.694659
   0.618715
   0.494943
   0.338303
   0.188726
  0.0789526
  0.0246222
 0.00679614
 0.00191298
 0.00059598
0.000318143
 0.00129595
  0.0293449
    0.49459
   0.969633
   0.999015
   0.999969
   0.999999
          1
          1
          1
          1
          1
          1
          1
          1
          1
          1
   0.999999
    0.99998
   0.999383
   0.981313
   0.623804
  0.0496682
 0.00206958
0.000346147
0.000515709
 0.00157012
  0.0053978
  0.0190128
  0.0613472
   0.154382
   0.292477
   0.448095
    0.58179
    0.67074
   0.719153
     0.7375
   0.732473
   0.707832
   0.668843
   0.626989
   0.599326
   0.599329
   0.626992
   0.668851
   0.707835
   0.732473
   0.737496
    0.71914
    0.67073
   0.581772
   0.448066
    0.29245
   0.154347
  0.0613371
  0.0190051
 0.00539632
 0.00156949
0.000515389
0.000346248
 0.00206924
  0.0496903
   0.623899
   0.981248
   0.999386
    0.99998
   0.999999
          1
          1
          1
          1
          1
          1
          1
          1
          1
          1
          1
   0.999989
    0.99967
   0.990197
   0.768768
  0.0975845
 0.00402812
0.000432903
0.000437277
 0.00121696
 0.00401041
  0.0136093
  0.0436763
   0.115668
   0.235261
   0.383779
   0.526005
   0.631126
   0.695186
   0.727848
   0.738121
   0.732258
      0.716
   0.696899
   0.684009
    0.68401
   0.696902
   0.716002
   0.732258
   0.738123
   0.727839
   0.695175
   0.631111
   0.525981
   0.383753
    0.23523
   0.115651
  0.0436612
  0.0136058
 0.00400867
  0.0012162
0.000437306
0.000432735
 0.00402956
  0.0976739
   0.768514
   0.990207
   0.999668
   0.999989
          1
          1
          1
          1
          1
          1
          1
          1
          1
          1
          1
          1
   0.999995
   0.999846
   0.995621
   0.886568
   0.210359
 0.00963262
0.000685981
0.000382757
 0.00089868
 0.00280583
 0.00911113
  0.0286422
  0.0787097
    0.17291
   0.304801
   0.448428
   0.569643
   0.652735
   0.702276
   0.727845
   0.737275
   0.736729
   0.731814
   0.727695
   0.727694
   0.731817
   0.736728
   0.737277
   0.727838
   0.702267
   0.652721
   0.569623
   0.448402
   0.304774
   0.172893
  0.0786892
  0.0286356
 0.00910772
 0.00280464
0.000898337
0.000382656
0.000686244
 0.00963693
   0.210457
   0.886603
   0.995606
   0.999847
   0.999995
          1
          1
          1
          1
          1
          1
          1
          1
          1
          1
          1
          1
   0.999998
   0.999938
   0.998309
   0.955505
   0.435253
  0.0278475
 0.00149731
0.000384785
0.000646357
 0.00185932
 0.00574824
  0.0174731
  0.0486464
   0.114302
   0.219432
   0.351198
    0.48115
   0.583814
   0.653174
   0.695608
   0.719336
   0.730987
   0.735617
   0.736907
   0.736908
   0.735615
   0.730987
   0.719332
   0.695603
   0.653163
   0.583797
   0.481127
   0.351169
   0.219418
   0.114281
  0.0486387
  0.0174671
  0.0057465
 0.00185853
0.000646041
 0.00038495
 0.00149708
  0.0278588
   0.435969
   0.955374
   0.998314
   0.999938
   0.999998
          1
          1
          1
          1
          1
          1
          1
          1
          1
          1
          1
          1
   0.999999
   0.999978
   0.999434
   0.985506
   0.722443
  0.0918044
 0.00455193
0.000538326
0.000479565
 0.00117943
 0.00343619
  0.0100162
  0.0275841
   0.067568
   0.140405
   0.245768
    0.36799
   0.482174
   0.571194
   0.632693
   0.672049
   0.695649
   0.708545
   0.714136
   0.714136
   0.708544
   0.695645
   0.672045
   0.632683
   0.571181
   0.482155
   0.367963
   0.245753
   0.140389
  0.0675581
  0.0275761
  0.0100131
 0.00343473
 0.00117866
0.000479636
 0.00053844
 0.00455443
  0.0919577
   0.722772
   0.985504
   0.999433
   0.999978
   0.999999
          1
          1
          1
          1
          1
          1
          1
          1
          1
          1
          1
          1
          1
   0.999993
   0.999834
   0.995966
   0.910237
   0.295455
  0.0181438
 0.00126274
0.000430916
0.000737154
 0.00195806
 0.00543077
  0.0145398
  0.0359941
  0.0790941
     0.1504
   0.246753
   0.353402
   0.451555
   0.529477
   0.585167
   0.621819
   0.643581
   0.653634
   0.653633
   0.643579
   0.621816
   0.585159
   0.529469
   0.451543
   0.353381
   0.246739
   0.150386
  0.0790855
  0.0359875
  0.0145359
 0.00542866
 0.00195708
0.000736966
0.000430974
 0.00126392
  0.0181346
    0.29588
   0.910179
   0.995963
   0.999834
   0.999993
          1
          1
          1
          1
          1
          1
          1
          1
          1
          1
          1
          1
          1
          1
   0.999998
   0.999957
    0.99902
   0.978245
   0.667481
  0.0842264
 0.00497298
0.000643635
0.000504006
   0.001082
 0.00280069
 0.00719772
  0.0175464
  0.0394165
  0.0795736
   0.141827
   0.222179
   0.308926
   0.388933
   0.453777
    0.50078
   0.530655
   0.545043
   0.545041
   0.530653
   0.500772
   0.453771
   0.388923
   0.308909
   0.222165
   0.141812
  0.0795648
  0.0394119
  0.0175435
 0.00719547
 0.00279956
 0.00108158
  0.0005038
0.000644143
 0.00497406
  0.0843382
   0.667781
   0.978195
    0.99902
   0.999957
   0.999998
          1
          1
          1
          1
          1
          1
          1
          1
          1
          1
          1
          1
          1
          1
          1
    0.99999
   0.999788
    0.99557
   0.915662
   0.349027
  0.0274462
 0.00206503
0.000512553
0.000624389
  0.0013928
 0.00337691
 0.00795245
  0.0176847
  0.0365136
  0.0688621
   0.116788
   0.176847
   0.240608
   0.298951
   0.345556
   0.377349
   0.393325
   0.393324
   0.377345
   0.345551
   0.298944
   0.240598
   0.176843
    0.11678
  0.0688564
  0.0365103
  0.0176821
 0.00795038
  0.0033754
 0.00139253
0.000624152
0.000512714
 0.00206542
   0.027464
   0.349077
   0.915605
   0.995559
   0.999789
    0.99999
          1
          1
          1
          1
          1
          1
          1
          1
          1
          1
          1
          1
          1
          1
          1
          1
   0.999998
   0.999959
   0.999204
   0.985002
   0.778775
   0.164053
  0.0121148
 0.00125541
0.000498084
0.000713756
 0.00152679
 0.00340387
 0.00731712
  0.0148909
  0.0284255
  0.0503481
  0.0816336
    0.12001
   0.160034
   0.195432
    0.22133
   0.234885
   0.234884
   0.221329
   0.195428
   0.160031
   0.120006
  0.0816273
  0.0503438
  0.0284216
  0.0148878
 0.00731533
 0.00340276
 0.00152654
0.000713443
0.000498045
 0.00125584
  0.0121273
   0.164024
   0.779132
    0.98498
   0.999201
   0.999959
   0.999998
          1
          1
          1
          1
          1
          1
          1
          1
          1
          1
          1
          1
          1
          1
          1
          1
          1
   0.999993
    0.99987
   0.997719
   0.962486
   0.608452
  0.0906073
 0.00745577
 0.00101452
0.000502295
0.000718122
 0.00141363
 0.00286773
 0.00560845
   0.010424
  0.0183078
  0.0301708
  0.0461696
  0.0649713
  0.0836624
  0.0986696
   0.106991
   0.106991
  0.0986672
  0.0836605
  0.0649681
  0.0461664
  0.0301685
  0.0183051
   0.010422
 0.00560764
 0.00286731
 0.00141364
0.000717898
0.000502203
 0.00101499
 0.00746408
  0.0906231
   0.609208
   0.962504
    0.99772
    0.99987
   0.999993
          1
          1
          1
          1
          1
          1
          1
          1
          1
          1
          1
          1
          1
          1
          1
          1
          1
          1
   0.999999
   0.999981
   0.999689
   0.995119
   0.931494
   0.485474
  0.0659572
 0.00630951
 0.00100496
0.000498309
0.000634587
 0.00111292
 0.00203391
 0.00359931
 0.00606829
 0.00968881
  0.0145672
  0.0204581
  0.0266078
  0.0318149
  0.0348223
   0.034822
  0.0318145
   0.026607
  0.0204578
  0.0145662
 0.00968808
 0.00606779
 0.00359896
 0.00203335
 0.00111284
0.000634469
0.000498273
  0.0010055
 0.00631055
  0.0659313
   0.485783
   0.931541
   0.995135
   0.999688
   0.999981
   0.999999
          1
          1
          1
          1
          1
          1
          1
          1
          1
          1
          1
          1
          1
          1
          1
          1
          1
          1
          1
   0.999997
   0.999961
   0.999436
    0.99226
   0.907438
   0.441569
  0.0650257
 0.00723676
 0.00121521
0.000507961
0.000513561
0.000764994
 0.00123781
 0.00196827
 0.00299248
 0.00430635
 0.00583195
 0.00738124
 0.00867612
 0.00942007
 0.00941996
 0.00867598
 0.00738114
 0.00583145
 0.00430613
 0.00299212
 0.00196806
 0.00123758
0.000764864
 0.00051352
0.000507988
  0.0012167
 0.00724147
  0.0650213
   0.441733
   0.907528
   0.992275
   0.999434
   0.999961
   0.999997
          1
          1
          1
          1
          1
          1
          1
          1
          1
          1
          1
          1
          1
          1
          1
          1
          1
          1
          1
          1
          1
   0.999995
    0.99994
   0.999235
   0.990899
   0.906333
   0.477703
  0.0868229
  0.0113729
 0.00193296
0.000618631
0.000431713
0.000495558
0.000679508
0.000955068
 0.00130308
 0.00169129
 0.00207058
   0.002377
 0.00254941
 0.00254955
 0.00237687
  0.0020705
 0.00169124
 0.00130294
0.000954909
0.000679524
 0.00049545
0.000431729
0.000618717
 0.00193408
  0.0113811
  0.0867779
   0.477909
    0.90632
   0.990909
   0.999235
    0.99994
   0.999995
          1
          1
          1
          1
          1
          1
          1
          1
          1
          1
          1
          1
          1
          1
          1
          1
          1
          1
          1
          1
          1
          1
          1
   0.999994
   0.999929
   0.999228
   0.992063
   0.928691
   0.592874
   0.153041
  0.0248956
 0.00447313
 0.00115214
0.000510257
0.000381923
0.000392849
0.000458434
0.000546998
0.000637067
0.000710197
0.000751266
0.000751099
0.000710313
0.000637029
0.000547007
0.000458391
0.000392933
0.000381872
0.000510516
 0.00115199
 0.00447453
  0.0249029
   0.153089
   0.593466
     0.9287
    0.99208
   0.999227
   0.999929
   0.999994
   0.999999
          1
          1
          1
          1
          1
          1
          1
          1
          1
          1
          1
          1
          1
          1
          1
          1
          1
          1
          1
          1
          1
          1
          1
   0.999999
   0.999994
   0.999938
   0.999415
   0.994842
   0.959634
    0.76154
   0.323196
  0.0746107
  0.0157372
 0.00392873
 0.00130691
0.000617365
0.000404886
0.000335444
0.000315873
0.000313964
0.000315692
0.000315825
0.000313879
0.000315939
0.000335366
0.000404976
0.000617255
 0.00130735
 0.00392673
  0.0157426
  0.0746103
   0.323129
   0.761812
   0.959662
   0.994848
   0.999413
   0.999938
   0.999994
   0.999999
          1
          1
          1
          1
          1
          1
          1
          1
          1
          1
          1
          1
          1
          1
          1
          1
          1
          1
          1
          1
          1
          1
          1
          1
          1
   0.999999
   0.999995
   0.999959
   0.999665
   0.997501
   0.983281
   0.905317
   0.635155
   0.263535
    0.07822
  0.0231523
 0.00793319
 0.00331304
 0.00171169
 0.00108422
0.000819544
0.000719239
0.000718692
0.000819983
 0.00108398
 0.00171177
  0.0033116
 0.00793339
  0.0231492
  0.0782671
   0.263601
   0.635084
   0.905365
   0.983296
   0.997503
   0.999665
   0.999959
   0.999995
   0.999999
          1
          1
          1
          1
          1
          1
          1
          1
          1
          1
          1
          1
          1
          1
          1
          1
          1
          1
          1
          1
          1
          1
          1
          1
          1
          1
          1
          1
   0.999997
   0.999979
   0.999856
   0.999103
   0.994947
   0.974897
   0.896104
   0.685176
   0.387904
   0.177189
  0.0795571
  0.0397379
  0.0232078
  0.0161595
  0.0134685
  0.0134826
  0.0161537
  0.0232225
  0.0397208
  0.0796084
   0.177331
   0.388201
   0.685337
   0.896217
   0.974907
   0.994947
   0.999101
   0.999856
   0.999979
   0.999997
          1
          1
          1
          1
          1
          1
          1
          1
          1
          1
          1
          1
          1
          1
          1
          1
          1
          1
          1
          1
          1
          1
          1
          1
          1
          1
          1
          1
          1
          1
          1
   0.999999
   0.999992
   0.999953
   0.999758
   0.998863
   0.995262
   0.982723
   0.946355
   0.863646
   0.726254
   0.566909
   0.434203
   0.348754
   0.309059
   0.308774
   0.348964
   0.433936
   0.567022
   0.726142
   0.863641
   0.946314
   0.982713
   0.995251
   0.998862
   0.999758
   0.999953
   0.999992
   0.999999
          1
          1
          1
          1
          1
          1
          1
          1
          1
          1
          1
          1
          1
          1
          1
          1
          1
          1
          1
          1
          1
          1
          1
          1
          1
          1
          1
          1
          1
          1
          1
          1
          1
          1
   0.999998
   0.999988
    0.99995
   0.999803
   0.999322
   0.997944
   0.994593
    0.98778
   0.976489
   0.961621
   0.946998
   0.937694
   0.937803
    0.94692
   0.961665
   0.976463
   0.987791
   0.994596
   0.997945
   0.999321
   0.999804
    0.99995
   0.999989
   0.999998
          1
          1
          1
          1
          1
          1
          1
          1
          1
          1
          1
          1
          1
          1
          1
          1
          1
          1
          1
          1
          1
          1
          1
          1
          1
          1
          1
          1
          1
          1
          1
          1
          1
          1
          1
          1
          1
   0.999999
   0.999998
   0.999992
   0.999974
   0.999924
    0.99981
   0.999586
   0.999223
   0.998749
   0.998275
   0.997976
   0.997973
   0.998276
   0.998747
   0.999224
   0.999586
    0.99981
   0.999924
   0.999973
   0.999992
   0.999998
   0.999999
          1
          1
          1
          1
          1
          1
          1
          1
          1
          1
          1
          1
          1
          1
          1
          1
          1
          1
          1
          1
          1
          1
          1
          1
          1
          1
          1
          1
          1
          1
          1
          1
          1
          1
          1
          1
          1
          1
          1
          1
          1
   0.999999
   0.999997
   0.999993
   0.999986
   0.999974
    0.99996
   0.999946
   0.999936
   0.999936
   0.999945
    0.99996
   0.999974
   0.999986
   0.999993
   0.999997
   0.999999
          1
          1
          1
          1
          1
          1
          1
          1
          1
          1
          1
          1
          1
          1
          1
          1
          1
          1
          1
          1
          1
          1
          1
          1
          1
          1
          1
          1
          1
          1
          1
          1
          1
          1
          1
          1
          1
          1
          1
          1
          1
          1
          1
          1
          1
          1
          1
          1
   0.999999
   0.999999
   0.999998
   0.999998
   0.999998
   0.999998
   0.999999
   0.999999
          1
          1
          1
          1
          1
          1
          1
          1
          1
          1
          1
          1
          1
          1
          1
          1
          1
          1
          1
          1
          1
          1
          1
          1
          1
          1
          1
          1
          1
          1
          1
          1
          1
          1
          1
          1
          1
          1
          1
          1
          1
          1
          1
          1
          1
          1
          1
          1
          1
          1
          1
          1
          1
          1
          1
          1
          1
          1
          1
          1
          1
          1
          1
          1
          1
          1
          1
          1
          1
          1
          1
          1
          1
          1
          1
          1
          1
          1
          1
          1
          1
          1
          1
          1
          1
          1
          1
          1
          1
          1
          1
          1
          1
          1
          1
          1
          1
          1
          1
          1
          1
          1
          1
          1
          1
          1
          1
          1
          1
          1
          1
          1
          1
          1
          1
          1
          1
          1
          1
          1
          1
          1
          1
          1
          1
          1
          1
          1
          1
          1
          1
          1
          1
          1
          1
          1
          1
          1
          1
          1
          1
          1
          1
          1
          1
          1
          1
          1
          1
          1
          1
          1
          1
          1
          1
          1
          1
          1
          1
          1
          1
          1
          1
          1
          1
          1
          1
          1
          1
          1
          1
          1
          1
          1
          1
          1
          1
          1
          1
          1
          1
          1
          1
          1
          1
          1
          1
          1
          1
          1
          1
          1
          1
          1
          1
          1
          1
          1
          1
          1
          1
          1
          1
          1
          1
          1
          1
          1
          1
          1
          1
          1
          1
          1
          1
          1
          1
          1
          1
          1
          1
          1
          1
          1
          1
          1
          1
          1
          1
          1
          1
          1
          1
          1
          1
          1
          1
          1
          1
          1
          1
          1
          1
          1
          1
          1
          1
          1
          1
          1
          1
          1
          1
          1
          1
          1
          1
          1
          1
          1
          1
          1
          1
          1
          1
          1
          1
          1
          1
          1
          1
          1
          1
          1
          1
          1
          1
          1
          1
          1
          1
          1
          1
          1
          1
          1
          1
          1
          1
          1
          1
          1
          1
          1
          1
          1
          1
          1
          1
          1
          1
          1
          1
          1
          1
          1
          1
          1
          1
          1
          1
          1
          1
          1
          1
          1
          1
          1
          1
          1
          1
          1
          1
          1
          1
          1
          1
          1
          1
          1
          1
          1
          1
          1
          1
          1
          1
          1
          1
          1
          1
          1
          1
          1
          1
          1
          1
          1
          1
          1
          1
          1
          1
          1
          1
          1
          1
          1
          1
          1
          1
          1
          1
          1
          1
          1
          1
          1
          1
          1
          1
          1
          1
          1
          1
          1
          1
          1
          1
          1
          1
          1
          1
          1
          1
          1
          1
          1
          1
          1
          1
          1
          1
          1
          1
          1
          1
          1
          1
          1
          1
          1
          1
          1
          1
          1
          1
          1
          1
          1
          1
          1
          1
          1
          1
          1
          1
          1
          1
          1
          1
          1
          1
          1
          1
          1
          1
          1
          1
          1
          1
          1
          1
          1
          1
          1
          1
          1
          1
          1
          1
          1
          1
          1
          1
          1
          1
          1
          1
          1
          1
          1
          1
          1
          1
          1
          1
          1
          1
          1
          1
          1
          1
          1
          1
          1
          1
          1
          1
          1
          1
          1
          1
          1
          1
          1
          1
          1
          1
          1
          1
          1
          1
          1
          1
          1
          1
          1
          1
          1
          1
          1
          1
          1
          1
          1
          1
          1
          1
          1
          1
          1
          1
          1
          1
          1
          1
          1
          1
          1
          1
          1
          1
          1
          1
          1
          1
          1
          1
          1
          1
          1
          1
          1
          1
          1
          1
          1
          1
          1
          1
          1
          1
          1
          1
          1
          1
          1
          1
          1
          1
          1
          1
          1
          1
          1
          1
          1
          1
          1
          1
          1
          1
          1
          1
          1
          1
          1
          1
          1
          1
          1
          1
          1
          1
          1
          1
          1
          1
          1
          1
          1
          1
          1
          1
          1
          1
          1
          1
          1
          1
          1
          1
          1
          1
          1
          1
          1
          1
          1
          1
          1
          1
          1
          1
          1
          1
          1
          1
          1
          1
          1
          1
          1
          1
          1
          1
          1
          1
          1
          1
          1
          1
          1
          1
          1
          1
          1
          1
          1
          1
          1
          1
          1
          1
          1
          1
          1
          1
          1
          1
          1
          1
          1
          1
          1
          1
          1
          1
          1
          1
          1
          1
          1
          1
          1
          1
          1
          1
          1
          1
          1
   0.999999
   0.999999
   0.999998
   0.999998
   0.999998
   0.999998
   0.999999
   0.999999
          1
          1
          1
          1
          1
          1
          1
          1
          1
          1
          1
          1
          1
          1
          1
          1
          1
          1
          1
          1
          1
          1
          1
          1
          1
          1
          1
          1
          1
          1
          1
          1
          1
          1
          1
          1
          1
          1
          1
          1
          1
          1
          1
          1
          1
          1
          1
          1
   0.999999
   0.999998
   0.999994
   0.999988
   0.999978
   0.999965
   0.999953
   0.999945
   0.999945
   0.999953
   0.999965
   0.999978
   0.999988
   0.999994
   0.999998
   0.999999
          1
          1
          1
          1
          1
          1
          1
          1
          1
          1
          1
          1
          1
          1
          1
          1
          1
          1
          1
          1
          1
          1
          1
          1
          1
          1
          1
          1
          1
          1
          1
          1
          1
          1
          1
          1
          1
          1
          1
          1
          1
          1
   0.999998
   0.999993
   0.999977
   0.999935
   0.999837
   0.999644
   0.999331
   0.998924
   0.998514
   0.998262
   0.998258
   0.998517
   0.998924
   0.999331
   0.999645
   0.999837
   0.999935
   0.999977
   0.999993
   0.999998
          1
          1
          1
          1
          1
          1
          1
          1
          1
          1
          1
          1
          1
          1
          1
          1
          1
          1
          1
          1
          1
          1
          1
          1
          1
          1
          1
          1
          1
          1
          1
          1
          1
          1
          1
          1
          1
          1
   0.999998
    0.99999
   0.999957
   0.999833
   0.999422
   0.998251
   0.995393
    0.98956
   0.979895
   0.967057
   0.954496
   0.946383
   0.946517
   0.954432
   0.967118
   0.979886
   0.989574
   0.995399
   0.998252
   0.999423
   0.999833
   0.999957
    0.99999
   0.999998
          1
          1
          1
          1
          1
          1
          1
          1
          1
          1
          1
          1
          1
          1
          1
          1
          1
          1
          1
          1
          1
          1
          1
          1
          1
          1
          1
          1
          1
          1
          1
          1
          1
          1
   0.999999
   0.999993
   0.999961
   0.999794
   0.999037
   0.995994
   0.985358
   0.954316
   0.882343
   0.758596
   0.607741
   0.476277
   0.387889
   0.346493
   0.346138
   0.388219
   0.475969
   0.608122
   0.758616
   0.882417
   0.954392
   0.985382
   0.995994
   0.999036
   0.999794
   0.999961
   0.999993
   0.999999
          1
          1
          1
          1
          1
          1
          1
          1
          1
          1
          1
          1
          1
          1
          1
          1
          1
          1
          1
          1
          1
          1
          1
          1
          1
          1
          1
          1
          1
          1
          1
   0.999998
   0.999982
   0.999879
   0.999245
   0.995746
   0.978897
    0.91153
   0.722725
   0.431725
   0.205185
  0.0938676
  0.0472747
  0.0277027
  0.0193442
  0.0161214
  0.0161334
  0.0193293
    0.02774
   0.047268
  0.0939867
   0.205459
   0.431821
   0.723132
   0.911616
   0.978902
   0.995758
   0.999244
   0.999879
   0.999982
   0.999998
          1
          1
          1
          1
          1
          1
          1
          1
          1
          1
          1
          1
          1
          1
          1
          1
          1
          1
          1
          1
          1
          1
          1
          1
          1
          1
          1
          1
          1
   0.999996
   0.999965
    0.99972
    0.99792
   0.986033
   0.920188
   0.677427
   0.302369
   0.093258
  0.0279619
 0.00962461
 0.00402562
  0.0020822
  0.0013206
 0.00099766
 0.00087589
0.000875209
0.000998378
 0.00131966
 0.00208415
 0.00402686
 0.00962982
  0.0279903
  0.0932693
   0.302461
    0.67773
   0.920311
   0.986081
   0.997917
    0.99972
   0.999965
   0.999996
          1
          1
          1
          1
          1
          1
          1
          1
          1
          1
          1
          1
          1
          1
          1
          1
          1
          1
          1
          1
          1
          1
          1
          1
          1
          1
          1
   0.999995
   0.999948
   0.999511
   0.995725
   0.966386
   0.795164
   0.367738
  0.0897489
  0.0192203
 0.00482614
 0.00160962
0.000760278
0.000497145
0.000410283
 0.00038474
0.000381434
0.000382807
0.000382954
0.000381239
0.000384978
0.000410092
0.000497479
 0.00076035
 0.00161075
 0.00482849
  0.0192388
  0.0897971
   0.368145
   0.795418
   0.966444
   0.995729
    0.99951
   0.999948
   0.999995
          1
          1
          1
          1
          1
          1
          1
          1
          1
          1
          1
          1
          1
          1
          1
          1
          1
          1
          1
          1
          1
          1
          1
          1
          1
   0.999995
   0.999941
   0.999355
   0.993427
   0.940543
   0.640872
   0.181651
   0.030575
 0.00554154
 0.00143386
0.000634064
0.000471744
0.000480867
0.000556657
0.000659426
0.000764507
0.000849158
0.000896868
0.000896597
0.000849334
0.000764203
0.000659665
0.000556493
0.000481039
0.000471529
0.000634465
 0.00143335
 0.00555063
     0.0306
   0.181741
   0.640883
    0.94053
   0.993449
   0.999356
   0.999941
   0.999995
          1
          1
          1
          1
          1
          1
          1
          1
          1
          1
          1
          1
          1
          1
          1
          1
          1
          1
          1
          1
          1
          1
          1
   0.999996
   0.999949
   0.999362
   0.992459
   0.921646
   0.529007
   0.105088
  0.0141186
 0.00241954
0.000775883
 0.00053743
0.000610386
0.000827611
 0.00115274
 0.00155993
 0.00201273
 0.00245212
  0.0028065
 0.00300539
 0.00300548
 0.00280612
 0.00245213
 0.00201226
 0.00156011
 0.00115242
0.000827722
0.000610041
0.000537592
0.000775741
 0.00242342
  0.0141335
   0.105194
    0.52935
   0.921708
    0.99249
   0.999363
   0.999949
   0.999996
          1
          1
          1
          1
          1
          1
          1
          1
          1
          1
          1
          1
          1
          1
          1
          1
          1
          1
          1
          1
          1
   0.999998
   0.999967
   0.999528
   0.993586
   0.922653
   0.492835
  0.0793154
 0.00903405
 0.00153129
0.000639446
0.000639298
0.000940631
 0.00150393
 0.00236833
 0.00356858
 0.00509945
 0.00686585
 0.00865426
  0.0101457
  0.0110012
  0.0110009
  0.0101449
 0.00865338
 0.00686508
 0.00509865
 0.00356815
 0.00236748
 0.00150376
0.000940197
0.000639496
0.000639177
 0.00153257
 0.00904118
  0.0794601
   0.492919
   0.922779
     0.9936
   0.999528
   0.999967
   0.999998
          1
          1
          1
          1
          1
          1
          1
          1
          1
          1
          1
          1
          1
          1
          1
          1
          1
          1
          1
   0.999999
   0.999984
   0.999739
   0.995946
   0.942868
   0.536658
  0.0804308
 0.00788833
 0.00126977
0.000627974
0.000789889
 0.00136806
 0.00246957
 0.00432495
  0.0072219
  0.0114374
  0.0170834
  0.0238723
  0.0309401
  0.0369119
  0.0403596
  0.0403585
  0.0369101
   0.030936
  0.0238695
  0.0170803
  0.0114354
 0.00722001
 0.00432349
 0.00246952
 0.00136773
0.000790059
0.000627686
 0.00127005
 0.00790107
  0.0805637
   0.536582
   0.942845
   0.995949
   0.999738
   0.999984
   0.999999
          1
          1
          1
          1
          1
          1
          1
          1
          1
          1
          1
          1
          1
          1
          1
          1
          1
          1
   0.999994
   0.999891
   0.998092
   0.968714
   0.654895
   0.109572
 0.00930766
 0.00128193
0.000632919
0.000893529
  0.0017381
  0.0034827
 0.00673468
  0.0123864
  0.0215485
  0.0352261
  0.0535349
  0.0749109
  0.0960208
   0.112883
   0.122193
   0.122191
   0.112877
  0.0960149
  0.0749001
  0.0535267
  0.0352167
  0.0215431
  0.0123821
 0.00673267
 0.00348245
 0.00173743
0.000893749
0.000632818
 0.00128201
 0.00931678
   0.109699
   0.655051
   0.968727
   0.998098
   0.999891
   0.999994
          1
          1
          1
          1
          1
          1
          1
          1
          1
          1
          1
          1
          1
          1
          1
          1
          1
   0.999998
   0.999965
   0.999328
   0.987444
    0.81004
   0.193862
  0.0150247
 0.00158102
 0.00062744
0.000887873
 0.00187693
 0.00413434
 0.00878362
  0.0176699
  0.0333459
  0.0584228
  0.0937277
   0.136402
   0.180199
   0.218349
   0.245912
   0.260221
   0.260216
   0.245902
   0.218337
   0.180183
   0.136383
  0.0937121
  0.0584047
  0.0333374
  0.0176638
 0.00878027
 0.00413244
 0.00187574
0.000887886
0.000627437
 0.00158063
  0.0150282
   0.194088
   0.810079
   0.987488
   0.999327
   0.999965
   0.999998
          1
          1
          1
          1
          1
          1
          1
          1
          1
          1
          1
          1
          1
          1
          1
          1
   0.999991
    0.99982
   0.996272
   0.928765
   0.394392
  0.0336462
  0.0025825
0.000644988
0.000776852
 0.00171146
  0.0041004
 0.00954434
  0.0209652
  0.0427091
  0.0794001
   0.132646
   0.197825
   0.265339
   0.325727
    0.37308
   0.404962
   0.420859
   0.420855
   0.404949
   0.373059
   0.325704
   0.265312
   0.197799
   0.132625
  0.0793773
  0.0426986
  0.0209582
 0.00954101
 0.00409836
 0.00171042
0.000776724
0.000644938
 0.00258291
  0.0336414
   0.394785
   0.928837
    0.99628
    0.99982
   0.999991
          1
          1
          1
          1
          1
          1
          1
          1
          1
          1
          1
          1
          1
          1
          1
   0.999998
   0.999963
   0.999169
   0.981669
   0.707308
   0.100987
  0.0061542
0.000807093
0.000627466
 0.00132927
 0.00339963
 0.00863834
  0.0207965
  0.0460452
  0.0913834
   0.159807
   0.245496
   0.335261
   0.415876
   0.479833
   0.525466
    0.55417
   0.567905
   0.567901
   0.554159
   0.525449
   0.479804
   0.415847
   0.335225
   0.245463
    0.15978
  0.0913578
  0.0460319
  0.0207884
 0.00863583
 0.00339851
 0.00132837
0.000627159
0.000806926
 0.00615802
   0.100965
   0.708226
   0.981703
   0.999172
   0.999963
   0.999998
          1
          1
          1
          1
          1
          1
          1
          1
          1
          1
          1
          1
          1
          1
   0.999994
   0.999858
   0.996579
   0.923727
   0.336291
  0.0221294
 0.00157031
0.000536808
 0.00090609
  0.0023764
 0.00651854
  0.0172429
  0.0420852
  0.0908204
   0.168974
   0.270905
   0.379916
   0.477305
   0.552797
   0.605747
   0.640102
   0.660283
   0.669541
   0.669537
   0.660274
   0.640087
   0.605727
   0.552766
   0.477272
   0.379869
   0.270868
   0.168945
  0.0907969
  0.0420712
  0.0172358
 0.00651592
 0.00237556
 0.00090557
0.000536741
 0.00157058
  0.0221557
   0.336722
   0.923873
   0.996591
   0.999858
   0.999994
          1
          1
          1
          1
          1
          1
          1
          1
          1
          1
          1
          1
          1
   0.999999
   0.999981
   0.999516
   0.987699
   0.756682
   0.108939
 0.00558139
0.000668676
0.000590648
 0.00143253
 0.00412642
  0.0118928
  0.0323393
  0.0778704
   0.158169
   0.269791
   0.394344
   0.506914
   0.592336
    0.65003
   0.686206
   0.707469
   0.718867
   0.723726
   0.723725
   0.718858
   0.707459
   0.686191
   0.650008
   0.592307
   0.506879
   0.394294
   0.269753
    0.15814
    0.07785
  0.0323271
   0.011888
 0.00412429
 0.00143175
0.000590394
0.000668873
 0.00558264
    0.10919
   0.756964
   0.987738
   0.999515
   0.999981
   0.999999
          1
          1
          1
          1
          1
          1
          1
          1
          1
          1
          1
          1
   0.999998
   0.999946
   0.998556
   0.962003
   0.479587
  0.0334804
  0.0018402
0.000474912
 0.00078701
 0.00223564
 0.00683535
  0.0205494
  0.0564004
   0.129754
   0.242377
   0.377433
   0.505742
   0.604063
   0.668738
   0.707222
   0.727958
   0.737532
   0.740875
   0.741557
   0.741556
   0.740871
   0.737525
   0.727948
   0.707207
   0.668718
   0.604036
   0.505706
   0.377386
   0.242337
   0.129723
  0.0563825
  0.0205415
 0.00683197
  0.0022344
0.000786669
0.000474859
 0.00184214
   0.033497
   0.480113
     0.9621
   0.998555
   0.999946
   0.999998
          1
          1
          1
          1
          1
          1
          1
          1
          1
          1
          1
          1
   0.999995
   0.999867
   0.996252
   0.902171
   0.241393
  0.0116441
0.000843313
0.000468306
 0.00108387
 0.00334323
  0.0107453
  0.0333994
  0.0902884
   0.193303
   0.330618
    0.47375
   0.590472
   0.668124
   0.712915
    0.73481
   0.741612
   0.739361
   0.733515
   0.729017
   0.729017
   0.733516
    0.73936
    0.74161
   0.734801
   0.712901
   0.668102
   0.590442
   0.473714
   0.330572
   0.193266
  0.0902608
  0.0333877
  0.0107407
 0.00334176
 0.00108334
0.000468344
 0.00084354
  0.0116665
   0.241295
   0.902544
   0.996235
   0.999867
   0.999995
          1
          1
          1
          1
          1
          1
          1
          1
          1
          1
          1
          1
    0.99999
   0.999714
   0.991603
   0.796458
   0.114421
  0.0048769
0.000531046
0.000530686
 0.00145576
 0.00474525
  0.0159396
  0.0505766
   0.131332
   0.259265
   0.410062
   0.548747
   0.647972
   0.706421
   0.734602
   0.741589
    0.73361
   0.716396
   0.697259
   0.684656
   0.684655
   0.697264
     0.7164
   0.733613
   0.741589
   0.734594
   0.706408
   0.647948
   0.548712
   0.410025
   0.259224
   0.131305
  0.0505583
  0.0159339
 0.00474225
 0.00145523
0.000530618
0.000531205
 0.00488075
   0.114451
   0.796955
    0.99159
   0.999713
    0.99999
          1
          1
          1
          1
          1
          1
          1
          1
          1
          1
          1
   0.999999
   0.999982
   0.999467
   0.983937
   0.661594
   0.058738
 0.00250877
0.000423108
0.000621401
  0.0018672
  0.0063487
  0.0221555
  0.0706246
   0.173656
   0.318413
    0.47338
   0.601649
   0.684223
   0.727189
   0.741384
   0.733557
   0.707761
   0.669584
   0.630044
   0.604435
    0.60444
   0.630047
     0.6696
   0.707768
   0.733563
   0.741382
    0.72718
   0.684208
   0.601621
   0.473338
   0.318378
   0.173621
  0.0706062
  0.0221457
 0.00634587
 0.00186609
0.000621281
  0.0004232
 0.00251141
  0.0587297
   0.661909
   0.983911
   0.999465
   0.999982
   0.999999
          1
          1
          1
          1
          1
          1
          1
          1
          1
          1
   0.999999
   0.999972
   0.999146
   0.973873
   0.535552
   0.034856
 0.00157231
0.000387581
 0.00071483
 0.00226474
 0.00796362
  0.0285883
  0.0904996
   0.210661
   0.364946
   0.518781
   0.636153
   0.705651
   0.736857
   0.739162
   0.716303
   0.669486
   0.604227
   0.537516
   0.494831
   0.494831
   0.537521
   0.604239
   0.669503
   0.716312
   0.739166
   0.736851
   0.705637
   0.636132
   0.518751
   0.364904
   0.210636
  0.0904731
  0.0285811
 0.00795944
 0.00226369
 0.00071466
0.000387526
   0.001573
  0.0348491
   0.535995
   0.973824
   0.999145
   0.999973
   0.999999
          1
          1
          1
          1
          1
          1
          1
          1
          1
          1
   0.999999
   0.999963
    0.99883
   0.963858
   0.447608
  0.0244329
 0.00117726
0.000378235
0.000790974
 0.00258407
 0.00930051
  0.0340252
   0.106413
   0.237507
   0.396356
   0.547464
   0.656512
   0.717193
   0.740289
   0.733332
   0.697087
   0.629735
   0.537213
   0.444454
   0.386997
   0.387004
   0.444465
   0.537237
   0.629755
   0.697103
   0.733339
   0.740283
   0.717182
    0.65649
   0.547434
   0.396323
   0.237468
   0.106392
  0.0340106
 0.00929745
 0.00258234
0.000790737
0.000378129
 0.00117819
  0.0244185
   0.447917
   0.963919
   0.998829
   0.999963
   0.999999
          1
          1
          1
          1
          1
          1
          1
          1
          1
          1
   0.999999
   0.999957
   0.998625
   0.957569
   0.403948
  0.0204365
 0.00102642
0.000377287
0.000833593
 0.00276238
  0.0100672
  0.0371499
   0.115241
   0.251459
    0.41206
   0.561226
   0.665877
   0.722141
    0.74102
   0.728836
   0.684406
    0.60394
   0.494256
   0.386697
   0.322276
   0.322281
   0.386712
   0.494279
   0.603963
   0.684424
   0.728843
   0.741016
   0.722128
   0.665857
   0.561198
   0.412018
   0.251429
   0.115208
   0.037141
  0.0100615
 0.00276132
0.000833157
0.000377288
 0.00102711
  0.0204371
   0.404751
   0.957536
    0.99863
   0.999957
   0.999999
          1
          1
          1
          1
          1
          1
          1
          1
          1
          1
   0.999999
   0.999957
   0.998629
   0.957528
    0.40419
  0.0204366
 0.00102659
0.000377216
0.000833544
 0.00276273
  0.0100654
  0.0371549
   0.115226
   0.251464
   0.412051
   0.561224
   0.665875
   0.722136
   0.741023
   0.728838
   0.684409
   0.603945
   0.494264
     0.3867
   0.322281
   0.322288
   0.386722
   0.494293
   0.603971
   0.684424
   0.728843
   0.741014
   0.722125
   0.665853
   0.561192
   0.412017
   0.251423
   0.115206
  0.0371389
   0.010062
 0.00276082
0.000833338
0.000377151
 0.00102747
  0.0204393
   0.404506
   0.957619
   0.998626
   0.999957
   0.999999
          1
          1
          1
          1
          1
          1
          1
          1
          1
          1
   0.999999
   0.999963
   0.998829
   0.963927
   0.447481
  0.0244376
 0.00117694
0.000378264
0.000790865
 0.00258371
 0.00930136
  0.0340178
   0.106416
   0.237483
   0.396348
    0.54745
   0.656502
   0.717191
   0.740286
   0.733337
   0.697097
   0.629748
   0.537236
    0.44449
   0.387033
   0.387039
   0.444502
   0.537258
   0.629769
   0.697111
   0.733339
   0.740281
   0.717176
   0.656479
    0.54742
   0.396303
   0.237453
   0.106383
   0.034009
 0.00929609
 0.00258258
0.000790492
0.000378287
 0.00117758
  0.0244413
   0.447881
   0.963878
    0.99883
   0.999963
   0.999999
          1
          1
          1
          1
          1
          1
          1
          1
          1
          1
   0.999999
   0.999972
   0.999146
   0.973837
   0.535683
  0.0348449
 0.00157302
0.000387357
0.000714914
 0.00226448
 0.00796148
  0.0285886
  0.0904795
   0.210653
   0.364918
   0.518759
   0.636135
   0.705639
   0.736856
   0.739166
   0.716313
   0.669507
   0.604252
   0.537543
    0.49487
   0.494873
   0.537556
   0.604271
   0.669523
   0.716321
   0.739164
   0.736846
   0.705625
   0.636113
   0.518724
   0.364878
   0.210606
  0.0904598
   0.028576
 0.00795794
 0.00226304
0.000714738
0.000387322
 0.00157453
  0.0348351
   0.536152
   0.973829
   0.999146
   0.999973
   0.999999
          1
          1
          1
          1
          1
          1
          1
          1
          1
          1
   0.999999
   0.999982
   0.999467
   0.983969
   0.661372
  0.0588106
 0.00250834
0.000423318
0.000621213
 0.00186695
  0.0063479
  0.0221484
  0.0706164
    0.17362
   0.318385
    0.47334
   0.601618
   0.684205
   0.727177
   0.741383
   0.733563
   0.707774
   0.669615
   0.630077
   0.604475
   0.604474
   0.630085
   0.669623
   0.707784
   0.733568
   0.741381
   0.727169
   0.684189
   0.601593
   0.473305
   0.318339
   0.173589
   0.070592
  0.0221408
 0.00634424
 0.00186588
0.000621091
0.000423265
 0.00251048
  0.0587715
   0.661693
   0.983918
   0.999466
   0.999982
   0.999999
          1
          1
          1
          1
          1
          1
          1
          1
          1
          1
          1
    0.99999
   0.999713
   0.991618
   0.796772
   0.114439
 0.00488015
0.000530672
0.000530789
 0.00145546
 0.00474374
  0.0159372
  0.0505589
    0.13131
   0.259216
   0.410017
     0.5487
   0.647938
   0.706402
    0.73459
    0.74159
   0.733616
    0.71641
   0.697283
   0.684682
   0.684685
   0.697287
   0.716418
   0.733622
   0.741589
   0.734585
    0.70639
    0.64792
   0.548675
   0.409978
    0.25918
   0.131272
  0.0505474
  0.0159302
 0.00474103
 0.00145473
0.000530589
0.000530971
 0.00488461
   0.114422
   0.796807
   0.991574
   0.999714
    0.99999
          1
          1
          1
          1
          1
          1
          1
          1
          1
          1
          1
          1
   0.999995
   0.999867
   0.996248
   0.902281
   0.241407
  0.0116558
0.000843526
0.000468154
 0.00108382
 0.00334235
  0.0107414
  0.0333915
  0.0902558
   0.193261
   0.330555
   0.473689
    0.59042
   0.668085
   0.712889
   0.734795
   0.741609
   0.739363
   0.733525
    0.72903
   0.729031
   0.733527
   0.739366
   0.741609
   0.734792
   0.712882
   0.668071
     0.5904
   0.473656
   0.330517
   0.193216
  0.0902319
  0.0333781
  0.0107366
 0.00334045
 0.00108303
0.000468058
0.000843862
  0.0116598
   0.241573
   0.902387
   0.996252
   0.999866
   0.999995
          1
          1
          1
          1
          1
          1
          1
          1
          1
          1
          1
          1
   0.999998
   0.999946
   0.998558
   0.962053
   0.479821
  0.0335027
 0.00184044
0.000474977
0.000786724
 0.00223521
 0.00683278
  0.0205405
  0.0563841
   0.129707
   0.242315
   0.377355
   0.505671
   0.604005
   0.668691
   0.707186
   0.727934
   0.737518
   0.740868
   0.741554
   0.741556
   0.740867
   0.737518
   0.727932
   0.707182
    0.66868
   0.603985
   0.505641
   0.377321
   0.242275
   0.129681
  0.0563632
  0.0205338
 0.00682956
 0.00223348
0.000786285
0.000474896
  0.0018411
  0.0335535
   0.479941
   0.962112
   0.998553
   0.999946
   0.999998
          1
          1
          1
          1
          1
          1
          1
          1
          1
          1
          1
          1
   0.999999
   0.999981
   0.999517
   0.987692
   0.757099
   0.108998
 0.00558402
0.000668501
0.000590585
 0.00143193
 0.00412501
  0.0118867
  0.0323229
  0.0778425
    0.15811
   0.269711
   0.394251
   0.506831
   0.592263
   0.649969
   0.686158
   0.707432
   0.718836
   0.723703
   0.723702
   0.718837
    0.70743
   0.686155
   0.649961
   0.592248
   0.506804
   0.394222
    0.26968
   0.158081
   0.077818
  0.0323148
  0.0118827
 0.00412247
 0.00143102
0.000590276
0.000668723
 0.00558763
   0.109173
    0.75702
   0.987741
   0.999515
   0.999981
   0.999999
          1
          1
          1
          1
          1
          1
          1
          1
          1
          1
          1
          1
          1
   0.999994
   0.999858
    0.99659
   0.923666
    0.33668
  0.0221211
 0.00157081
0.000536698
0.000905754
 0.00237548
 0.00651541
  0.0172335
  0.0420631
  0.0907814
   0.168908
   0.270813
   0.379813
   0.477207
   0.552706
   0.605668
   0.640036
   0.660226
   0.669489
    0.66949
   0.660223
   0.640031
   0.605662
   0.552695
   0.477189
   0.379787
   0.270788
   0.168879
  0.0907565
   0.042052
  0.0172273
 0.00651316
 0.00237403
0.000905291
0.000536374
 0.00157102
   0.022147
   0.336849
   0.923853
   0.996592
   0.999858
   0.999994
          1
          1
          1
          1
          1
          1
          1
          1
          1
          1
          1
          1
          1
          1
   0.999998
   0.999963
   0.999168
   0.981684
   0.707598
   0.101021
 0.00615645
0.000807383
0.000627173
 0.00132855
 0.00339754
 0.00863439
  0.0207846
  0.0460179
  0.0913353
   0.159737
   0.245402
   0.335157
   0.415765
   0.479725
   0.525366
   0.554078
   0.567819
   0.567818
   0.554074
   0.525362
   0.479716
   0.415752
   0.335131
   0.245376
   0.159714
  0.0913166
  0.0460073
  0.0207762
 0.00863095
 0.00339626
 0.00132775
0.000626824
0.000807225
 0.00615877
   0.101111
   0.707908
   0.981711
   0.999171
   0.999963
   0.999998
          1
          1
          1
          1
          1
          1
          1
          1
          1
          1
          1
          1
          1
          1
          1
   0.999991
    0.99982
   0.996274
   0.928856
   0.394496
  0.0336439
 0.00258374
0.000645096
0.000776554
 0.00171039
 0.00409702
 0.00953875
  0.0209514
  0.0426815
  0.0793486
   0.132576
   0.197731
   0.265232
   0.325609
   0.372963
   0.404846
   0.420748
   0.420745
   0.404843
   0.372953
   0.325601
   0.265217
   0.197714
   0.132558
  0.0793374
  0.0426731
  0.0209444
 0.00953532
 0.00409557
  0.0017093
0.000776007
0.000644946
 0.00258161
  0.0336545
   0.394835
   0.928904
   0.996281
   0.999821
   0.999991
          1
          1
          1
          1
          1
          1
          1
          1
          1
          1
          1
          1
          1
          1
          1
          1
   0.999998
   0.999965
   0.999327
    0.98745
    0.81028
   0.194011
  0.0150401
 0.00158083
0.000627455
0.000887554
 0.00187553
 0.00413078
 0.00877671
  0.0176558
  0.0333218
  0.0583806
  0.0936683
   0.136317
   0.180099
   0.218238
   0.245796
     0.2601
   0.260102
    0.24579
   0.218232
   0.180093
   0.136307
  0.0936558
  0.0583722
  0.0333169
   0.017652
 0.00877515
 0.00412904
 0.00187463
0.000886809
0.000627368
 0.00157984
  0.0150228
   0.194059
    0.81023
   0.987469
    0.99933
   0.999965
   0.999998
          1
          1
          1
          1
          1
          1
          1
          1
          1
          1
          1
          1
          1
          1
          1
          1
          1
   0.999994
    0.99989
   0.998096
   0.968695
   0.655371
   0.109719
 0.00932423
 0.00128166
0.000632673
0.000893244
 0.00173673
 0.00348003
 0.00672837
  0.0123747
  0.0215311
  0.0351971
  0.0534944
  0.0748536
  0.0959563
   0.112806
   0.122112
    0.12211
   0.112804
   0.095949
  0.0748489
  0.0534884
  0.0351924
  0.0215283
  0.0123739
 0.00672834
 0.00347868
 0.00173611
 0.00089248
0.000632721
 0.00128129
 0.00931894
   0.109695
   0.655336
   0.968726
     0.9981
   0.999891
   0.999994
          1
          1
          1
          1
          1
          1
          1
          1
          1
          1
          1
          1
          1
          1
          1
          1
          1
          1
   0.999999
   0.999984
   0.999738
   0.995953
   0.942902
    0.53687
  0.0805021
 0.00790438
 0.00126965
0.000627533
0.000789471
 0.00136687
  0.0024675
 0.00432056
 0.00721482
  0.0114268
  0.0170671
  0.0238508
  0.0309119
  0.0368799
  0.0403241
  0.0403244
   0.036879
  0.0309104
  0.0238502
  0.0170666
  0.0114265
  0.0072142
 0.00432064
 0.00246683
 0.00136662
0.000788847
0.000627671
 0.00126873
 0.00790311
   0.080498
   0.536961
   0.942841
   0.995953
   0.999739
   0.999984
   0.999999
          1
          1
          1
          1
          1
          1
          1
          1
          1
          1
          1
          1
          1
          1
          1
          1
          1
          1
          1
   0.999998
   0.999967
   0.999527
   0.993605
    0.92281
   0.493254
  0.0793625
 0.00904855
 0.00153196
0.000638985
0.000638973
0.000939627
 0.00150269
 0.00236613
 0.00356547
  0.0050944
 0.00685947
 0.00864635
  0.0101363
  0.0109906
  0.0109912
  0.0101357
 0.00864632
 0.00685917
 0.00509458
 0.00356479
 0.00236572
 0.00150223
0.000939498
0.000638542
0.000639376
 0.00153073
 0.00905177
  0.0793707
   0.493262
   0.922746
   0.993599
   0.999529
   0.999967
   0.999998
          1
          1
          1
          1
          1
          1
          1
          1
          1
          1
          1
          1
          1
          1
          1
          1
          1
          1
          1
          1
          1
   0.999996
   0.999949
   0.999362
    0.99249
   0.921742
   0.529677
   0.105096
  0.0141391
  0.0024214
0.000775574
0.000537229
0.000609716
0.000826988
 0.00115159
 0.00155874
 0.00201051
    0.00245
 0.00280358
 0.00300288
 0.00300242
 0.00280392
  0.0024495
 0.00201064
 0.00155824
 0.00115153
0.000826606
0.000609645
0.000536984
0.000776091
 0.00241915
   0.014145
   0.105043
   0.529543
   0.921745
   0.992485
   0.999363
   0.999949
   0.999996
          1
          1
          1
          1
          1
          1
          1
          1
          1
          1
          1
          1
          1
          1
          1
          1
          1
          1
          1
          1
          1
          1
          1
   0.999995
   0.999941
   0.999355
   0.993452
   0.940525
   0.641316
   0.181621
  0.0306209
 0.00554693
 0.00143377
0.000634124
0.000471413
0.000480648
0.000556039
0.000659032
0.000763597
0.000848561
0.000895656
0.000895977
0.000848309
0.000763764
0.000658833
 0.00055619
0.000480423
0.000471513
  0.0006339
 0.00143454
 0.00554441
  0.0306347
    0.18159
   0.641258
   0.940561
   0.993446
   0.999355
   0.999941
   0.999995
          1
          1
          1
          1
          1
          1
          1
          1
          1
          1
          1
          1
          1
          1
          1
          1
          1
          1
          1
          1
          1
          1
          1
          1
          1
   0.999995
   0.999948
   0.999511
   0.995735
   0.966416
   0.795468
   0.367738
  0.0898328
  0.0192349
 0.00483112
 0.00161069
0.000760412
0.000497317
0.000409934
0.000384741
0.000381008
0.000382725
0.000382518
 0.00038119
 0.00038458
0.000410169
0.000497049
0.000760695
 0.00161008
 0.00483064
  0.0192332
  0.0898684
   0.367868
   0.795649
   0.966411
   0.995735
    0.99951
   0.999948
   0.999995
          1
          1
          1
          1
          1
          1
          1
          1
          1
          1
          1
          1
          1
          1
          1
          1
          1
          1
          1
          1
          1
          1
          1
          1
          1
          1
          1
   0.999996
   0.999965
    0.99972
   0.997919
    0.98605
   0.920249
   0.677414
   0.302557
  0.0932861
  0.0279997
 0.00963366
 0.00402742
 0.00208452
 0.00132004
0.000998613
0.000875222
0.000876061
0.000997874
 0.00132088
 0.00208312
 0.00402883
 0.00962844
  0.0280036
  0.0932913
   0.302568
   0.677735
   0.920426
   0.986049
   0.997926
   0.999719
   0.999965
   0.999996
          1
          1
          1
          1
          1
          1
          1
          1
          1
          1
          1
          1
          1
          1
          1
          1
          1
          1
          1
          1
          1
          1
          1
          1
          1
          1
          1
          1
          1
   0.999998
   0.999982
   0.999879
   0.999244
    0.99575
   0.978889
   0.911555
     0.7232
   0.431822
   0.205364
  0.0940179
  0.0472848
  0.0277551
  0.0193362
  0.0161478
  0.0161289
  0.0193544
  0.0277277
  0.0473307
  0.0939306
   0.205466
   0.431957
   0.723253
    0.91169
   0.978933
   0.995752
   0.999247
   0.999879
   0.999982
   0.999998
          1
          1
          1
          1
          1
          1
          1
          1
          1
          1
          1
          1
          1
          1
          1
          1
          1
          1
          1
          1
          1
          1
          1
          1
          1
          1
          1
          1
          1
          1
          1
   0.999999
   0.999993
   0.999961
   0.999794
   0.999038
      0.996
   0.985382
   0.954369
    0.88247
   0.758643
   0.608412
   0.476124
   0.388526
   0.346317
   0.346736
   0.388108
   0.476572
   0.607999
   0.758921
   0.882439
   0.954404
   0.985368
   0.995997
   0.999039
   0.999795
   0.999961
   0.999993
   0.999999
          1
          1
          1
          1
          1
          1
          1
          1
          1
          1
          1
          1
          1
          1
          1
          1
          1
          1
          1
          1
          1
          1
          1
          1
          1
          1
          1
          1
          1
          1
          1
          1
          1
          1
   0.999998
    0.99999
   0.999957
   0.999833
   0.999423
    0.99825
    0.99539
    0.98957
   0.979882
   0.967132
   0.954415
   0.946542
   0.946389
   0.954505
   0.967079
   0.979907
   0.989568
   0.995395
    0.99825
   0.999423
   0.999833
   0.999957
    0.99999
   0.999998
          1
          1
          1
          1
          1
          1
          1
          1
          1
          1
          1
          1
          1
          1
          1
          1
          1
          1
          1
          1
          1
          1
          1
          1
          1
          1
          1
          1
          1
          1
          1
          1
          1
          1
          1
          1
          1
          1
   0.999998
   0.999993
   0.999977
   0.999935
   0.999837
   0.999645
   0.999332
   0.998923
   0.998519
    0.99826
   0.998263
   0.998516
   0.998925
   0.999331
   0.999644
   0.999837
   0.999935
   0.999977
   0.999993
   0.999998
          1
          1
          1
          1
          1
          1
          1
          1
          1
          1
          1
          1
          1
          1
          1
          1
          1
          1
          1
          1
          1
          1
          1
          1
          1
          1
          1
          1
          1
          1
          1
          1
          1
          1
          1
          1
          1
          1
          1
          1
          1
          1
   0.999999
   0.999998
   0.999994
   0.999988
   0.999978
   0.999965
   0.999953
   0.999945
   0.999945
   0.999953
   0.999965
   0.999978
   0.999988
   0.999994
   0.999998
   0.999999
          1
          1
          1
          1
          1
          1
          1
          1
          1
          1
          1
          1
          1
          1
          1
          1
          1
          1
          1
          1
          1
          1
          1
          1
          1
          1
          1
          1
          1
          1
          1
          1
          1
          1
          1
          1
          1
          1
          1
          1
          1
          1
          1
          1
          1
          1
          1
          1
   0.999999
   0.999999
   0.999998
   0.999998
   0.999998
   0.999998
   0.999999
   0.999999
          1
          1
          1
          1
          1
          1
          1
          1
          1
          1
          1
          1
          1
          1
          1
          1
          1
          1
          1
          1
          1
          1
          1
          1
          1
          1
          1
          1
          1
          1
          1
          1
          1
          1
          1
          1
          1
          1
          1
          1
          1
          1
          1
          1
          1
          1
          1
          1
          1
          1
          1
          1
          1
          1
          1
          1
          1
          1
          1
          1
          1
          1
          1
          1
          1
          1
          1
          1
          1
          1
          1
          1
          1
          1
          1
          1
          1
          1
          1
          1
          1
          1
          1
          1
          1
          1
          1
          1
          1
          1
          1
          1
          1
          1
          1
          1
          1
          1
          1
          1
          1
          1
          1
          1
          1
          1
          1
          1
          1
          1
          1
          1
          1
          1
          1
          1
          1
          1
          1
          1
          1
          1
          1
          1
          1
          1
          1
          1
          1
          1
          1
          1
          1
          1
          1
          1
          1
          1
          1
          1
          1
          1
          1
          1
          1
          1
          1
          1
          1
          1
          1
          1
          1
          1
          1
          1
          1
          1
          1
          1
          1
          1
          1
          1
          1
          1
          1
          1
          1
          1
          1
          1
          1
          1
          1
          1
          1
          1
          1
          1
          1
          1
          1
          1
          1
          1
          1
          1
          1
          1
          1
          1
          1
          1
          1
          1
          1
          1
          1
          1
          1
          1
          1
          1
          1
          1
          1
          1
          1
          1
          1
          1
          1
          1
          1
          1
          1
          1
          1
          1
          1
          1
          1
          1
          1
          1
          1
          1
          1
          1
          1
          1
          1
          1
          1
          1
          1
          1
          1
          1
          1
          1
          1
          1
          1
          1
          1
          1
          1
          1
          1
          1
          1
          1
          1
          1
          1
          1
          1
          1
          1
          1
          1
          1
          1
          1
          1
          1
          1
          1
          1
          1
          1
          1
          1
          1
          1
          1
          1
          1
          1
          1
          1
          1
          1
          1
          1
          1
          1
          1
          1
          1
          1
          1
          1
          1
          1
          1
          1
          1
          1
          1
          1
          1
          1
          1
          1
          1
          1
          1
          1
          1
          1
          1
          1
          1
          1
          1
          1
          1
          1
          1
          1
          1
          1
          1
          1
          1
          1
          1
          1
          1
          1
          1
          1
          1
          1
          1
          1
          1
          1
          1
          1
          1
          1
          1
          1
          1
          1
          1
          1
          1
          1
          1
          1
          1
          1
          1
          1
          1
          1
          1
          1
          1
          1
          1
          1
          1
          1
          1
          1
          1
          1
          1
          1
          1
          1
          1
          1
          1
          1
          1
          1
          1
          1
          1
          1
          1
          1
          1
          1
          1
          1
          1
          1
          1
          1
          1
          1
          1
          1
          1
          1
          1
          1
          1
          1
          1
          1
          1
          1
          1
          1
          1
          1
          1
          1
          1
          1
          1
          1
          1
          1
          1
          1
          1
          1
          1
          1
          1
          1
          1
          1
          1
          1
          1
          1
          1
          1
          1
          1
          1
          1
          1
          1
          1
          1
          1
          1
          1
          1
          1
          1
          1
          1
          1
          1
          1
          1
          1
          1
          1
          1
          1
          1
          1
          1
          1
          1
          1
          1
          1
          1
          1
          1
          1
          1
          1
          1
          1
          1
          1
          1
          1
          1
          1
          1
          1
          1
          1
          1
          1
          1
          1
          1
          1
          1
          1
          1
          1
          1
          1
          1
          1
          1
          1
          1
          1
          1
          1
          1
          1
          1
          1
          1
          1
          1
          1
          1
          1
          1
          1
          1
          1
          1
          1
          1
          1
          1
          1
          1
          1
          1
          1
          1
          1
          1
          1
          1
          1
          1
          1
          1
          1
          1
          1
          1
          1
          1
          1
          1
          1
          1
          1
          1
          1
          1
          1
          1
          1
          1
          1
          1
          1
          1
          1
          1
          1
          1
          1
          1
          1
          1
          1
          1
          1
          1
          1
          1
          1
          1
          1
          1
          1
          1
          1
          1
          1
          1
          1
          1
          1
          1
          1
          1
          1
          1
          1
          1
          1
          1
          1
          1
          1
          1
          1
          1
          1
          1
          1
          1
          1
          1
          1
          1
          1
          1
          1
          1
          1
          1
          1
          1
          1
          1
          1
          1
          1
          1
          1
          1
          1
          1
          1
          1
          1
          1
          1
          1
          1
          1
          1
          1
          1
          1
          1
          1
          1
          1
          1
          1
          1
   0.999999
   0.999999
   0.999999
   0.999999
   0.999999
   0.999999
   0.999999
   0.999999
          1
          1
          1
          1
          1
          1
          1
          1
          1
          1
          1
          1
          1
          1
          1
          1
          1
          1
          1
          1
          1
          1
          1
          1
          1
          1
          1
          1
          1
          1
          1
          1
          1
          1
          1
          1
          1
          1
          1
          1
          1
          1
          1
          1
          1
          1
          1
          1
   0.999999
   0.999998
   0.999995
    0.99999
   0.999982
   0.999972
   0.999962
   0.999955
   0.999956
   0.999962
   0.999972
   0.999982
    0.99999
   0.999995
   0.999998
   0.999999
          1
          1
          1
          1
          1
          1
          1
          1
          1
          1
          1
          1
          1
          1
          1
          1
          1
          1
          1
          1
          1
          1
          1
          1
          1
          1
          1
          1
          1
          1
          1
          1
          1
          1
          1
          1
          1
          1
          1
          1
          1
          1
   0.999998
   0.999994
   0.999982
   0.999948
   0.999869
   0.999714
   0.999464
   0.999135
   0.998809
   0.998604
   0.998604
    0.99881
   0.999135
   0.999464
   0.999714
   0.999869
   0.999948
   0.999982
   0.999994
   0.999998
          1
          1
          1
          1
          1
          1
          1
          1
          1
          1
          1
          1
          1
          1
          1
          1
          1
          1
          1
          1
          1
          1
          1
          1
          1
          1
          1
          1
          1
          1
          1
          1
          1
          1
          1
          1
          1
          1
   0.999998
   0.999992
   0.999966
   0.999868
   0.999544
   0.998616
   0.996364
   0.991764
   0.984048
   0.973888
   0.963675
   0.957319
   0.957257
   0.963733
   0.973871
   0.984066
   0.991765
   0.996368
    0.99862
   0.999544
   0.999868
   0.999966
   0.999992
   0.999998
          1
          1
          1
          1
          1
          1
          1
          1
          1
          1
          1
          1
          1
          1
          1
          1
          1
          1
          1
          1
          1
          1
          1
          1
          1
          1
          1
          1
          1
          1
          1
          1
          1
          1
   0.999999
   0.999995
   0.999969
   0.999839
   0.999247
   0.996872
   0.988584
     0.9642
    0.90637
   0.802079
   0.667172
     0.5398
   0.450602
   0.406164
   0.406578
     0.4503
   0.539988
   0.666986
   0.802329
   0.906375
   0.964235
   0.988604
    0.99687
   0.999247
   0.999839
   0.999969
   0.999995
   0.999999
          1
          1
          1
          1
          1
          1
          1
          1
          1
          1
          1
          1
          1
          1
          1
          1
          1
          1
          1
          1
          1
          1
          1
          1
          1
          1
          1
          1
          1
          1
          1
   0.999998
   0.999986
   0.999907
   0.999418
   0.996739
   0.983717
   0.930993
   0.773738
   0.499447
   0.253581
   0.120134
   0.061342
   0.036234
  0.0253248
  0.0211699
  0.0211402
  0.0253362
  0.0362079
  0.0613783
   0.120145
   0.253644
   0.499682
   0.773814
   0.931068
   0.983734
    0.99674
   0.999421
   0.999907
   0.999986
   0.999998
          1
          1
          1
          1
          1
          1
          1
          1
          1
          1
          1
          1
          1
          1
          1
          1
          1
          1
          1
          1
          1
          1
          1
          1
          1
          1
          1
          1
          1
   0.999997
   0.999973
   0.999785
   0.998417
   0.989436
   0.938596
   0.736557
   0.366205
   0.120887
  0.0371248
  0.0128576
 0.00538495
 0.00278303
 0.00175859
 0.00132759
  0.0011617
 0.00116274
  0.0013265
 0.00175967
 0.00278243
 0.00538928
  0.0128618
  0.0371267
   0.120931
   0.366294
     0.7367
    0.93873
   0.989424
   0.998419
   0.999785
   0.999973
   0.999997
          1
          1
          1
          1
          1
          1
          1
          1
          1
          1
          1
          1
          1
          1
          1
          1
          1
          1
          1
          1
          1
          1
          1
          1
          1
          1
          1
   0.999996
    0.99996
   0.999624
   0.996757
   0.974613
   0.838787
   0.439863
    0.11788
  0.0259499
 0.00655402
 0.00218032
 0.00102013
0.000658787
0.000536141
0.000498082
0.000489895
0.000490492
0.000490092
0.000490078
0.000497785
0.000536439
0.000658476
  0.0010206
 0.00217978
   0.006557
  0.0259477
   0.117952
   0.439933
   0.839086
   0.974607
   0.996756
   0.999625
    0.99996
   0.999996
          1
          1
          1
          1
          1
          1
          1
          1
          1
          1
          1
          1
          1
          1
          1
          1
          1
          1
          1
          1
          1
          1
          1
          1
          1
   0.999996
   0.999954
   0.999507
   0.995029
   0.954789
   0.706867
   0.232224
  0.0415035
 0.00762081
 0.00196325
0.000855629
0.000622155
0.000622228
0.000708877
0.000830998
0.000954953
 0.00105617
 0.00111196
 0.00111234
 0.00105561
0.000955223
0.000830553
 0.00070901
0.000621767
 0.00062238
 0.00085497
 0.00196523
 0.00761644
  0.0415508
   0.232298
   0.706864
   0.954949
   0.995033
   0.999509
   0.999955
   0.999996
          1
          1
          1
          1
          1
          1
          1
          1
          1
          1
          1
          1
          1
          1
          1
          1
          1
          1
          1
          1
          1
          1
          1
   0.999997
   0.999961
   0.999516
   0.994337
   0.940424
   0.604013
   0.138694
  0.0194418
 0.00335444
 0.00106073
0.000716372
0.000793006
  0.0010564
 0.00144933
 0.00194017
 0.00247943
 0.00300176
 0.00341977
 0.00365508
 0.00365424
 0.00341997
 0.00300093
 0.00247984
 0.00193943
 0.00144943
 0.00105568
0.000793219
0.000715851
 0.00106199
 0.00335245
  0.0194535
   0.138754
   0.604011
   0.940568
   0.994334
   0.999517
   0.999961
   0.999997
          1
          1
          1
          1
          1
          1
          1
          1
          1
          1
          1
          1
          1
          1
          1
          1
          1
          1
          1
          1
          1
   0.999998
   0.999975
    0.99964
   0.995178
   0.941333
   0.569601
   0.105965
  0.0125273
 0.00212836
0.000869264
0.000845248
 0.00121423
 0.00190908
 0.00296127
 0.00440925
 0.00623379
 0.00832442
  0.0104269
  0.0121757
  0.0131765
  0.0131765
  0.0121734
  0.0104261
 0.00832242
 0.00623281
  0.0044075
 0.00296095
 0.00190809
 0.00121435
0.000844535
0.000869988
 0.00212615
  0.0125342
   0.106031
   0.569631
   0.941473
   0.995178
   0.999641
   0.999975
   0.999998
          1
          1
          1
          1
          1
          1
          1
          1
          1
          1
          1
          1
          1
          1
          1
          1
          1
          1
          1
   0.999999
   0.999987
   0.999799
   0.996944
   0.956803
   0.611882
   0.107651
  0.0109635
  0.0017649
0.000850629
 0.00104057
 0.00176298
 0.00312919
 0.00539492
  0.0088889
  0.0139118
  0.0205783
  0.0285402
  0.0367943
  0.0437537
  0.0477653
   0.047763
  0.0437515
  0.0367891
  0.0285374
  0.0205732
  0.0139085
 0.00888585
 0.00539376
 0.00312797
 0.00176296
 0.00103967
0.000850734
 0.00176355
  0.0109759
   0.107506
   0.611927
   0.956841
   0.996932
     0.9998
   0.999987
   0.999999
          1
          1
          1
          1
          1
          1
          1
          1
          1
          1
          1
          1
          1
          1
          1
          1
          1
          1
   0.999995
   0.999915
   0.998544
   0.976313
   0.719829
   0.144637
  0.0129133
 0.00178105
0.000856573
 0.00117555
 0.00223908
 0.00441214
 0.00839365
  0.0152102
  0.0261079
  0.0421868
  0.0635125
  0.0882035
   0.112427
   0.131656
   0.142231
   0.142228
   0.131645
   0.112416
  0.0881887
  0.0634999
  0.0421747
  0.0261008
  0.0152034
 0.00839137
 0.00440995
 0.00223859
  0.0011747
0.000856741
 0.00178018
  0.0129206
   0.144614
   0.720133
   0.976321
   0.998543
   0.999915
   0.999995
          1
          1
          1
          1
          1
          1
          1
          1
          1
          1
          1
          1
          1
          1
          1
          1
          1
   0.999999
   0.999973
    0.99948
   0.990418
   0.851208
    0.24676
  0.0206529
 0.00219641
0.000850342
 0.00116782
 0.00241697
 0.00523554
  0.0109418
  0.0216595
  0.0402402
  0.0694655
   0.109952
   0.158037
   0.206508
   0.247981
   0.277509
   0.292695
   0.292689
   0.277496
   0.247963
   0.206482
    0.15801
   0.109927
  0.0694485
  0.0402284
  0.0216499
  0.0109378
 0.00523264
 0.00241592
   0.001167
0.000850495
 0.00219367
   0.020662
    0.24675
   0.851168
   0.990423
   0.999481
   0.999973
   0.999999
          1
          1
          1
          1
          1
          1
          1
          1
          1
          1
          1
          1
          1
          1
          1
          1
   0.999993
   0.999859
   0.997128
   0.945182
   0.466898
  0.0454181
 0.00357281
0.000877347
 0.00102252
 0.00220344
 0.00519013
  0.0118859
  0.0256694
  0.0513623
  0.0937231
   0.153665
   0.224999
   0.296777
   0.359267
   0.407201
    0.43898
   0.454683
   0.454677
   0.438962
   0.407178
   0.359237
   0.296741
   0.224963
   0.153627
  0.0936984
  0.0513477
  0.0256585
  0.0118795
 0.00518795
 0.00220277
 0.00102192
0.000877906
 0.00356821
  0.0454642
   0.466714
   0.945225
   0.997129
    0.99986
   0.999993
          1
          1
          1
          1
          1
          1
          1
          1
          1
          1
          1
          1
          1
          1
          1
   0.999999
   0.999971
   0.999352
   0.985875
   0.762023
   0.131625
 0.00842408
 0.00110231
0.000828856
 0.00171155
 0.00430307
  0.0107563
  0.0254577
  0.0552908
   0.107372
   0.183392
   0.275188
   0.367976
    0.44879
   0.511379
   0.555277
   0.582569
    0.59555
   0.595546
   0.582558
   0.555254
    0.51135
   0.448749
   0.367932
   0.275142
   0.183346
    0.10734
  0.0552741
  0.0254464
  0.0107508
 0.00430089
 0.00171109
0.000828353
 0.00110296
 0.00841344
   0.131723
   0.761919
   0.985904
   0.999353
   0.999971
   0.999999
          1
          1
          1
          1
          1
          1
          1
          1
          1
          1
          1
          1
          1
          1
   0.999995
   0.999888
    0.99734
   0.940471
   0.402852
  0.0297071
 0.00214446
 0.00071501
 0.00116949
 0.00300853
 0.00811769
  0.0211251
  0.0505886
   0.106697
   0.193246
   0.301366
   0.412418
   0.508409
   0.580921
   0.630789
   0.662652
   0.681159
    0.68959
   0.689588
    0.68115
   0.662636
   0.630762
   0.580889
   0.508362
   0.412368
   0.301318
   0.193197
   0.106665
  0.0505722
  0.0211151
 0.00811401
 0.00300657
 0.00116918
0.000714238
  0.0021451
  0.0296917
   0.402949
   0.940535
   0.997341
   0.999888
   0.999995
          1
          1
          1
          1
          1
          1
          1
          1
          1
          1
          1
          1
          1
   0.999999
   0.999985
   0.999617
   0.990404
   0.803058
   0.140128
 0.00754739
0.000900493
0.000767803
 0.00181679
 0.00514332
   0.014593
  0.0389946
  0.0918862
   0.181482
   0.300116
   0.426543
   0.536734
   0.617996
   0.671583
   0.704452
   0.723351
   0.733263
   0.737419
   0.737415
   0.733259
    0.72334
   0.704436
   0.671559
   0.617962
   0.536681
   0.426489
   0.300062
   0.181434
  0.0918516
  0.0389795
  0.0145852
 0.00514016
 0.00181549
0.000767388
0.000899664
 0.00755532
   0.140089
   0.803254
   0.990445
   0.999618
   0.999985
   0.999999
          1
          1
          1
          1
          1
          1
          1
          1
          1
          1
          1
          1
   0.999998
   0.999957
   0.998861
    0.97028
   0.547094
  0.0441933
 0.00248216
0.000626555
 0.00100357
 0.00279347
 0.00840574
  0.0248707
  0.0670192
   0.150238
   0.271647
   0.409662
    0.53542
   0.628761
   0.688449
   0.722897
   0.740707
   0.748344
   0.750565
   0.750747
   0.750749
   0.750558
   0.748339
   0.740696
   0.722883
   0.688426
   0.628729
   0.535369
   0.409604
   0.271597
   0.150196
  0.0669933
  0.0248618
 0.00840015
 0.00279202
 0.00100279
0.000626346
   0.002481
  0.0442142
   0.546985
   0.970297
   0.998858
   0.999957
   0.999998
          1
          1
          1
          1
          1
          1
          1
          1
          1
          1
          1
          1
   0.999996
   0.999894
   0.997036
   0.922382
   0.294543
  0.0154745
  0.0011287
0.000605681
 0.00136213
  0.0041267
  0.0130552
  0.0399605
   0.105815
   0.219778
   0.362781
   0.504442
    0.61583
   0.687658
   0.727619
   0.745977
   0.750471
   0.746973
    0.74067
   0.736104
   0.736103
   0.740671
   0.746971
   0.750466
   0.745968
   0.727606
   0.687634
   0.615794
   0.504389
   0.362721
   0.219726
   0.105778
  0.0399458
  0.0130485
 0.00412384
 0.00136156
0.000605114
 0.00112959
   0.015463
   0.294863
   0.922505
   0.997041
   0.999893
   0.999996
          1
          1
          1
          1
          1
          1
          1
          1
          1
          1
          1
          1
   0.999992
    0.99977
    0.99336
   0.834718
    0.14481
 0.00649615
0.000702229
0.000676046
 0.00180874
 0.00579399
  0.0191838
  0.0599179
   0.152053
   0.289864
   0.442316
   0.576312
   0.669034
   0.721716
   0.745546
   0.749689
   0.740389
   0.723327
   0.705304
   0.693724
   0.693726
   0.705306
   0.723331
   0.740392
   0.749687
    0.74554
     0.7217
   0.669006
   0.576268
   0.442263
   0.289805
   0.152004
  0.0598987
  0.0191724
 0.00579143
 0.00180755
0.000675731
0.000701931
 0.00650104
   0.144905
   0.835005
    0.99335
   0.999771
   0.999992
          1
          1
          1
          1
          1
          1
          1
          1
          1
          1
          1
          1
   0.999986
   0.999573
    0.98728
   0.715642
  0.0757649
 0.00333598
0.000553236
0.000782542
  0.0022988
 0.00769068
  0.0264525
  0.0830567
   0.198843
   0.351048
   0.504157
   0.625968
   0.701786
   0.739326
   0.749761
   0.740055
   0.714728
   0.679628
    0.64468
   0.622584
   0.622583
   0.644689
   0.679632
   0.714739
    0.74006
   0.749761
   0.739317
   0.701767
   0.625932
    0.50411
    0.35099
   0.198793
  0.0830237
  0.0264422
 0.00768533
 0.00229779
0.000781917
0.000553288
 0.00333439
   0.075811
   0.715833
   0.987285
   0.999573
   0.999986
          1
          1
          1
          1
          1
          1
          1
          1
          1
          1
          1
   0.999999
   0.999978
   0.999315
   0.979237
   0.598169
  0.0452239
 0.00208825
 0.00050145
0.000893278
  0.0027703
 0.00958401
  0.0339624
   0.105799
   0.239092
   0.398102
   0.547724
    0.65784
   0.720666
   0.746838
    0.74602
   0.722626
   0.679165
   0.621916
   0.565586
    0.53023
   0.530236
   0.565594
    0.62193
   0.679176
   0.722638
   0.746025
   0.746833
    0.72065
   0.657812
   0.547679
   0.398053
   0.239033
   0.105771
   0.033945
 0.00957999
 0.00276832
0.000892802
0.000501152
 0.00208917
  0.0452139
   0.598167
    0.97922
   0.999315
   0.999978
   0.999999
          1
          1
          1
          1
          1
          1
          1
          1
          1
          1
   0.999999
    0.99997
   0.999061
   0.971269
   0.510834
  0.0318038
  0.0015597
0.000486187
0.000983288
 0.00314613
  0.0111521
  0.0402701
   0.123939
   0.267834
    0.42938
   0.574919
   0.676409
   0.730582
   0.748957
   0.739493
   0.704217
   0.643667
   0.564929
   0.488341
   0.441154
   0.441155
   0.488356
   0.564943
   0.643685
   0.704231
   0.739502
   0.748957
   0.730568
   0.676381
    0.57488
   0.429322
   0.267784
   0.123896
  0.0402575
  0.0111446
 0.00314502
0.000982534
0.000486149
 0.00155934
   0.031827
    0.51093
   0.971225
   0.999061
    0.99997
   0.999999
          1
          1
          1
          1
          1
          1
          1
          1
          1
          1
   0.999999
   0.999965
   0.998899
   0.966142
   0.466655
  0.0266465
 0.00135827
0.000483254
  0.0010337
 0.00335684
  0.0120428
  0.0439092
   0.133923
   0.282655
   0.444851
   0.587876
   0.684881
   0.734734
   0.749084
   0.734781
   0.692372
    0.62116
   0.529059
   0.440606
   0.387118
   0.387129
   0.440625
    0.52908
    0.62118
   0.692388
   0.734791
   0.749084
   0.734724
   0.684856
   0.587837
   0.444807
   0.282596
   0.133892
  0.0438859
  0.0120387
 0.00335451
 0.00103319
0.000483028
 0.00135828
  0.0266429
   0.466458
   0.966166
   0.998896
   0.999965
   0.999999
          1
          1
          1
          1
          1
          1
          1
          1
          1
          1
   0.999999
   0.999965
   0.998896
   0.966181
   0.466377
  0.0266499
 0.00135785
0.000483389
 0.00103366
 0.00335632
  0.0120458
  0.0438999
   0.133936
   0.282639
   0.444852
   0.587871
   0.684876
   0.734735
   0.749083
   0.734782
   0.692377
   0.621165
    0.52907
   0.440617
   0.387132
   0.387142
   0.440636
   0.529092
   0.621185
   0.692394
   0.734792
   0.749082
   0.734722
   0.684851
   0.587833
   0.444793
    0.28259
   0.133885
  0.0438844
  0.0120369
  0.0033549
 0.00103275
0.000483221
  0.0013574
  0.0266704
   0.466587
   0.966165
   0.998901
   0.999965
   0.999999
          1
          1
          1
          1
          1
          1
          1
          1
          1
          1
   0.999999
    0.99997
    0.99906
   0.971222
   0.510775
  0.0317895
 0.00156007
0.000486058
0.000983352
 0.00314663
  0.0111481
  0.0402745
   0.123917
   0.267827
   0.429359
   0.574903
   0.676399
   0.730574
   0.748958
   0.739497
   0.704224
   0.643682
   0.564946
   0.488364
   0.441182
   0.441188
   0.488383
   0.564969
   0.643704
    0.70424
   0.739503
   0.748954
   0.730562
    0.67637
   0.574859
   0.429305
   0.267763
   0.123881
  0.0402522
   0.011144
 0.00314384
0.000982686
0.000485774
 0.00156046
  0.0318135
   0.511017
   0.971276
   0.999061
    0.99997
   0.999999
          1
          1
          1
          1
          1
          1
          1
          1
          1
          1
   0.999999
   0.999978
   0.999313
   0.979245
   0.597819
  0.0452311
 0.00208804
0.000501434
0.000893152
  0.0027697
 0.00958421
  0.0339515
   0.105794
   0.239053
   0.398078
   0.547697
    0.65782
   0.720655
   0.746831
   0.746023
   0.722637
    0.67918
   0.621947
   0.565623
   0.530268
   0.530274
   0.565633
   0.621966
   0.679198
   0.722647
   0.746028
   0.746826
   0.720638
   0.657788
   0.547653
   0.398015
   0.239002
   0.105753
  0.0339389
 0.00957753
 0.00276818
0.000892408
0.000501317
 0.00208785
  0.0452811
   0.598162
   0.979229
   0.999317
   0.999978
   0.999999
          1
          1
          1
          1
          1
          1
          1
          1
          1
          1
          1
   0.999986
   0.999571
    0.98727
    0.71593
   0.075729
 0.00333926
0.000553079
0.000782511
 0.00229852
 0.00768717
  0.0264517
   0.083031
   0.198813
   0.350998
   0.504114
   0.625933
   0.701763
   0.739315
   0.749757
    0.74006
   0.714744
   0.679646
   0.644715
    0.62262
   0.622625
   0.644723
   0.679659
   0.714755
   0.740068
   0.749757
   0.739305
   0.701742
     0.6259
   0.504065
   0.350947
   0.198753
  0.0830024
  0.0264355
 0.00768354
 0.00229683
0.000781951
0.000552846
 0.00333819
  0.0757754
    0.71591
   0.987267
   0.999574
   0.999986
          1
          1
          1
          1
          1
          1
          1
          1
          1
          1
          1
          1
   0.999992
    0.99977
   0.993353
   0.834694
   0.144956
 0.00649821
0.000702428
0.000675872
 0.00180837
 0.00579342
  0.0191754
  0.0599094
   0.152004
   0.289813
   0.442256
   0.576258
   0.668994
   0.721688
   0.745533
   0.749683
   0.740395
   0.723343
   0.705323
    0.69375
   0.693751
    0.70533
    0.72335
   0.740402
   0.749684
   0.745528
   0.721676
   0.668971
   0.576216
   0.442207
   0.289747
   0.151958
  0.0598793
  0.0191662
 0.00578893
 0.00180728
0.000675441
0.000702308
 0.00649653
   0.145171
   0.834686
   0.993371
   0.999771
   0.999992
          1
          1
          1
          1
          1
          1
          1
          1
          1
          1
          1
          1
   0.999996
   0.999893
    0.99704
   0.922508
    0.29444
  0.0154924
 0.00112881
0.000605611
 0.00136202
 0.00412471
  0.0130528
   0.039944
   0.105782
   0.219711
   0.362706
   0.504366
   0.615768
   0.687614
   0.727588
   0.745958
    0.75046
   0.746972
   0.740678
   0.736115
   0.736117
    0.74068
   0.746977
   0.750461
   0.745955
    0.72758
   0.687597
   0.615736
   0.504324
   0.362649
   0.219659
   0.105745
  0.0399267
  0.0130436
 0.00412223
 0.00136087
0.000605286
 0.00112891
  0.0154945
   0.294761
    0.92247
   0.997034
   0.999894
   0.999996
          1
          1
          1
          1
          1
          1
          1
          1
          1
          1
          1
          1
   0.999998
   0.999957
   0.998857
   0.970291
   0.547132
  0.0442143
 0.00248394
0.000626259
 0.00100337
 0.00279298
 0.00840073
  0.0248633
  0.0669859
   0.150186
   0.271564
   0.409568
   0.535332
   0.628691
   0.688395
   0.722858
   0.740678
   0.748326
   0.750552
   0.750744
   0.750742
   0.750554
   0.748325
   0.740676
    0.72285
   0.688382
   0.628666
     0.5353
   0.409521
    0.27151
   0.150138
  0.0669607
  0.0248502
 0.00839661
  0.0027905
  0.0010026
0.000626051
 0.00248359
  0.0441974
   0.547741
   0.970254
   0.998863
   0.999957
   0.999998
          1
          1
          1
          1
          1
          1
          1
          1
          1
          1
          1
          1
   0.999999
   0.999985
   0.999616
   0.990434
   0.802883
   0.140196
 0.00754935
0.000900454
 0.00076747
 0.00181566
 0.00514117
  0.0145844
  0.0389757
  0.0918355
   0.181404
   0.300013
   0.426435
   0.536629
   0.617911
   0.671513
   0.704397
   0.723308
   0.733231
   0.737389
   0.737391
   0.733228
   0.723308
    0.70439
   0.671503
   0.617892
   0.536604
   0.426397
   0.299967
    0.18136
  0.0918088
  0.0389582
  0.0145777
 0.00513772
  0.0018146
0.000766994
0.000900193
 0.00754652
   0.140301
   0.803002
   0.990424
   0.999618
   0.999985
   0.999999
          1
          1
          1
          1
          1
          1
          1
          1
          1
          1
          1
          1
          1
   0.999995
   0.999887
   0.997339
   0.940506
   0.402811
  0.0297219
 0.00214524
0.000714792
 0.00116927
 0.00300605
 0.00811333
  0.0211114
  0.0505617
   0.106639
   0.193152
   0.301253
   0.412294
   0.508289
   0.580815
   0.630697
   0.662575
   0.681092
    0.68953
   0.689529
   0.681091
    0.66257
   0.630689
   0.580801
   0.508266
   0.412265
   0.301211
   0.193117
   0.106611
  0.0505382
  0.0211022
 0.00810835
 0.00300455
 0.00116816
0.000714457
 0.00214423
  0.0297424
   0.402965
   0.940587
   0.997339
   0.999888
   0.999995
          1
          1
          1
          1
          1
          1
          1
          1
          1
          1
          1
          1
          1
          1
   0.999999
   0.999971
   0.999351
   0.985883
   0.762277
   0.131697
 0.00842531
 0.00110249
0.000828333
 0.00171093
 0.00429937
  0.0107488
  0.0254389
  0.0552558
   0.107304
   0.183289
   0.275067
   0.367843
   0.448657
   0.511254
   0.555159
   0.582463
    0.59545
   0.595449
   0.582461
   0.555153
   0.511242
   0.448634
   0.367818
   0.275036
   0.183264
   0.107285
  0.0552342
  0.0254308
  0.0107436
  0.0042979
 0.00170933
0.000828013
 0.00110203
 0.00842159
   0.131697
    0.76223
    0.98589
   0.999352
   0.999971
   0.999999
          1
          1
          1
          1
          1
          1
          1
          1
          1
          1
          1
          1
          1
          1
          1
   0.999993
    0.99986
    0.99712
   0.945153
   0.466956
  0.0454585
 0.00357228
 0.00087731
   0.001022
 0.00220249
 0.00518632
   0.011877
  0.0256486
   0.051325
  0.0936573
   0.153562
   0.224877
   0.296636
   0.359121
   0.407057
   0.438836
   0.454544
   0.454544
   0.438829
   0.407049
   0.359104
   0.296616
   0.224855
   0.153545
  0.0936413
  0.0513093
   0.025641
  0.0118712
 0.00518354
 0.00220035
 0.00102133
0.000877012
 0.00357079
  0.0454244
   0.467266
   0.945203
   0.997136
    0.99986
   0.999993
          1
          1
          1
          1
          1
          1
          1
          1
          1
          1
          1
          1
          1
          1
          1
          1
   0.999999
   0.999973
    0.99948
   0.990422
   0.851013
    0.24688
  0.0206754
 0.00219626
0.000850362
 0.00116648
 0.00241542
 0.00523097
   0.010933
  0.0216399
  0.0402068
  0.0694098
   0.109866
   0.157926
   0.206379
   0.247839
   0.277364
   0.292547
   0.292545
   0.277363
   0.247834
   0.206369
   0.157916
   0.109853
  0.0694009
  0.0401976
  0.0216363
  0.0109285
 0.00522922
 0.00241323
 0.00116644
0.000849782
 0.00219554
  0.0206574
   0.246913
   0.851193
   0.990425
    0.99948
   0.999973
   0.999999
          1
          1
          1
          1
          1
          1
          1
          1
          1
          1
          1
          1
          1
          1
          1
          1
          1
   0.999995
   0.999915
   0.998542
   0.976319
   0.720066
   0.144737
  0.0129231
 0.00178213
 0.00085661
 0.00117417
 0.00223777
 0.00440791
  0.0083858
  0.0151942
  0.0260821
  0.0421442
  0.0634536
  0.0881241
   0.112336
   0.131549
   0.142123
   0.142122
    0.13155
   0.112329
    0.08812
  0.0634436
  0.0421414
   0.026077
  0.0151924
 0.00838279
 0.00440663
  0.0022355
 0.00117394
0.000856034
  0.0017809
  0.0129166
   0.144686
   0.720053
   0.976368
   0.998544
   0.999916
   0.999995
          1
          1
          1
          1
          1
          1
          1
          1
          1
          1
          1
          1
          1
          1
          1
          1
          1
          1
   0.999999
   0.999987
     0.9998
   0.996934
   0.956799
   0.612025
   0.107687
  0.0109737
 0.00176508
0.000850912
 0.00103932
 0.00176171
 0.00312575
 0.00538963
 0.00887882
  0.0138971
  0.0205547
  0.0285118
  0.0367536
   0.043709
  0.0477143
  0.0477171
  0.0437063
  0.0367547
   0.028507
  0.0205552
   0.013894
 0.00887821
 0.00538811
 0.00312534
 0.00176042
 0.00103911
0.000849877
  0.0017652
  0.0109697
   0.107727
   0.611878
   0.956897
   0.996939
     0.9998
   0.999987
   0.999999
          1
          1
          1
          1
          1
          1
          1
          1
          1
          1
          1
          1
          1
          1
          1
          1
          1
          1
          1
   0.999998
   0.999975
    0.99964
   0.995175
   0.941481
   0.569757
   0.106176
  0.0125366
  0.0021278
0.000869591
0.000844199
 0.00121332
 0.00190661
 0.00295848
 0.00440367
 0.00622742
 0.00831397
   0.010416
  0.0121605
  0.0131622
  0.0131605
  0.0121619
  0.0104141
 0.00831466
 0.00622543
 0.00440338
 0.00295713
 0.00190637
 0.00121265
0.000844202
0.000868705
 0.00212829
  0.0125299
   0.106128
   0.569455
   0.941522
   0.995184
   0.999642
   0.999975
   0.999998
          1
          1
          1
          1
          1
          1
          1
          1
          1
          1
          1
          1
          1
          1
          1
          1
          1
          1
          1
          1
          1
   0.999997
   0.999961
   0.999515
   0.994338
   0.940524
   0.604004
   0.138911
  0.0194504
  0.0033546
 0.00106119
0.000715744
0.000792539
 0.00105485
 0.00144816
 0.00193766
 0.00247762
 0.00299797
 0.00341662
 0.00365026
 0.00365113
 0.00341567
  0.0029984
 0.00247651
 0.00193779
 0.00144739
 0.00105493
0.000792132
0.000715888
 0.00106078
 0.00335703
  0.0194406
   0.138917
   0.603903
   0.940619
   0.994336
   0.999517
   0.999961
   0.999997
          1
          1
          1
          1
          1
          1
          1
          1
          1
          1
          1
          1
          1
          1
          1
          1
          1
          1
          1
          1
          1
          1
          1
   0.999996
   0.999955
   0.999508
   0.995027
   0.954855
   0.706846
   0.232527
  0.0415204
 0.00762444
  0.0019638
0.000854995
 0.00062196
0.000621462
0.000708418
0.000829761
0.000954345
 0.00105459
 0.00111118
 0.00111062
 0.00105494
0.000953862
0.000830085
0.000708116
0.000621635
0.000621757
0.000855573
 0.00196417
 0.00763087
  0.0415084
    0.23253
   0.706832
   0.954893
   0.995026
   0.999507
   0.999955
   0.999996
          1
          1
          1
          1
          1
          1
          1
          1
          1
          1
          1
          1
          1
          1
          1
          1
          1
          1
          1
          1
          1
          1
          1
          1
          1
   0.999996
    0.99996
   0.999624
   0.996756
   0.974573
    0.83891
   0.440249
    0.11797
  0.0259902
 0.00655941
 0.00218178
 0.00102094
0.000658617
0.000536342
0.000497564
0.000489842
0.000489815
0.000490095
0.000489527
0.000497802
0.000536012
0.000658801
 0.00102041
 0.00218235
 0.00655886
  0.0259932
   0.117973
   0.440409
   0.838986
   0.974656
   0.996759
   0.999625
    0.99996
   0.999996
          1
          1
          1
          1
          1
          1
          1
          1
          1
          1
          1
          1
          1
          1
          1
          1
          1
          1
          1
          1
          1
          1
          1
          1
          1
          1
          1
   0.999997
   0.999973
   0.999785
   0.998419
   0.989412
   0.938613
   0.736802
   0.366279
    0.12106
  0.0371615
  0.0128743
 0.00539312
 0.00278445
 0.00176118
 0.00132718
 0.00116345
  0.0011624
 0.00132796
 0.00175982
 0.00278592
 0.00539081
  0.0128737
  0.0371498
   0.121046
   0.366453
    0.73694
   0.938717
   0.989454
   0.998416
   0.999786
   0.999973
   0.999997
          1
          1
          1
          1
          1
          1
          1
          1
          1
          1
          1
          1
          1
          1
          1
          1
          1
          1
          1
          1
          1
          1
          1
          1
          1
          1
          1
          1
          1
   0.999998
   0.999986
   0.999906
    0.99942
    0.99674
   0.983736
    0.93112
   0.773819
   0.499825
   0.253801
   0.120212
  0.0614497
  0.0362366
  0.0253708
  0.0211659
  0.0211846
   0.025347
  0.0362668
  0.0614246
   0.120256
   0.253786
    0.49989
   0.774054
   0.931057
   0.983769
   0.996746
    0.99942
   0.999907
   0.999986
   0.999998
          1
          1
          1
          1
          1
          1
          1
          1
          1
          1
          1
          1
          1
          1
          1
          1
          1
          1
          1
          1
          1
          1
          1
          1
          1
          1
          1
          1
          1
          1
          1
   0.999999
   0.999995
   0.999969
   0.999839
   0.999247
   0.996879
   0.988608
   0.964241
   0.906397
   0.802493
   0.667174
    0.54047
   0.450537
   0.406994
   0.406582
   0.450811
   0.540159
   0.667462
   0.802464
   0.906477
    0.96424
   0.988598
   0.996877
   0.999248
    0.99984
   0.999969
   0.999995
   0.999999
          1
          1
          1
          1
          1
          1
          1
          1
          1
          1
          1
          1
          1
          1
          1
          1
          1
          1
          1
          1
          1
          1
          1
          1
          1
          1
          1
          1
          1
          1
          1
          1
          1
          1
   0.999998
   0.999992
   0.999966
   0.999868
   0.999544
   0.998619
   0.996368
   0.991756
   0.984083
   0.973867
   0.963791
   0.957307
    0.95735
   0.963713
   0.973891
   0.984084
   0.991769
   0.996368
   0.998619
   0.999544
   0.999868
   0.999966
   0.999992
   0.999998
          1
          1
          1
          1
          1
          1
          1
          1
          1
          1
          1
          1
          1
          1
          1
          1
          1
          1
          1
          1
          1
          1
          1
          1
          1
          1
          1
          1
          1
          1
          1
          1
          1
          1
          1
          1
          1
          1
   0.999998
   0.999994
   0.999982
   0.999948
   0.999869
   0.999715
   0.999464
   0.999137
   0.998811
   0.998607
   0.998607
   0.998812
   0.999138
   0.999465
   0.999716
   0.999869
   0.999948
   0.999982
   0.999994
   0.999998
          1
          1
          1
          1
          1
          1
          1
          1
          1
          1
          1
          1
          1
          1
          1
          1
          1
          1
          1
          1
          1
          1
          1
          1
          1
          1
          1
          1
          1
          1
          1
          1
          1
          1
          1
          1
          1
          1
          1
          1
          1
          1
   0.999999
   0.999998
   0.999995
    0.99999
   0.999982
   0.999972
   0.999962
   0.999956
   0.999956
   0.999962
   0.999972
   0.999982
    0.99999
   0.999995
   0.999998
   0.999999
          1
          1
          1
          1
          1
          1
          1
          1
          1
          1
          1
          1
          1
          1
          1
          1
          1
          1
          1
          1
          1
          1
          1
          1
          1
          1
          1
          1
          1
          1
          1
          1
          1
          1
          1
          1
          1
          1
          1
          1
          1
          1
          1
          1
          1
          1
          1
          1
   0.999999
   0.999999
   0.999999
   0.999999
   0.999999
   0.999999
   0.999999
   0.999999
          1
          1
          1
          1
          1
          1
          1
          1
          1
          1
          1
          1
          1
          1
          1
          1
          1
          1
          1
          1
          1
          1
          1
          1
          1
          1
          1
          1
          1
          1
          1
          1
          1
          1
          1
          1
          1
          1
          1
          1
          1
          1
          1
          1
          1
          1
          1
          1
          1
          1
          1
          1
          1
          1
          1
          1
          1
          1
          1
          1
          1
          1
          1
          1
          1
          1
          1
          1
          1
          1
          1
          1
          1
          1
          1
          1
          1
          1
          1
          1
          1
          1
          1
          1
          1
          1
          1
          1
          1
          1
          1
          1
          1
          1
          1
          1
          1
          1
          1
          1
          1
          1
          1
          1
          1
          1
          1
          1
          1
          1
          1
          1
          1
          1
          1
          1
          1
          1
          1
          1
          1
          1
          1
          1
          1
          1
          1
          1
          1
          1
          1
          1
          1
          1
          1
          1
          1
          1
          1
          1
          1
          1
          1
          1
          1
          1
          1
          1
          1
          1
          1
          1
          1
          1
          1
          1
          1
          1
          1
          1
          1
          1
          1
          1
          1
          1
          1
          1
          1
          1
          1
          1
          1
          1
          1
          1
          1
          1
          1
          1
          1
          1
          1
          1
          1
          1
          1
          1
          1
          1
          1
          1
          1
          1
          1
          1
          1
          1
          1
          1
          1
          1
          1
          1
          1
          1
          1
          1
          1
          1
          1
          1
          1
          1
          1
          1
          1
          1
          1
          1
          1
          1
          1
          1
          1
          1
          1
          1
          1
          1
          1
          1
          1
          1
          1
          1
          1
          1
          1
          1
          1
          1
          1
          1
          1
          1
          1
          1
          1
          1
          1
          1
          1
          1
          1
          1
          1
          1
          1
          1
          1
          1
          1
          1
          1
          1
          1
          1
          1
          1
          1
          1
          1
          1
          1
          1
          1
          1
          1
          1
          1
          1
          1
          1
          1
          1
          1
          1
          1
          1
          1
          1
          1
          1
          1
          1
          1
          1
          1
          1
          1
          1
          1
          1
          1
          1
          1
          1
          1
          1
          1
          1
          1
          1
          1
          1
          1
          1
          1
          1
          1
          1
          1
          1
          1
          1
          1
          1
          1
          1
          1
          1
          1
          1
          1
          1
          1
          1
          1
          1
          1
          1
          1
          1
          1
          1
          1
          1
          1
          1
          1
          1
          1
          1
          1
          1
          1
          1
          1
          1
          1
          1
          1
          1
          1
          1
          1
          1
          1
          1
          1
          1
          1
          1
          1
          1
          1
          1
          1
          1
          1
          1
          1
          1
          1
          1
          1
          1
          1
          1
          1
          1
          1
          1
          1
          1
          1
          1
          1
          1
          1
          1
          1
          1
          1
          1
          1
          1
          1
          1
          1
          1
          1
          1
          1
          1
          1
          1
          1
          1
          1
          1
          1
          1
          1
          1
          1
          1
          1
          1
          1
          1
          1
          1
          1
          1
          1
          1
          1
          1
          1
          1
          1
          1
          1
          1
          1
          1
          1
          1
          1
          1
          1
          1
          1
          1
          1
          1
          1
          1
          1
          1
          1
          1
          1
          1
          1
          1
          1
          1
          1
          1
          1
          1
          1
          1
          1
          1
          1
          1
          1
          1
          1
          1
          1
          1
          1
          1
          1
          1
          1
          1
          1
          1
          1
          1
          1
          1
          1
          1
          1
          1
          1
          1
          1
          1
          1
          1
          1
          1
          1
          1
          1
          1
          1
          1
          1
          1
          1
          1
          1
          1
          1
          1
          1
          1
          1
          1
          1
          1
          1
          1
          1
          1
          1
          1
          1
          1
          1
          1
          1
          1
          1
          1
          1
          1
          1
          1
          1
          1
          1
          1
          1
          1
          1
          1
          1
          1
          1
          1
          1
          1
          1
          1
          1
          1
          1
          1
          1
          1
          1
          1
          1
          1
          1
          1
          1
          1
          1
          1
          1
          1
          1
          1
          1
          1
          1
          1
          1
          1
          1
          1
          1
          1
          1
          1
          1
          1
          1
          1
          1
          1
          1
          1
          1
          1
          1
          1
          1
          1
          1
          1
          1
          1
          1
          1
          1
          1
          1
          1
          1
          1
          1
          1
          1
          1
          1
          1
          1
          1
          1
          1
          1
          1
          1
          1
          1
          1
          1
          1
          1
          1
          1
          1
          1
          1
          1
          1
          1
          1
          1
          1
          1
   0.999999
   0.999999
   0.999999
   0.999999
   0.999999
   0.999999
          1
          1
          1
          1
          1
          1
          1
          1
          1
          1
          1
          1
          1
          1
          1
          1
          1
          1
          1
          1
          1
          1
          1
          1
          1
          1
          1
          1
          1
          1
          1
          1
          1
          1
          1
          1
          1
          1
          1
          1
          1
          1
          1
          1
          1
          1
          1
          1
          1
   0.999999
   0.999999
   0.999997
   0.999993
   0.999987
   0.999979
   0.999972
   0.999967
   0.999967
   0.999972
   0.999979
   0.999987
   0.999993
   0.999997
   0.999999
   0.999999
          1
          1
          1
          1
          1
          1
          1
          1
          1
          1
          1
          1
          1
          1
          1
          1
          1
          1
          1
          1
          1
          1
          1
          1
          1
          1
          1
          1
          1
          1
          1
          1
          1
          1
          1
          1
          1
          1
          1
          1
          1
          1
   0.999999
   0.999996
   0.999987
   0.999962
   0.999904
   0.999791
   0.999608
   0.999369
   0.999129
   0.998976
   0.998981
   0.999128
   0.999369
   0.999607
   0.999792
   0.999904
   0.999962
   0.999987
   0.999996
   0.999999
          1
          1
          1
          1
          1
          1
          1
          1
          1
          1
          1
          1
          1
          1
          1
          1
          1
          1
          1
          1
          1
          1
          1
          1
          1
          1
          1
          1
          1
          1
          1
          1
          1
          1
          1
          1
          1
          1
   0.999999
   0.999994
   0.999975
   0.999904
   0.999671
   0.999003
   0.997382
   0.994064
   0.988529
   0.981099
   0.973677
   0.968934
   0.968945
     0.9737
   0.981086
   0.988504
   0.994068
   0.997381
   0.999003
   0.999671
   0.999904
   0.999975
   0.999994
   0.999999
          1
          1
          1
          1
          1
          1
          1
          1
          1
          1
          1
          1
          1
          1
          1
          1
          1
          1
          1
          1
          1
          1
          1
          1
          1
          1
          1
          1
          1
          1
          1
          1
          1
          1
   0.999999
   0.999996
   0.999978
   0.999886
   0.999463
   0.997778
   0.991879
   0.974457
   0.932053
   0.852343
   0.740401
   0.626017
   0.538825
    0.49396
   0.493917
   0.538878
   0.625829
   0.740544
   0.852217
   0.932129
   0.974466
   0.991878
   0.997781
   0.999464
   0.999886
   0.999978
   0.999996
   0.999999
          1
          1
          1
          1
          1
          1
          1
          1
          1
          1
          1
          1
          1
          1
          1
          1
          1
          1
          1
          1
          1
          1
          1
          1
          1
          1
          1
          1
          1
          1
          1
   0.999999
    0.99999
   0.999934
   0.999594
   0.997717
   0.988635
   0.951049
   0.831882
   0.591315
   0.330787
   0.165956
  0.0871877
  0.0520209
  0.0365654
  0.0305952
  0.0306086
  0.0365516
  0.0520149
  0.0871394
   0.166061
   0.330806
   0.591318
   0.831916
   0.951035
   0.988636
   0.997723
   0.999593
   0.999934
    0.99999
   0.999999
          1
          1
          1
          1
          1
          1
          1
          1
          1
          1
          1
          1
          1
          1
          1
          1
          1
          1
          1
          1
          1
          1
          1
          1
          1
          1
          1
          1
          1
   0.999998
   0.999981
    0.99985
   0.998908
   0.992699
   0.957318
   0.804174
   0.460367
   0.169318
  0.0541325
  0.0189716
 0.00794933
 0.00408456
 0.00256373
 0.00192022
 0.00167571
 0.00167442
 0.00192022
 0.00256318
 0.00408707
 0.00794979
  0.0189775
  0.0541788
   0.169355
   0.460615
   0.804348
   0.957304
   0.992718
   0.998907
   0.999851
   0.999981
   0.999998
          1
          1
          1
          1
          1
          1
          1
          1
          1
          1
          1
          1
          1
          1
          1
          1
          1
          1
          1
          1
          1
          1
          1
          1
          1
          1
          1
   0.999997
   0.999972
   0.999739
   0.997767
   0.982568
   0.885681
   0.539854
   0.167423
  0.0386694
 0.00982433
 0.00323035
 0.00147582
0.000924349
0.000732931
0.000666445
0.000647544
 0.00064383
0.000644127
0.000647135
0.000666576
0.000732516
 0.00092463
 0.00147523
 0.00323106
 0.00981942
  0.0386577
   0.167479
   0.539954
   0.885588
   0.982562
   0.997771
    0.99974
   0.999972
   0.999997
          1
          1
          1
          1
          1
          1
          1
          1
          1
          1
          1
          1
          1
          1
          1
          1
          1
          1
          1
          1
          1
          1
          1
          1
          1
   0.999997
   0.999968
   0.999659
   0.996587
   0.969036
   0.783243
   0.314072
  0.0619624
  0.0115646
 0.00293545
 0.00122863
0.000853411
0.000821744
0.000913898
 0.00105285
 0.00119774
 0.00131487
 0.00138084
 0.00138007
 0.00131504
 0.00119726
 0.00105313
 0.00091339
0.000821935
0.000852954
 0.00122932
 0.00293298
  0.0115677
  0.0619864
   0.314177
   0.783491
    0.96901
   0.996588
   0.999659
   0.999968
   0.999997
          1
          1
          1
          1
          1
          1
          1
          1
          1
          1
          1
          1
          1
          1
          1
          1
          1
          1
          1
          1
          1
          1
          1
   0.999998
   0.999973
   0.999664
   0.996126
   0.959249
   0.696779
   0.197404
  0.0296153
 0.00510508
 0.00155473
0.000990599
 0.00104939
 0.00135615
 0.00182604
 0.00240671
 0.00304363
 0.00365238
 0.00413939
 0.00441047
 0.00441109
 0.00413815
 0.00365294
 0.00304239
 0.00240675
 0.00182499
 0.00135632
 0.00104842
0.000990846
 0.00155306
 0.00510661
  0.0296186
   0.197431
   0.696896
   0.959147
    0.99613
   0.999665
   0.999973
   0.999998
          1
          1
          1
          1
          1
          1
          1
          1
          1
          1
          1
          1
          1
          1
          1
          1
          1
          1
          1
          1
          1
   0.999999
   0.999982
   0.999751
     0.9967
   0.959895
   0.666619
   0.153894
  0.0192394
 0.00322712
 0.00124714
 0.00114166
 0.00158241
 0.00242568
 0.00369566
 0.00541336
 0.00755638
 0.00998004
  0.0124029
  0.0144021
  0.0155459
  0.0155441
  0.0144018
     0.0124
 0.00997977
 0.00755368
 0.00541266
 0.00369392
 0.00242567
   0.001581
 0.00114173
 0.00124567
 0.00322742
  0.0192357
   0.154072
   0.666495
   0.959836
   0.996705
   0.999752
   0.999982
   0.999999
          1
          1
          1
          1
          1
          1
          1
          1
          1
          1
          1
          1
          1
          1
          1
          1
          1
          1
          1
   0.999999
   0.999991
   0.999861
   0.997903
   0.970425
   0.703652
   0.155989
  0.0168677
 0.00266721
 0.00120446
 0.00139109
 0.00228419
 0.00396086
 0.00670334
  0.0108527
  0.0167336
  0.0244329
    0.03355
  0.0429366
  0.0508286
  0.0553655
   0.055362
   0.050823
  0.0429335
   0.033543
  0.0244276
  0.0167278
  0.0108501
 0.00670028
 0.00396045
 0.00228243
 0.00139128
 0.00120332
 0.00266686
  0.0168554
   0.156141
   0.703523
   0.970426
     0.9979
   0.999861
   0.999991
   0.999999
          1
          1
          1
          1
          1
          1
          1
          1
          1
          1
          1
          1
          1
          1
          1
          1
          1
          1
   0.999997
    0.99994
   0.998995
   0.983788
   0.793521
   0.204876
  0.0197904
 0.00269103
  0.0012076
 0.00156629
 0.00289614
 0.00557807
  0.0104093
  0.0185089
  0.0312421
  0.0497461
  0.0740177
   0.101914
   0.129138
   0.150663
   0.162475
   0.162471
   0.150648
   0.129121
   0.101898
  0.0740008
  0.0497302
  0.0312301
  0.0185033
  0.0104034
 0.00557641
 0.00289376
 0.00156672
 0.00120678
 0.00269054
  0.0197814
    0.20523
   0.793484
   0.983792
   0.998993
    0.99994
   0.999997
          1
          1
          1
          1
          1
          1
          1
          1
          1
          1
          1
          1
          1
          1
          1
          1
          1
   0.999999
    0.99998
   0.999636
   0.993392
   0.894185
   0.331087
  0.0313716
 0.00332792
 0.00120346
 0.00155617
 0.00312509
 0.00661645
  0.0135549
  0.0263006
  0.0479521
  0.0813716
   0.126914
    0.18023
   0.233196
   0.277886
   0.309317
   0.325339
   0.325326
   0.309296
    0.27786
    0.23317
   0.180197
   0.126886
  0.0813475
  0.0479367
  0.0262903
  0.0135476
 0.00661378
 0.00312158
 0.00155664
 0.00120261
 0.00332588
  0.0313623
   0.331263
   0.894122
   0.993372
   0.999634
    0.99998
   0.999999
          1
          1
          1
          1
          1
          1
          1
          1
          1
          1
          1
          1
          1
          1
          1
          1
   0.999995
     0.9999
   0.997985
   0.961715
   0.566077
  0.0674699
 0.00542387
 0.00125775
 0.00136771
 0.00284902
 0.00655836
  0.0147167
  0.0311318
  0.0610124
   0.109084
   0.175457
   0.252513
   0.328061
   0.392257
   0.440509
   0.472035
   0.487481
   0.487473
   0.472016
   0.440487
   0.392221
    0.32802
   0.252462
   0.175418
    0.10905
  0.0609905
  0.0311161
  0.0147105
 0.00655488
 0.00284589
  0.0013679
 0.00125659
 0.00542462
   0.067384
   0.566209
   0.961656
   0.997985
   0.999899
   0.999995
          1
          1
          1
          1
          1
          1
          1
          1
          1
          1
          1
          1
          1
          1
          1
   0.999999
   0.999979
   0.999537
   0.990109
   0.824209
   0.184887
  0.0127333
 0.00161345
  0.0011203
 0.00221569
 0.00543646
  0.0133199
  0.0308683
    0.06559
   0.124452
   0.207635
   0.304742
   0.399764
   0.480286
   0.541387
   0.583636
   0.609674
   0.621989
   0.621987
    0.60966
   0.583617
   0.541361
   0.480246
   0.399716
   0.304682
   0.207589
    0.12441
  0.0655634
  0.0308532
  0.0133133
 0.00543407
 0.00221351
 0.00112017
 0.00161195
  0.0127316
   0.184767
   0.824191
   0.990089
   0.999537
   0.999979
   0.999999
          1
          1
          1
          1
          1
          1
          1
          1
          1
          1
          1
          1
          1
          1
   0.999997
   0.999919
   0.998104
   0.957762
   0.497379
  0.0439505
 0.00319923
0.000988955
 0.00152262
 0.00380446
  0.0100607
  0.0256408
  0.0600757
   0.123652
     0.2181
   0.331367
   0.443517
   0.537793
   0.607622
   0.654949
   0.684867
   0.702109
   0.709925
   0.709921
   0.702102
   0.684851
   0.654926
   0.607587
   0.537751
   0.443466
   0.331303
   0.218058
   0.123613
  0.0600508
   0.025627
  0.0100539
 0.00380332
 0.00152104
0.000989443
 0.00319446
  0.0439622
   0.497018
   0.957753
   0.998103
   0.999919
   0.999997
          1
          1
          1
          1
          1
          1
          1
          1
          1
          1
          1
          1
          1
          1
   0.999989
   0.999722
   0.993182
   0.854058
   0.193889
  0.0112602
 0.00129488
 0.00101548
  0.0023066
  0.0063845
  0.0177447
  0.0464419
   0.106891
   0.205453
   0.329986
    0.45721
   0.564841
   0.642603
   0.693023
   0.723482
   0.740743
   0.749678
   0.753382
   0.753382
   0.749671
   0.740733
   0.723464
   0.692999
   0.642564
   0.564798
   0.457158
   0.329914
   0.205403
   0.106852
  0.0464217
   0.017736
    0.00638
   0.002306
 0.00101468
 0.00129459
   0.011253
   0.193809
   0.854376
   0.993172
   0.999724
   0.999989
          1
          1
          1
          1
          1
          1
          1
          1
          1
          1
          1
          1
          1
   0.999999
   0.999968
   0.999175
    0.97865
   0.635378
  0.0638423
 0.00367416
0.000861295
 0.00128914
 0.00348299
  0.0102539
  0.0297426
  0.0784397
   0.171494
   0.300797
    0.44053
   0.563417
   0.652593
   0.708521
   0.740139
   0.756062
   0.762621
   0.764335
   0.764353
    0.76435
   0.764333
   0.762613
   0.756054
   0.740122
   0.708496
   0.652555
   0.563371
   0.440476
   0.300729
   0.171442
    0.07841
  0.0297263
  0.0102489
 0.00348092
 0.00128898
0.000860796
 0.00367422
  0.0637803
    0.63575
   0.978701
   0.999175
   0.999968
   0.999999
          1
          1
          1
          1
          1
          1
          1
          1
          1
          1
          1
          1
   0.999997
   0.999922
   0.997856
   0.943758
   0.375486
  0.0226908
   0.001633
0.000802309
 0.00171533
 0.00506467
  0.0156947
   0.047083
   0.122056
   0.246569
   0.394097
   0.533499
   0.640195
   0.707595
    0.74419
   0.760373
   0.763817
   0.760195
   0.754309
   0.750156
   0.750157
   0.754306
   0.760195
   0.763813
   0.760368
   0.744175
   0.707569
   0.640156
   0.533444
   0.394044
   0.246503
   0.122018
  0.0470611
  0.0156841
 0.00506268
 0.00171474
0.000802194
 0.00163239
  0.0226957
   0.375635
   0.943835
   0.997851
   0.999922
   0.999997
          1
          1
          1
          1
          1
          1
          1
          1
          1
          1
          1
          1
   0.999994
   0.999831
   0.995193
   0.876891
   0.196861
 0.00952728
0.000988645
0.000872697
 0.00224407
 0.00702111
  0.0227625
  0.0697793
   0.173261
   0.320376
   0.473283
    0.60256
   0.690084
   0.738652
   0.759768
   0.762692
    0.75374
   0.738426
   0.722804
   0.712973
   0.712973
   0.722805
   0.738429
   0.753742
    0.76269
   0.759764
   0.738636
   0.690054
   0.602515
   0.473224
   0.320312
   0.173202
  0.0697535
  0.0227527
 0.00701661
  0.0022438
0.000871998
0.000988936
 0.00951117
   0.197115
   0.876942
   0.995192
    0.99983
   0.999994
          1
          1
          1
          1
          1
          1
          1
          1
          1
          1
          1
          1
   0.999989
   0.999684
   0.990764
   0.780684
   0.105894
 0.00487883
 0.00075818
0.000992935
 0.00282044
 0.00921739
  0.0310823
   0.095857
   0.224399
   0.383232
   0.533561
   0.649547
   0.720265
   0.754198
   0.762728
    0.75319
   0.730594
   0.700761
   0.672135
   0.654435
   0.654436
   0.672137
   0.700767
     0.7306
   0.753195
   0.762728
   0.754189
   0.720243
   0.649509
    0.53351
    0.38316
   0.224336
  0.0958242
  0.0310643
 0.00921385
 0.00281897
 0.00099261
0.000757823
 0.00487845
   0.105942
   0.780756
   0.990747
   0.999684
   0.999989
          1
          1
          1
          1
          1
          1
          1
          1
          1
          1
          1
   0.999999
   0.999983
   0.999495
   0.984898
   0.677299
  0.0641572
 0.00303149
0.000673646
 0.00112051
 0.00337012
  0.0113986
  0.0396006
   0.121389
   0.267744
     0.4306
   0.575397
   0.679348
   0.737362
    0.76045
   0.758661
   0.737286
   0.700068
   0.653497
   0.609378
   0.582258
   0.582258
   0.609383
   0.653503
    0.70008
   0.737295
    0.75867
   0.760446
   0.737345
   0.679315
   0.575347
   0.430535
   0.267678
   0.121341
  0.0395843
  0.0113904
 0.00336907
 0.00111977
0.000673514
 0.00302979
  0.0642169
   0.677642
   0.984884
   0.999494
   0.999983
   0.999999
          1
          1
          1
          1
          1
          1
          1
          1
          1
          1
   0.999999
   0.999977
   0.999305
   0.978995
   0.595683
   0.045355
 0.00225208
0.000644475
 0.00122528
 0.00380738
  0.0131863
  0.0467544
   0.141628
   0.298365
   0.461601
   0.601258
   0.696558
   0.746182
    0.76193
   0.752383
   0.721087
   0.670685
   0.608521
   0.550056
   0.514416
   0.514422
   0.550064
   0.608533
   0.670698
   0.721101
   0.752392
   0.761929
    0.74617
   0.696528
   0.601212
    0.46154
   0.298296
   0.141587
  0.0467252
  0.0131803
 0.00380538
 0.00122456
0.000644236
  0.0022521
  0.0453614
   0.596184
   0.978982
   0.999305
   0.999977
   0.999999
          1
          1
          1
          1
          1
          1
          1
          1
          1
          1
   0.999999
   0.999973
   0.999184
   0.975243
   0.552131
  0.0380865
 0.00195336
 0.00063698
 0.00128359
 0.00405045
  0.0142086
   0.050847
   0.152792
   0.313994
   0.476817
   0.613518
   0.704363
   0.749828
   0.761803
   0.747987
   0.710881
   0.652468
   0.580781
   0.513764
   0.473256
   0.473264
   0.513772
   0.580792
   0.652486
   0.710895
   0.747998
   0.761802
   0.749814
   0.704337
   0.613473
   0.476753
    0.31393
   0.152733
  0.0508271
  0.0141985
 0.00404941
 0.00128269
  0.0006368
 0.00195221
  0.0381197
   0.552346
   0.975231
   0.999183
   0.999973
   0.999999
          1
          1
          1
          1
          1
          1
          1
          1
          1
          1
   0.999999
   0.999973
   0.999183
   0.975213
   0.552254
  0.0380736
 0.00195447
0.000636708
 0.00128387
 0.00405092
  0.0142046
  0.0508559
    0.15277
   0.313999
   0.476808
   0.613511
    0.70436
   0.749823
   0.761805
    0.74799
   0.710883
   0.652472
   0.580784
   0.513775
   0.473272
   0.473276
   0.513788
     0.5808
   0.652491
   0.710901
      0.748
   0.761804
   0.749812
   0.704331
   0.613465
   0.476742
   0.313924
   0.152722
  0.0508224
  0.0141985
 0.00404829
 0.00128316
0.000636409
 0.00195447
  0.0380773
   0.552638
   0.975233
   0.999183
   0.999973
   0.999999
          1
          1
          1
          1
          1
          1
          1
          1
          1
          1
   0.999999
   0.999977
   0.999305
   0.979015
    0.59539
  0.0453775
 0.00225138
0.000644698
 0.00122512
 0.00380669
  0.0131881
  0.0467396
   0.141631
   0.298341
   0.461586
   0.601244
   0.696546
   0.746179
   0.761926
   0.752386
   0.721096
   0.670697
   0.608539
   0.550079
    0.51445
   0.514457
   0.550088
   0.608555
   0.670715
   0.721109
   0.752395
   0.761923
   0.746162
   0.696515
   0.601193
   0.461515
   0.298263
   0.141572
  0.0467198
  0.0131776
 0.00380524
 0.00122407
0.000644569
 0.00224976
  0.0454189
     0.5958
   0.978989
   0.999305
   0.999977
   0.999999
          1
          1
          1
          1
          1
          1
          1
          1
          1
          1
   0.999999
   0.999983
   0.999493
   0.984889
    0.67755
   0.064159
 0.00303369
0.000673434
 0.00112059
 0.00336994
  0.0113943
  0.0396017
    0.12136
   0.267717
   0.430566
   0.575365
   0.679327
   0.737347
   0.760446
   0.758663
   0.737292
   0.700084
   0.653516
   0.609407
   0.582295
   0.582298
   0.609418
    0.65353
   0.700099
   0.737305
   0.758667
   0.760439
   0.737329
    0.67929
   0.575311
   0.430489
   0.267641
   0.121314
  0.0395767
  0.0113888
  0.0033679
 0.00111996
 0.00067294
  0.0030344
  0.0641575
   0.677759
   0.984887
   0.999493
   0.999983
   0.999999
          1
          1
          1
          1
          1
          1
          1
          1
          1
          1
          1
   0.999989
   0.999685
   0.990773
   0.780286
   0.106026
 0.00487638
0.000758391
0.000992688
  0.0028196
 0.00921659
  0.0310684
  0.0958469
   0.224349
    0.38318
    0.53352
   0.649511
   0.720241
   0.754181
   0.762723
   0.753193
   0.730604
   0.700783
   0.672159
   0.654465
   0.654468
   0.672167
   0.700795
   0.730616
     0.7532
   0.762724
   0.754171
   0.720217
    0.64947
   0.533457
   0.383102
   0.224272
  0.0957945
  0.0310554
 0.00921004
 0.00281859
0.000991986
0.000758108
 0.00487441
   0.106091
   0.780883
   0.990769
   0.999685
   0.999989
          1
          1
          1
          1
          1
          1
          1
          1
          1
          1
          1
          1
   0.999994
    0.99983
   0.995196
   0.876983
   0.196806
 0.00953623
0.000988271
0.000872728
 0.00224352
 0.00701753
  0.0227597
  0.0697517
   0.173223
   0.320308
   0.473214
   0.602506
   0.690042
   0.738625
   0.759751
   0.762683
   0.753741
   0.738436
   0.722823
   0.712996
   0.712998
   0.722829
   0.738444
   0.753747
   0.762686
   0.759745
   0.738608
   0.690012
   0.602455
    0.47315
   0.320228
   0.173151
  0.0697213
  0.0227431
 0.00701388
 0.00224252
0.000872194
0.000987999
  0.0095334
   0.196953
   0.877118
   0.995191
   0.999831
   0.999994
          1
          1
          1
          1
          1
          1
          1
          1
          1
          1
          1
          1
   0.999997
   0.999922
   0.997854
   0.943655
    0.37591
  0.0226874
  0.0016338
0.000802017
 0.00171501
 0.00506339
  0.0156863
  0.0470698
   0.122007
   0.246502
    0.39402
   0.533421
   0.640132
   0.707546
   0.744158
   0.760352
   0.763805
   0.760193
    0.75431
   0.750165
   0.750165
   0.754314
   0.760196
   0.763806
   0.760347
   0.744147
   0.707524
   0.640095
   0.533365
   0.393944
   0.246436
   0.121957
  0.0470412
  0.0156778
 0.00505996
 0.00171447
 0.00080156
 0.00163441
  0.0226788
    0.37616
   0.943748
   0.997855
   0.999921
   0.999997
          1
          1
          1
          1
          1
          1
          1
          1
          1
          1
          1
          1
   0.999999
   0.999968
   0.999174
   0.978687
   0.635184
  0.0639035
 0.00367153
0.000861508
 0.00128847
 0.00348109
  0.0102505
  0.0297242
  0.0784108
   0.171414
   0.300698
    0.44044
    0.56333
   0.652517
   0.708464
   0.740097
   0.756032
   0.762598
   0.764323
   0.764343
   0.764345
   0.764322
     0.7626
   0.756027
   0.740087
   0.708447
   0.652491
   0.563286
   0.440368
   0.300637
   0.171358
  0.0783661
  0.0297117
  0.0102439
 0.00347873
 0.00128784
0.000861247
 0.00367226
   0.063935
   0.635366
   0.978713
   0.999174
   0.999968
   0.999999
          1
          1
          1
          1
          1
          1
          1
          1
          1
          1
          1
          1
          1
   0.999989
   0.999723
    0.99315
   0.854342
   0.193819
  0.0112635
 0.00129483
 0.00101509
 0.00230557
 0.00637916
  0.0177362
   0.046415
   0.106842
   0.205364
    0.32986
     0.4571
   0.564739
   0.642513
   0.692953
   0.723424
   0.740697
   0.749639
   0.753352
   0.753351
    0.74964
   0.740693
   0.723417
   0.692937
   0.642491
   0.564707
   0.457041
   0.329806
   0.205308
   0.106793
  0.0463922
  0.0177257
 0.00637526
 0.00230397
 0.00101518
 0.00129379
  0.0112722
    0.19369
   0.854191
   0.993178
   0.999723
   0.999989
          1
          1
          1
          1
          1
          1
          1
          1
          1
          1
          1
          1
          1
          1
   0.999996
   0.999919
   0.998101
   0.957751
   0.497524
  0.0439667
 0.00319811
0.000988971
 0.00152109
 0.00380288
  0.0100517
  0.0256233
  0.0600343
   0.123582
   0.218008
   0.331225
   0.443385
   0.537672
   0.607513
   0.654856
   0.684786
   0.702038
   0.709859
    0.70986
   0.702036
   0.684783
   0.654845
   0.607492
   0.537643
   0.443337
   0.331179
   0.217951
   0.123539
  0.0600088
  0.0256079
  0.0100457
 0.00379937
 0.00152116
0.000988196
 0.00320006
  0.0439808
   0.497574
   0.957777
   0.998104
   0.999919
   0.999997
          1
          1
          1
          1
          1
          1
          1
          1
          1
          1
          1
          1
          1
          1
   0.999999
   0.999979
   0.999537
   0.990089
   0.824324
   0.184852
  0.0127386
 0.00161336
  0.0011194
 0.00221328
 0.00543324
    0.01331
  0.0308441
  0.0655379
   0.124369
   0.207525
    0.30459
   0.399615
   0.480141
   0.541255
   0.583513
   0.609558
   0.621882
   0.621881
   0.609554
   0.583506
   0.541235
   0.480117
   0.399578
   0.304562
   0.207484
   0.124334
  0.0655182
  0.0308307
  0.0133026
 0.00542973
 0.00221255
 0.00111881
 0.00161404
  0.0127332
   0.185026
   0.824013
   0.990099
   0.999537
   0.999979
   0.999999
          1
          1
          1
          1
          1
          1
          1
          1
          1
          1
          1
          1
          1
          1
          1
   0.999995
   0.999899
   0.997983
   0.961773
   0.566164
   0.067438
  0.0054259
 0.00125789
 0.00136699
 0.00284543
 0.00655326
  0.0147053
  0.0311041
  0.0609619
   0.108998
   0.175339
   0.252357
   0.327903
   0.392093
   0.440349
   0.471878
   0.487331
   0.487326
   0.471875
   0.440338
   0.392078
   0.327874
   0.252339
   0.175312
   0.108972
  0.0609442
  0.0310925
  0.0146999
 0.00655007
 0.00284394
 0.00136576
 0.00125813
 0.00542297
  0.0674594
   0.566231
   0.961726
   0.997984
     0.9999
   0.999995
          1
          1
          1
          1
          1
          1
          1
          1
          1
          1
          1
          1
          1
          1
          1
          1
   0.999999
    0.99998
   0.999636
   0.993378
   0.894366
    0.33127
  0.0313817
 0.00332645
 0.00120324
 0.00155587
 0.00312037
 0.00661095
  0.0135414
  0.0262776
  0.0479089
  0.0812961
    0.12681
   0.180095
   0.233044
   0.277717
   0.309141
   0.325166
   0.325168
   0.309137
   0.277713
   0.233028
   0.180076
   0.126794
  0.0812795
  0.0478986
  0.0262682
  0.0135389
 0.00660809
 0.00311933
 0.00155464
 0.00120367
 0.00332573
  0.0313982
   0.331516
   0.894379
    0.99337
   0.999636
    0.99998
   0.999999
          1
          1
          1
          1
          1
          1
          1
          1
          1
          1
          1
          1
          1
          1
          1
          1
          1
   0.999997
    0.99994
   0.998997
   0.983773
   0.793334
   0.205149
  0.0197963
 0.00268994
 0.00120672
 0.00156623
 0.00289177
 0.00557367
  0.0103966
  0.0184903
  0.0312061
  0.0496931
   0.073944
   0.101817
   0.129015
   0.150531
    0.16234
   0.162338
   0.150525
   0.129011
   0.101804
  0.0739362
  0.0496818
  0.0312039
  0.0184847
  0.0103949
 0.00557005
 0.00289131
 0.00156513
 0.00120745
 0.00268915
   0.019811
   0.205163
   0.793848
   0.983776
   0.998996
   0.999941
   0.999997
          1
          1
          1
          1
          1
          1
          1
          1
          1
          1
          1
          1
          1
          1
          1
          1
          1
          1
   0.999999
   0.999991
    0.99986
     0.9979
   0.970425
   0.703382
   0.156168
   0.016884
 0.00266698
 0.00120338
 0.00139101
 0.00228093
 0.00395806
 0.00669443
  0.0108411
  0.0167128
  0.0244064
  0.0335103
  0.0428908
  0.0507694
  0.0553055
  0.0553034
   0.050772
  0.0428858
  0.0335093
  0.0244006
  0.0167125
  0.0108385
 0.00669409
 0.00395538
 0.00228068
 0.00138992
 0.00120391
 0.00266622
  0.0168874
   0.156117
   0.704213
   0.970478
   0.997909
   0.999861
   0.999991
   0.999999
          1
          1
          1
          1
          1
          1
          1
          1
          1
          1
          1
          1
          1
          1
          1
          1
          1
          1
          1
   0.999999
   0.999982
   0.999751
   0.996696
   0.959968
   0.666337
   0.154062
  0.0192683
 0.00322777
 0.00124592
 0.00114122
  0.0015799
 0.00242375
 0.00369006
 0.00540803
 0.00754615
 0.00997008
  0.0123862
  0.0143865
   0.015526
  0.0155281
  0.0143842
  0.0123883
 0.00996743
 0.00754682
 0.00540616
 0.00369031
 0.00242207
 0.00158032
 0.00114043
  0.0012466
 0.00322691
  0.0192698
   0.154028
   0.666862
    0.95983
   0.996711
   0.999752
   0.999982
   0.999999
          1
          1
          1
          1
          1
          1
          1
          1
          1
          1
          1
          1
          1
          1
          1
          1
          1
          1
          1
          1
          1
   0.999998
   0.999973
   0.999665
    0.99613
   0.959281
   0.696682
   0.197372
  0.0296658
 0.00510869
 0.00155431
0.000990125
 0.00104777
 0.00135522
 0.00182301
 0.00240446
 0.00303906
 0.00364926
 0.00413345
 0.00440629
 0.00440467
  0.0041346
 0.00364778
 0.00303967
 0.00240337
 0.00182336
 0.00135437
 0.00104849
0.000989712
 0.00155527
 0.00510856
  0.0296856
   0.197602
   0.697209
   0.959164
   0.996135
   0.999665
   0.999973
   0.999998
          1
          1
          1
          1
          1
          1
          1
          1
          1
          1
          1
          1
          1
          1
          1
          1
          1
          1
          1
          1
          1
          1
          1
   0.999997
   0.999968
   0.999659
   0.996587
   0.969027
   0.783341
   0.314052
  0.0620774
  0.0115706
 0.00293681
 0.00122889
0.000852653
 0.00082131
0.000912597
 0.00105221
 0.00119585
 0.00131371
 0.00137851
 0.00137918
  0.0013131
 0.00119639
 0.00105161
0.000912905
0.000821038
0.000853347
 0.00122851
 0.00293998
  0.0115724
  0.0620988
   0.314324
    0.78366
   0.969056
   0.996597
   0.999658
   0.999968
   0.999997
          1
          1
          1
          1
          1
          1
          1
          1
          1
          1
          1
          1
          1
          1
          1
          1
          1
          1
          1
          1
          1
          1
          1
          1
          1
   0.999997
   0.999972
   0.999739
   0.997772
   0.982557
   0.885684
   0.540004
   0.167663
  0.0386763
 0.00983815
 0.00323328
   0.001476
0.000924687
0.000732499
 0.00066653
0.000646789
0.000643759
0.000643373
0.000647176
0.000666143
0.000732842
0.000924527
 0.00147676
 0.00323221
 0.00984386
  0.0386837
   0.167728
   0.540306
   0.885929
   0.982622
    0.99778
    0.99974
   0.999972
   0.999997
          1
          1
          1
          1
          1
          1
          1
          1
          1
          1
          1
          1
          1
          1
          1
          1
          1
          1
          1
          1
          1
          1
          1
          1
          1
          1
          1
   0.999998
   0.999981
    0.99985
   0.998906
   0.992719
   0.957365
   0.804382
   0.460903
   0.169455
  0.0542397
  0.0189889
 0.00795762
 0.00409133
 0.00256458
 0.00192249
 0.00167541
 0.00167656
 0.00192112
 0.00256578
 0.00408858
 0.00795848
  0.0189941
  0.0542358
   0.169492
    0.46093
   0.804393
   0.957427
   0.992723
   0.998911
   0.999851
   0.999981
   0.999998
          1
          1
          1
          1
          1
          1
          1
          1
          1
          1
          1
          1
          1
          1
          1
          1
          1
          1
          1
          1
          1
          1
          1
          1
          1
          1
          1
          1
          1
   0.999999
    0.99999
   0.999934
   0.999593
   0.997725
   0.988651
   0.951105
   0.832097
   0.591508
   0.330976
   0.166204
  0.0872245
   0.052137
  0.0365923
  0.0306558
  0.0306332
  0.0366151
   0.052081
  0.0873107
   0.166263
   0.331219
   0.591771
   0.832071
   0.951126
   0.988664
   0.997723
   0.999595
   0.999934
    0.99999
   0.999999
          1
          1
          1
          1
          1
          1
          1
          1
          1
          1
          1
          1
          1
          1
          1
          1
          1
          1
          1
          1
          1
          1
          1
          1
          1
          1
          1
          1
          1
          1
          1
   0.999999
   0.999996
   0.999978
   0.999886
   0.999465
    0.99778
   0.991897
   0.974476
   0.932221
   0.852382
   0.741086
   0.626297
   0.539758
   0.494303
   0.494507
   0.539296
   0.626567
   0.740924
   0.852612
    0.93224
    0.97448
   0.991898
   0.997781
   0.999465
   0.999886
   0.999978
   0.999996
   0.999999
          1
          1
          1
          1
          1
          1
          1
          1
          1
          1
          1
          1
          1
          1
          1
          1
          1
          1
          1
          1
          1
          1
          1
          1
          1
          1
          1
          1
          1
          1
          1
          1
          1
          1
   0.999999
   0.999994
   0.999975
   0.999904
    0.99967
   0.999004
   0.997379
   0.994074
   0.988496
   0.981145
   0.973702
   0.968995
    0.96895
   0.973729
    0.98112
   0.988537
   0.994082
   0.997386
   0.999006
   0.999671
   0.999905
   0.999975
   0.999994
   0.999999
          1
          1
          1
          1
          1
          1
          1
          1
          1
          1
          1
          1
          1
          1
          1
          1
          1
          1
          1
          1
          1
          1
          1
          1
          1
          1
          1
          1
          1
          1
          1
          1
          1
          1
          1
          1
          1
          1
   0.999999
   0.999996
   0.999987
   0.999962
   0.999905
   0.999791
   0.999609
    0.99937
   0.999132
    0.99898
   0.998979
    0.99913
    0.99937
   0.999609
   0.999791
   0.999905
   0.999962
   0.999987
   0.999996
   0.999999
          1
          1
          1
          1
          1
          1
          1
          1
          1
          1
          1
          1
          1
          1
          1
          1
          1
          1
          1
          1
          1
          1
          1
          1
          1
          1
          1
          1
          1
          1
          1
          1
          1
          1
          1
          1
          1
          1
          1
          1
          1
          1
   0.999999
   0.999999
   0.999997
   0.999993
   0.999987
   0.999979
   0.999972
   0.999967
   0.999967
   0.999972
   0.999979
   0.999987
   0.999993
   0.999997
   0.999999
   0.999999
          1
          1
          1
          1
          1
          1
          1
          1
          1
          1
          1
          1
          1
          1
          1
          1
          1
          1
          1
          1
          1
          1
          1
          1
          1
          1
          1
          1
          1
          1
          1
          1
          1
          1
          1
          1
          1
          1
          1
          1
          1
          1
          1
          1
          1
          1
          1
          1
          1
   0.999999
   0.999999
   0.999999
   0.999999
   0.999999
   0.999999
          1
          1
          1
          1
          1
          1
          1
          1
          1
          1
          1
          1
          1
          1
          1
          1
          1
          1
          1
          1
          1
          1
          1
          1
          1
          1
          1
          1
          1
          1
          1
          1
          1
          1
          1
          1
          1
          1
          1
          1
          1
          1
          1
          1
          1
          1
          1
          1
          1
          1
          1
          1
          1
          1
          1
          1
          1
          1
          1
          1
          1
          1
          1
          1
          1
          1
          1
          1
          1
          1
          1
          1
          1
          1
          1
          1
          1
          1
          1
          1
          1
          1
          1
          1
          1
          1
          1
          1
          1
          1
          1
          1
          1
          1
          1
          1
          1
          1
          1
          1
          1
          1
          1
          1
          1
          1
          1
          1
          1
          1
          1
          1
          1
          1
          1
          1
          1
          1
          1
          1
          1
          1
          1
          1
          1
          1
          1
          1
          1
          1
          1
          1
          1
          1
          1
          1
          1
          1
          1
          1
          1
          1
          1
          1
          1
          1
          1
          1
          1
          1
          1
          1
          1
          1
          1
          1
          1
          1
          1
          1
          1
          1
          1
          1
          1
          1
          1
          1
          1
          1
          1
          1
          1
          1
          1
          1
          1
          1
          1
          1
          1
          1
          1
          1
          1
          1
          1
          1
          1
          1
          1
          1
          1
          1
          1
          1
          1
          1
          1
          1
          1
          1
          1
          1
          1
          1
          1
          1
          1
          1
          1
          1
          1
          1
          1
          1
          1
          1
          1
          1
          1
          1
          1
          1
          1
          1
          1
          1
          1
          1
          1
          1
          1
          1
          1
          1
          1
          1
          1
          1
          1
          1
          1
          1
          1
          1
          1
          1
          1
          1
          1
          1
          1
          1
          1
          1
          1
          1
          1
          1
          1
          1
          1
          1
          1
          1
          1
          1
          1
          1
          1
          1
          1
          1
          1
          1
          1
          1
          1
          1
          1
          1
          1
          1
          1
          1
          1
          1
          1
          1
          1
          1
          1
          1
          1
          1
          1
          1
          1
          1
          1
          1
          1
          1
          1
          1
          1
          1
          1
          1
          1
          1
          1
          1
          1
          1
          1
          1
          1
          1
          1
          1
          1
          1
          1
          1
          1
          1
          1
          1
          1
          1
          1
          1
          1
          1
          1
          1
          1
          1
          1
          1
          1
          1
          1
          1
          1
          1
          1
          1
          1
          1
          1
          1
          1
          1
          1
          1
          1
          1
          1
          1
          1
          1
          1
          1
          1
          1
          1
          1
          1
          1
          1
          1
          1
          1
          1
          1
          1
          1
          1
          1
          1
          1
          1
          1
          1
          1
          1
          1
          1
          1
          1
          1
          1
          1
          1
          1
          1
          1
          1
          1
          1
          1
          1
          1
          1
          1
          1
          1
          1
          1
          1
          1
          1
          1
          1
          1
          1
          1
          1
          1
          1
          1
          1
          1
          1
          1
          1
          1
          1
          1
          1
          1
          1
          1
          1
          1
          1
          1
          1
          1
          1
          1
          1
          1
          1
          1
          1
          1
          1
          1
          1
          1
          1
          1
          1
          1
          1
          1
          1
          1
          1
          1
          1
          1
          1
          1
          1
          1
          1
          1
          1
          1
          1
          1
          1
          1
          1
          1
          1
          1
          1
          1
          1
          1
          1
          1
          1
          1
          1
          1
          1
          1
          1
          1
          1
          1
          1
          1
          1
          1
          1
          1
          1
          1
          1
          1
          1
          1
          1
          1
          1
          1
          1
          1
          1
          1
          1
          1
          1
          1
          1
          1
          1
          1
          1
          1
          1
          1
          1
          1
          1
          1
          1
          1
          1
          1
          1
          1
          1
          1
          1
          1
          1
          1
          1
          1
          1
          1
          1
          1
          1
          1
          1
          1
          1
          1
          1
          1
          1
          1
          1
          1
          1
          1
          1
          1
          1
          1
          1
          1
          1
          1
          1
          1
          1
          1
          1
          1
          1
          1
          1
          1
          1
          1
          1
          1
          1
          1
          1
          1
          1
          1
          1
          1
          1
          1
          1
          1
          1
          1
          1
          1
          1
          1
          1
          1
          1
          1
          1
          1
          1
          1
          1
          1
          1
          1
          1
          1
          1
          1
          1
          1
          1
          1
          1
          1
          1
          1
          1
          1
          1
          1
          1
          1
          1
          1
          1
          1
          1
          1
          1
          1
          1
          1
          1
          1
          1
          1
          1
          1
          1
          1
          1
   0.999999
   0.999999
   0.999999
   0.999999
          1
          1
          1
          1
          1
          1
          1
          1
          1
          1
          1
          1
          1
          1
          1
          1
          1
          1
          1
          1
          1
          1
          1
          1
          1
          1
          1
          1
          1
          1
          1
          1
          1
          1
          1
          1
          1
          1
          1
          1
          1
          1
          1
          1
          1
          1
          1
          1
          1
          1
          1
   0.999999
   0.999998
   0.999995
   0.999991
   0.999986
   0.999981
   0.999977
   0.999978
   0.999981
   0.999986
   0.999991
   0.999995
   0.999998
   0.999999
          1
          1
          1
          1
          1
          1
          1
          1
          1
          1
          1
          1
          1
          1
          1
          1
          1
          1
          1
          1
          1
          1
          1
          1
          1
          1
          1
          1
          1
          1
          1
          1
          1
          1
          1
          1
          1
          1
          1
          1
          1
          1
          1
   0.999999
   0.999997
   0.999991
   0.999974
   0.999936
   0.999861
   0.999737
   0.999579
   0.999418
   0.999318
   0.999317
   0.999421
   0.999576
   0.999738
    0.99986
   0.999936
   0.999974
   0.999991
   0.999997
   0.999999
          1
          1
          1
          1
          1
          1
          1
          1
          1
          1
          1
          1
          1
          1
          1
          1
          1
          1
          1
          1
          1
          1
          1
          1
          1
          1
          1
          1
          1
          1
          1
          1
          1
          1
          1
          1
          1
          1
   0.999999
   0.999996
   0.999984
   0.999937
   0.999783
   0.999346
   0.998283
    0.99612
   0.992502
   0.987645
   0.982776
   0.979623
   0.979666
   0.982759
   0.987657
   0.992494
   0.996129
   0.998279
   0.999348
   0.999783
   0.999937
   0.999984
   0.999996
   0.999999
          1
          1
          1
          1
          1
          1
          1
          1
          1
          1
          1
          1
          1
          1
          1
          1
          1
          1
          1
          1
          1
          1
          1
          1
          1
          1
          1
          1
          1
          1
          1
          1
          1
          1
          1
   0.999997
   0.999985
   0.999925
   0.999652
   0.998564
   0.994774
   0.983462
   0.955617
   0.900874
   0.818623
   0.726171
    0.64959
      0.608
   0.607777
   0.649823
   0.726059
   0.818615
   0.900798
    0.95565
   0.983451
    0.99478
   0.998562
   0.999653
   0.999925
   0.999986
   0.999997
          1
          1
          1
          1
          1
          1
          1
          1
          1
          1
          1
          1
          1
          1
          1
          1
          1
          1
          1
          1
          1
          1
          1
          1
          1
          1
          1
          1
          1
          1
          1
          1
   0.999999
   0.999994
   0.999957
   0.999739
   0.998548
   0.992787
   0.968718
   0.887853
   0.700024
   0.444386
   0.244268
   0.134533
  0.0820795
  0.0582694
  0.0489469
   0.048974
   0.058227
  0.0821163
   0.134477
   0.244295
   0.444057
   0.700106
     0.8878
   0.968778
   0.992777
   0.998552
   0.999739
   0.999958
   0.999994
   0.999999
          1
          1
          1
          1
          1
          1
          1
          1
          1
          1
          1
          1
          1
          1
          1
          1
          1
          1
          1
          1
          1
          1
          1
          1
          1
          1
          1
          1
          1
   0.999999
   0.999988
   0.999905
   0.999307
   0.995422
   0.973029
   0.869989
   0.583129
   0.251698
  0.0865674
  0.0309734
  0.0129911
 0.00662076
 0.00410035
 0.00303496
 0.00263038
 0.00262968
 0.00303581
 0.00410118
 0.00662186
   0.012988
  0.0309941
  0.0865708
   0.251996
   0.583085
   0.870094
   0.973074
   0.995437
   0.999307
   0.999905
   0.999988
   0.999999
          1
          1
          1
          1
          1
          1
          1
          1
          1
          1
          1
          1
          1
          1
          1
          1
          1
          1
          1
          1
          1
          1
          1
          1
          1
          1
          1
   0.999998
   0.999982
   0.999835
   0.998605
   0.989181
   0.926941
   0.660834
   0.251801
  0.0632801
   0.016281
 0.00525134
  0.0023001
 0.00137054
 0.00103747
0.000912549
0.000867354
0.000854414
 0.00085401
0.000867475
0.000912254
 0.00103763
  0.0013701
 0.00230096
 0.00525008
  0.0162827
  0.0632904
   0.251738
   0.661043
   0.927034
   0.989209
   0.998609
   0.999836
   0.999982
   0.999998
          1
          1
          1
          1
          1
          1
          1
          1
          1
          1
          1
          1
          1
          1
          1
          1
          1
          1
          1
          1
          1
          1
          1
          1
          1
   0.999998
   0.999979
   0.999785
   0.997885
   0.980908
   0.857512
   0.435568
   0.100936
  0.0193907
 0.00478389
 0.00187157
 0.00120016
 0.00108841
 0.00116269
 0.00130927
 0.00146611
  0.0015959
 0.00166773
 0.00166815
 0.00159526
 0.00146654
 0.00130856
 0.00116309
 0.00108769
 0.00120098
 0.00187053
 0.00478468
  0.0193877
   0.100922
    0.43594
   0.857231
   0.980956
   0.997885
   0.999785
   0.999979
   0.999998
          1
          1
          1
          1
          1
          1
          1
          1
          1
          1
          1
          1
          1
          1
          1
          1
          1
          1
          1
          1
          1
          1
          1
   0.999999
   0.999982
   0.999788
   0.997588
   0.974775
   0.794536
   0.295175
  0.0497077
 0.00853053
 0.00241932
 0.00139917
 0.00137529
 0.00170423
  0.0022324
 0.00289335
 0.00360848
 0.00429114
 0.00482884
 0.00512995
 0.00512884
 0.00482981
 0.00428945
 0.00360908
 0.00289151
 0.00223301
 0.00170286
 0.00137542
 0.00139774
 0.00242017
 0.00853157
  0.0497365
   0.295379
   0.794164
   0.974835
   0.997589
   0.999789
   0.999982
   0.999999
          1
          1
          1
          1
          1
          1
          1
          1
          1
          1
          1
          1
          1
          1
          1
          1
          1
          1
          1
          1
          1
   0.999999
   0.999988
   0.999842
   0.997948
   0.975113
   0.770997
   0.237485
  0.0326615
 0.00533036
 0.00185743
 0.00153965
  0.0020119
 0.00298931
 0.00444888
 0.00640408
 0.00879819
  0.0114773
  0.0141161
  0.0162824
  0.0175099
  0.0175108
  0.0162794
  0.0141171
  0.0114735
 0.00879803
 0.00640092
   0.004449
 0.00298728
 0.00201151
 0.00153784
 0.00185781
 0.00532513
  0.0326787
   0.237866
   0.770609
   0.975136
   0.997942
   0.999843
   0.999988
   0.999999
          1
          1
          1
          1
          1
          1
          1
          1
          1
          1
          1
          1
          1
          1
          1
          1
          1
          1
          1
          1
   0.999994
   0.999911
   0.998685
    0.98168
   0.798833
   0.239877
  0.0286975
 0.00436515
 0.00174822
  0.0018365
 0.00286896
 0.00484157
 0.00800842
  0.0127146
  0.0192454
  0.0276675
  0.0375027
  0.0475466
  0.0559385
  0.0607517
   0.060751
  0.0559356
   0.047539
  0.0374992
  0.0276608
  0.0192444
  0.0127097
 0.00800711
 0.00483967
 0.00286877
 0.00183474
 0.00174869
 0.00435833
  0.0287081
   0.240068
   0.798701
   0.981698
   0.998683
   0.999911
   0.999994
          1
          1
          1
          1
          1
          1
          1
          1
          1
          1
          1
          1
          1
          1
          1
          1
          1
          1
          1
   0.999998
   0.999961
   0.999365
   0.989912
   0.864393
   0.303982
   0.033512
 0.00439998
 0.00173948
 0.00205211
 0.00362213
 0.00679441
  0.0123856
  0.0215665
  0.0356727
  0.0558251
   0.081939
    0.11176
    0.14081
   0.163785
    0.17641
   0.176396
   0.163774
   0.140795
   0.111742
   0.081921
  0.0558089
   0.035665
  0.0215556
  0.0123823
 0.00679222
 0.00362181
 0.00205054
 0.00173969
 0.00439433
   0.033515
   0.304418
   0.864345
   0.989917
   0.999364
   0.999961
   0.999998
          1
          1
          1
          1
          1
          1
          1
          1
          1
          1
          1
          1
          1
          1
          1
          1
          1
   0.999999
   0.999987
   0.999765
   0.995837
   0.932599
   0.453126
  0.0524222
 0.00548561
  0.0017486
 0.00203872
 0.00390434
 0.00805096
  0.0160999
  0.0305569
  0.0545401
  0.0908567
   0.139696
   0.196449
   0.252589
   0.299744
   0.332756
   0.349499
     0.3495
   0.332727
   0.299721
   0.252556
   0.196421
   0.139671
  0.0908299
  0.0545261
  0.0305432
  0.0160947
 0.00804737
 0.00390379
 0.00203748
 0.00174963
 0.00547713
  0.0524432
   0.453728
   0.932403
   0.995844
   0.999764
   0.999987
   0.999999
          1
          1
          1
          1
          1
          1
          1
          1
          1
          1
          1
          1
          1
          1
          1
          1
   0.999997
   0.999934
   0.998709
   0.975892
   0.682528
   0.109038
 0.00904832
 0.00187843
 0.00180617
 0.00356441
 0.00797851
  0.0174723
   0.036116
  0.0692212
   0.121326
   0.191989
   0.272841
   0.351051
   0.416547
   0.465133
    0.49653
   0.511821
   0.511808
   0.496515
   0.465097
   0.416511
   0.350995
   0.272792
   0.191942
   0.121289
  0.0692037
   0.036102
  0.0174656
 0.00797606
 0.00356294
 0.00180493
 0.00187841
 0.00903933
   0.109057
   0.682706
   0.975887
   0.998711
   0.999934
   0.999997
          1
          1
          1
          1
          1
          1
          1
          1
          1
          1
          1
          1
          1
          1
          1
   0.999999
   0.999986
   0.999697
   0.993707
   0.883546
   0.274404
  0.0212646
 0.00252113
 0.00151296
 0.00278573
  0.0066208
  0.0158197
  0.0358128
  0.0743432
   0.138072
   0.226018
   0.326404
   0.422677
   0.502877
   0.562988
   0.604217
   0.629512
   0.641446
   0.641442
   0.629499
     0.6042
   0.562953
    0.50284
   0.422618
   0.326343
   0.225952
   0.138029
  0.0743279
  0.0357976
   0.015814
  0.0066192
 0.00278492
 0.00151174
 0.00252114
  0.0212544
   0.274549
   0.883643
   0.993691
   0.999698
   0.999986
   0.999999
          1
          1
          1
          1
          1
          1
          1
          1
          1
          1
          1
          1
          1
          1
   0.999998
   0.999946
   0.998767
    0.97295
   0.618203
  0.0713299
 0.00521891
  0.0014031
 0.00193835
 0.00465005
  0.0119682
  0.0297845
   0.068151
   0.137173
   0.236918
   0.353129
   0.465503
   0.558511
   0.626819
   0.672914
   0.701981
   0.718714
   0.726296
   0.726295
   0.718706
   0.701968
   0.672893
   0.626788
   0.558469
    0.46544
   0.353078
    0.23685
   0.137132
  0.0681317
  0.0297711
  0.0119633
 0.00464777
 0.00193788
 0.00140188
 0.00522203
  0.0712716
   0.618387
   0.972911
   0.998765
   0.999946
   0.999998
          1
          1
          1
          1
          1
          1
          1
          1
          1
          1
          1
          1
          1
          1
   0.999992
   0.999815
   0.995568
   0.903674
   0.282672
  0.0186043
  0.0019819
 0.00133643
 0.00284228
 0.00762748
  0.0206737
  0.0528117
   0.118863
   0.223617
    0.35166
   0.478756
   0.584587
   0.660594
   0.709738
   0.739376
   0.756191
   0.764935
   0.768586
   0.768583
   0.764932
   0.756182
   0.739362
   0.709715
   0.660562
   0.584542
    0.47869
   0.351608
   0.223555
    0.11882
  0.0527936
  0.0206649
 0.00762375
 0.00284154
 0.00133625
 0.00197934
  0.0186201
   0.282691
   0.903311
   0.995589
   0.999814
   0.999992
          1
          1
          1
          1
          1
          1
          1
          1
          1
          1
          1
          1
          1
   0.999999
   0.999978
    0.99945
   0.986203
   0.736013
   0.101075
 0.00596566
  0.0012213
 0.00162244
 0.00419492
  0.0120141
  0.0339602
  0.0875633
    0.18759
   0.322175
   0.462376
   0.583087
   0.670172
   0.724693
   0.755502
   0.771146
   0.777824
   0.779852
   0.780109
    0.78011
   0.779847
   0.777821
   0.771137
   0.755489
   0.724671
   0.670139
    0.58304
   0.462307
   0.322111
   0.187529
  0.0875242
  0.0339491
  0.0120087
 0.00419301
 0.00162229
 0.00122101
 0.00595944
   0.101214
   0.736077
    0.98619
   0.999452
   0.999978
   0.999999
          1
          1
          1
          1
          1
          1
          1
          1
          1
          1
          1
          1
   0.999998
   0.999946
   0.998581
   0.963051
   0.492465
  0.0367205
 0.00255984
 0.00106875
 0.00210204
 0.00599241
  0.0180565
  0.0528395
   0.134284
   0.266361
   0.416696
   0.554003
   0.658012
   0.723669
   0.759346
   0.775385
    0.77943
   0.776982
     0.7724
    0.76912
   0.769117
   0.772402
    0.77698
    0.77943
   0.775379
   0.759334
   0.723646
   0.657973
   0.553954
   0.416623
   0.266293
   0.134241
  0.0528158
  0.0180498
 0.00599036
 0.00210112
 0.00106824
 0.00255859
  0.0367534
   0.492018
   0.963186
   0.998579
   0.999946
   0.999998
          1
          1
          1
          1
          1
          1
          1
          1
          1
          1
          1
          1
   0.999996
   0.999885
   0.996813
   0.917722
   0.282949
  0.0154921
 0.00147624
 0.00111701
 0.00270006
 0.00818055
  0.0257876
  0.0772241
   0.188741
   0.342765
   0.495541
    0.62145
   0.706518
   0.753811
    0.77467
   0.778485
   0.771679
    0.75951
    0.74719
   0.739515
   0.739516
    0.74719
   0.759514
    0.77168
   0.778488
   0.774665
   0.753796
   0.706488
   0.621405
   0.495488
   0.342687
   0.188684
  0.0771981
  0.0257748
 0.00817724
 0.00269933
 0.00111637
 0.00147506
  0.0155148
   0.283004
   0.917737
   0.996813
   0.999885
   0.999996
          1
          1
          1
          1
          1
          1
          1
          1
          1
          1
          1
          1
   0.999992
   0.999785
    0.99388
   0.847563
   0.160752
 0.00786499
 0.00108431
 0.00123842
 0.00334908
  0.0106064
  0.0347588
   0.105075
   0.242875
   0.406943
   0.554779
   0.667102
   0.735774
   0.768968
   0.778125
    0.77102
   0.753049
   0.729757
   0.707955
   0.694723
   0.694722
   0.707957
    0.72976
   0.753055
   0.771023
   0.778128
    0.76896
   0.735754
   0.667065
   0.554725
   0.406866
   0.242813
   0.105034
  0.0347441
  0.0106017
 0.00334777
 0.00123795
  0.0010834
  0.0078734
    0.16081
   0.847943
   0.993871
   0.999785
   0.999992
          1
          1
          1
          1
          1
          1
          1
          1
          1
          1
          1
          1
   0.999988
   0.999654
    0.98996
   0.767313
  0.0996133
 0.00484578
0.000930303
 0.00137662
 0.00396251
   0.012985
  0.0438769
   0.132247
   0.288609
   0.454651
   0.595534
   0.695959
   0.752333
   0.775251
   0.775128
   0.758168
   0.728985
   0.693722
    0.66139
   0.641908
   0.641909
   0.661393
   0.693731
   0.728992
   0.758177
   0.775131
   0.775247
   0.752319
   0.695925
   0.595488
   0.454577
    0.28853
   0.132204
  0.0438501
  0.0129799
 0.00396108
 0.00137583
0.000929732
 0.00485048
  0.0997645
   0.767373
   0.989985
   0.999655
   0.999988
          1
          1
          1
          1
          1
          1
          1
          1
          1
          1
          1
   0.999999
   0.999984
   0.999525
   0.986058
   0.697804
  0.0714097
 0.00355912
0.000872118
 0.00149012
  0.0044481
  0.0149225
  0.0514624
   0.153826
   0.320738
   0.485546
   0.620595
   0.712594
   0.760902
   0.776964
   0.770083
   0.745216
   0.706399
   0.660525
   0.618781
   0.593768
   0.593771
   0.618788
   0.660533
   0.706411
   0.745225
   0.770092
   0.776964
    0.76089
   0.712566
   0.620549
   0.485476
   0.320666
    0.15376
  0.0514411
  0.0149134
 0.00444635
 0.00148956
0.000871166
 0.00356197
  0.0714276
    0.69856
   0.986041
   0.999528
   0.999984
   0.999999
          1
          1
          1
          1
          1
          1
          1
          1
          1
          1
   0.999999
   0.999981
   0.999444
   0.983544
   0.659948
   0.060096
 0.00307339
0.000851867
 0.00155514
 0.00471591
  0.0160181
  0.0558223
   0.165683
   0.337108
   0.500596
   0.632443
   0.720137
   0.764455
   0.777048
   0.766525
   0.737145
   0.692654
   0.640446
   0.593141
   0.564906
   0.564907
   0.593149
   0.640456
   0.692667
    0.73716
   0.766532
   0.777048
   0.764446
   0.720107
     0.6324
   0.500527
   0.337023
   0.165635
  0.0557835
  0.0160121
 0.00471412
 0.00155424
0.000851219
  0.0030757
  0.0601294
   0.660254
    0.98356
   0.999446
   0.999981
   0.999999
          1
          1
          1
          1
          1
          1
          1
          1
          1
          1
   0.999999
   0.999981
   0.999444
   0.983589
   0.659461
  0.0601744
 0.00307206
 0.00085231
 0.00155462
 0.00471665
  0.0160196
  0.0558097
   0.165693
   0.337087
    0.50059
   0.632438
   0.720132
   0.764454
   0.777045
   0.766525
    0.73715
   0.692655
   0.640449
   0.593146
   0.564918
   0.564922
    0.59315
   0.640457
    0.69267
   0.737161
   0.766534
   0.777045
   0.764441
   0.720103
   0.632389
   0.500522
    0.33702
   0.165622
  0.0557848
  0.0160103
 0.00471433
 0.00155381
0.000851601
 0.00307223
  0.0602068
    0.65986
   0.983556
   0.999446
   0.999981
   0.999999
          1
          1
          1
          1
          1
          1
          1
          1
          1
          1
   0.999999
   0.999984
   0.999526
   0.986036
   0.698537
  0.0713243
 0.00356281
0.000871499
 0.00149073
 0.00444733
  0.0149196
  0.0514663
   0.153795
   0.320719
   0.485521
   0.620577
   0.712583
   0.760894
   0.776963
   0.770085
   0.745219
   0.706409
   0.660533
   0.618798
   0.593797
   0.593797
   0.618805
   0.660541
   0.706422
   0.745231
    0.77009
   0.776959
    0.76088
   0.712549
   0.620528
   0.485447
   0.320634
   0.153743
  0.0514328
  0.0149128
 0.00444508
 0.00148999
 0.00087063
 0.00356608
  0.0713785
   0.698532
   0.986057
   0.999526
   0.999984
   0.999999
          1
          1
          1
          1
          1
          1
          1
          1
          1
          1
          1
   0.999988
   0.999654
    0.98999
   0.766803
  0.0998439
 0.00484293
 0.00093087
 0.00137604
 0.00396266
  0.0129832
  0.0438653
   0.132236
   0.288559
   0.454612
   0.595505
   0.695935
   0.752321
   0.775242
   0.775127
   0.758175
   0.728994
   0.693738
   0.661408
   0.641935
   0.641938
   0.661411
   0.693747
   0.729004
   0.758181
    0.77513
   0.775237
   0.752301
   0.695899
   0.595445
   0.454534
   0.288485
   0.132176
   0.043843
  0.0129764
 0.00396068
 0.00137518
0.000930184
 0.00484583
  0.0998746
    0.76744
   0.989967
   0.999656
   0.999988
          1
          1
          1
          1
          1
          1
          1
          1
          1
          1
          1
          1
   0.999992
   0.999785
   0.993873
   0.847859
   0.160463
 0.00787604
  0.0010831
  0.0012389
 0.00334854
   0.010603
  0.0347554
   0.105043
   0.242839
   0.406888
   0.554729
   0.667068
    0.73575
   0.768955
   0.778118
   0.771018
   0.753059
    0.72977
   0.707975
   0.694749
   0.694749
   0.707982
   0.729776
   0.753064
   0.771023
   0.778116
   0.768941
   0.735724
    0.66702
   0.554671
   0.406804
   0.242751
   0.105002
  0.0347349
  0.0105986
 0.00334661
 0.00123836
 0.00108275
 0.00788681
   0.160805
    0.84796
   0.993883
   0.999785
   0.999992
          1
          1
          1
          1
          1
          1
          1
          1
          1
          1
          1
          1
   0.999996
   0.999885
   0.996817
   0.917533
   0.283366
  0.0154807
 0.00147694
 0.00111622
 0.00270025
 0.00817795
  0.0257792
  0.0772056
    0.18868
   0.342703
   0.495478
    0.62139
   0.706476
   0.753784
   0.774654
   0.778478
   0.771676
   0.759516
     0.7472
   0.739531
   0.739533
   0.747203
    0.75952
   0.771678
   0.778475
   0.774646
   0.753766
   0.706442
   0.621344
   0.495405
   0.342614
   0.188619
  0.0771714
  0.0257655
 0.00817328
 0.00269909
 0.00111574
 0.00147633
  0.0155025
    0.28353
   0.917755
   0.996812
   0.999885
   0.999996
          1
          1
          1
          1
          1
          1
          1
          1
          1
          1
          1
          1
   0.999998
   0.999946
    0.99858
   0.963161
    0.49182
  0.0368088
 0.00255697
  0.0010692
 0.00210144
 0.00598935
  0.0180521
  0.0528164
    0.13424
   0.266275
   0.416609
   0.553929
   0.657946
   0.723623
   0.759314
   0.775362
   0.779418
   0.776974
   0.772402
   0.769121
   0.769123
   0.772402
   0.776976
   0.779418
   0.775358
     0.7593
   0.723596
   0.657909
   0.553866
   0.416535
   0.266207
   0.134179
  0.0527914
  0.0180409
 0.00598717
 0.00209992
 0.00106851
  0.0025565
  0.0368546
    0.49208
   0.963191
    0.99858
   0.999946
   0.999998
          1
          1
          1
          1
          1
          1
          1
          1
          1
          1
          1
          1
   0.999999
   0.999978
   0.999451
   0.986166
   0.736522
   0.101043
   0.005971
 0.00122036
 0.00162296
 0.00419259
  0.0120068
   0.033947
  0.0875214
   0.187519
    0.32207
   0.462267
   0.583003
     0.6701
   0.724638
   0.755461
   0.771113
   0.777802
   0.779833
   0.780097
   0.780097
   0.779833
   0.777799
   0.771109
    0.75545
   0.724617
    0.67007
   0.582947
   0.462207
   0.322005
    0.18745
  0.0874812
   0.033931
  0.0120013
 0.00418973
 0.00162184
 0.00122004
 0.00597091
   0.101126
   0.736454
   0.986188
    0.99945
   0.999978
   0.999999
          1
          1
          1
          1
          1
          1
          1
          1
          1
          1
          1
          1
          1
   0.999992
   0.999816
   0.995578
   0.903518
   0.283178
  0.0186043
  0.0019818
 0.00133624
 0.00284123
 0.00762369
  0.0206625
  0.0527798
   0.118802
   0.223522
   0.351551
   0.478625
   0.584487
   0.660509
   0.709667
    0.73932
   0.756143
   0.764897
   0.768548
    0.76855
   0.764894
    0.75614
   0.739312
   0.709652
   0.660485
   0.584439
   0.478574
   0.351485
   0.223461
   0.118758
  0.0527579
  0.0206518
 0.00761738
 0.00284003
 0.00133513
 0.00198221
  0.0186018
   0.283442
   0.903439
   0.995575
   0.999816
   0.999992
          1
          1
          1
          1
          1
          1
          1
          1
          1
          1
          1
          1
          1
          1
   0.999998
   0.999946
   0.998764
   0.973009
     0.6181
  0.0714248
  0.0052157
 0.00140352
 0.00193704
 0.00464642
  0.0119613
  0.0297674
  0.0681085
   0.137092
     0.2368
   0.353011
    0.46536
    0.55839
   0.626711
   0.672823
   0.701902
   0.718642
    0.72623
    0.72623
    0.71864
   0.701895
   0.672809
   0.626694
   0.558351
   0.465317
   0.352953
   0.236754
   0.137056
  0.0680797
  0.0297535
  0.0119539
 0.00464487
  0.0019361
 0.00140288
  0.0052166
    0.07149
   0.618119
   0.972936
   0.998768
   0.999945
   0.999998
          1
          1
          1
          1
          1
          1
          1
          1
          1
          1
          1
          1
          1
          1
   0.999999
   0.999986
   0.999696
   0.993684
   0.883912
   0.274281
  0.0212681
 0.00252079
 0.00151269
 0.00278362
 0.00661633
  0.0158075
  0.0357891
  0.0742963
   0.137978
   0.225885
   0.326258
   0.422517
   0.502733
   0.562849
   0.604096
   0.629393
   0.641338
   0.641335
   0.629392
   0.604081
   0.562838
   0.502702
   0.422488
   0.326216
   0.225844
   0.137947
  0.0742643
  0.0357743
  0.0158014
 0.00661187
 0.00278152
  0.0015127
 0.00252016
  0.0213196
   0.274341
   0.883915
   0.993688
   0.999697
   0.999986
   0.999999
          1
          1
          1
          1
          1
          1
          1
          1
          1
          1
          1
          1
          1
          1
          1
   0.999997
   0.999934
   0.998712
   0.975829
   0.683358
   0.108976
 0.00905211
 0.00187784
 0.00180531
 0.00356232
 0.00797177
  0.0174576
  0.0360853
  0.0691695
    0.12123
   0.191858
   0.272682
   0.350872
   0.416378
   0.464961
   0.496373
   0.511659
   0.511664
   0.496363
   0.464957
   0.416359
   0.350856
   0.272659
   0.191821
   0.121211
   0.069146
  0.0360776
  0.0174529
  0.0079672
 0.00355837
 0.00180506
 0.00187806
 0.00905809
    0.10906
   0.683307
   0.975858
   0.998711
   0.999934
   0.999997
          1
          1
          1
          1
          1
          1
          1
          1
          1
          1
          1
          1
          1
          1
          1
          1
   0.999999
   0.999987
   0.999765
   0.995852
   0.932467
   0.453815
  0.0524597
 0.00548732
 0.00174818
 0.00203689
 0.00390276
  0.0080421
  0.0160859
  0.0305258
   0.054493
  0.0907688
   0.139583
   0.196306
   0.252421
   0.299565
   0.332561
    0.34932
   0.349316
   0.332557
   0.299551
   0.252403
   0.196293
   0.139555
  0.0907613
   0.054473
  0.0305203
  0.0160819
 0.00803861
 0.00389902
  0.0020367
 0.00174792
 0.00548748
  0.0524474
   0.454135
   0.932538
   0.995848
   0.999766
   0.999987
   0.999999
          1
          1
          1
          1
          1
          1
          1
          1
          1
          1
          1
          1
          1
          1
          1
          1
          1
   0.999998
   0.999961
   0.999363
   0.989937
   0.864447
   0.304478
  0.0335259
 0.00440326
 0.00173906
 0.00204968
 0.00362087
   0.006786
   0.012375
  0.0215395
  0.0356387
  0.0557635
  0.0818567
   0.111649
   0.140685
   0.163643
   0.176262
   0.176255
   0.163644
   0.140671
    0.11165
  0.0818452
   0.055766
  0.0356292
  0.0215407
    0.01237
 0.00678433
 0.00361828
  0.0020501
 0.00173891
 0.00440066
  0.0335179
   0.304617
   0.864416
   0.989907
   0.999365
   0.999961
   0.999998
          1
          1
          1
          1
          1
          1
          1
          1
          1
          1
          1
          1
          1
          1
          1
          1
          1
          1
          1
   0.999994
   0.999911
   0.998684
   0.981697
   0.798813
    0.24018
  0.0286967
  0.0043676
 0.00174798
 0.00183361
 0.00286758
 0.00483479
 0.00800162
  0.0126981
  0.0192269
  0.0276339
  0.0374631
  0.0474901
  0.0558803
  0.0606834
  0.0606901
  0.0558739
  0.0474931
  0.0374566
  0.0276352
  0.0192211
  0.0126992
 0.00799614
 0.00483417
 0.00286588
 0.00183413
 0.00174747
 0.00436384
  0.0286879
   0.240304
   0.798817
   0.981732
   0.998687
   0.999911
   0.999994
          1
          1
          1
          1
          1
          1
          1
          1
          1
          1
          1
          1
          1
          1
          1
          1
          1
          1
          1
          1
   0.999999
   0.999988
   0.999842
   0.997953
   0.975161
   0.770664
   0.237862
  0.0326743
 0.00533505
 0.00185772
 0.00153709
 0.00201065
 0.00298455
 0.00444511
 0.00639386
 0.00878873
  0.0114609
  0.0141023
  0.0162597
  0.0174912
  0.0174873
  0.0162634
  0.0140985
  0.0114629
 0.00878645
 0.00639564
 0.00444235
 0.00298512
 0.00200941
  0.0015379
 0.00185766
 0.00533504
  0.0326805
    0.23801
   0.770565
   0.975162
   0.997946
   0.999842
   0.999988
   0.999999
          1
          1
          1
          1
          1
          1
          1
          1
          1
          1
          1
          1
          1
          1
          1
          1
          1
          1
          1
          1
          1
   0.999999
   0.999982
   0.999787
   0.997594
   0.974871
   0.794218
   0.295579
  0.0497021
 0.00854409
 0.00242105
 0.00139806
 0.00137469
 0.00170167
 0.00223094
 0.00288846
 0.00360544
  0.0042846
 0.00482513
 0.00512256
 0.00512417
 0.00482281
 0.00428605
 0.00360399
 0.00288952
 0.00222944
 0.00170229
 0.00137362
 0.00139855
 0.00242018
  0.0085488
  0.0497521
   0.295717
   0.794256
   0.974821
   0.997581
   0.999788
   0.999982
   0.999999
          1
          1
          1
          1
          1
          1
          1
          1
          1
          1
          1
          1
          1
          1
          1
          1
          1
          1
          1
          1
          1
          1
          1
   0.999998
   0.999979
   0.999783
   0.997884
   0.980949
   0.857434
   0.436158
   0.100893
  0.0194047
 0.00478471
  0.0018716
 0.00120017
 0.00108686
 0.00116221
 0.00130725
 0.00146511
 0.00159327
 0.00166644
 0.00166565
 0.00159417
 0.00146429
 0.00130774
 0.00116146
 0.00108757
 0.00119942
 0.00187281
 0.00478336
  0.0194312
    0.10102
   0.436377
   0.857549
   0.980979
   0.997883
   0.999784
   0.999979
   0.999998
          1
          1
          1
          1
          1
          1
          1
          1
          1
          1
          1
          1
          1
          1
          1
          1
          1
          1
          1
          1
          1
          1
          1
          1
          1
   0.999998
   0.999982
   0.999835
   0.998606
   0.989204
   0.927036
   0.661139
   0.251854
  0.0633585
  0.0162896
 0.00525323
 0.00230104
 0.00136981
 0.00103758
 0.00091169
0.000867217
0.000853281
0.000853824
0.000866614
0.000912363
 0.00103728
 0.00137107
 0.00230097
 0.00525974
  0.0162867
  0.0634516
   0.251969
   0.661477
   0.927144
   0.989218
   0.998609
   0.999836
   0.999982
   0.999998
          1
          1
          1
          1
          1
          1
          1
          1
          1
          1
          1
          1
          1
          1
          1
          1
          1
          1
          1
          1
          1
          1
          1
          1
          1
          1
          1
   0.999999
   0.999988
   0.999905
   0.999307
    0.99543
   0.973096
   0.870188
   0.583543
   0.252275
   0.086687
  0.0310201
  0.0130082
 0.00662553
 0.00410748
  0.0030379
 0.00263312
 0.00263117
 0.00303955
 0.00410331
 0.00662977
  0.0130041
  0.0310354
  0.0866825
   0.252255
   0.583257
   0.870232
   0.973118
   0.995443
   0.999311
   0.999905
   0.999988
   0.999999
          1
          1
          1
          1
          1
          1
          1
          1
          1
          1
          1
          1
          1
          1
          1
          1
          1
          1
          1
          1
          1
          1
          1
          1
          1
          1
          1
          1
          1
   0.999999
   0.999994
   0.999958
    0.99974
   0.998549
   0.992796
   0.968758
   0.888035
   0.700072
   0.444517
   0.244313
   0.134709
  0.0821587
   0.058359
  0.0489984
  0.0490422
  0.0583007
  0.0822641
   0.134666
   0.244587
    0.44479
   0.700297
   0.887947
   0.968807
   0.992795
   0.998551
    0.99974
   0.999957
   0.999994
   0.999999
          1
          1
          1
          1
          1
          1
          1
          1
          1
          1
          1
          1
          1
          1
          1
          1
          1
          1
          1
          1
          1
          1
          1
          1
          1
          1
          1
          1
          1
          1
          1
          1
   0.999997
   0.999985
   0.999926
   0.999653
   0.998568
   0.994775
   0.983524
   0.955696
   0.901141
   0.818758
   0.726867
   0.650291
   0.608632
   0.608328
   0.650531
   0.726588
   0.819022
   0.901165
     0.9557
   0.983525
   0.994789
   0.998568
   0.999654
   0.999926
   0.999985
   0.999997
          1
          1
          1
          1
          1
          1
          1
          1
          1
          1
          1
          1
          1
          1
          1
          1
          1
          1
          1
          1
          1
          1
          1
          1
          1
          1
          1
          1
          1
          1
          1
          1
          1
          1
          1
   0.999999
   0.999996
   0.999984
   0.999937
   0.999784
   0.999346
   0.998286
   0.996118
   0.992518
   0.987642
   0.982799
   0.979649
   0.979659
   0.982771
   0.987666
   0.992505
   0.996124
   0.998286
   0.999346
   0.999783
   0.999937
   0.999984
   0.999996
   0.999999
          1
          1
          1
          1
          1
          1
          1
          1
          1
          1
          1
          1
          1
          1
          1
          1
          1
          1
          1
          1
          1
          1
          1
          1
          1
          1
          1
          1
          1
          1
          1
          1
          1
          1
          1
          1
          1
          1
   0.999999
   0.999997
   0.999991
   0.999974
   0.999936
   0.999861
   0.999738
    0.99958
   0.999421
   0.999321
   0.999319
   0.999421
    0.99958
   0.999739
   0.999861
   0.999936
   0.999974
   0.999991
   0.999997
   0.999999
          1
          1
          1
          1
          1
          1
          1
          1
          1
          1
          1
          1
          1
          1
          1
          1
          1
          1
          1
          1
          1
          1
          1
          1
          1
          1
          1
          1
          1
          1
          1
          1
          1
          1
          1
          1
          1
          1
          1
          1
          1
          1
          1
   0.999999
   0.999998
   0.999995
   0.999991
   0.999986
   0.999981
   0.999977
   0.999977
   0.999981
   0.999986
   0.999991
   0.999995
   0.999998
   0.999999
          1
          1
          1
          1
          1
          1
          1
          1
          1
          1
          1
          1
          1
          1
          1
          1
          1
          1
          1
          1
          1
          1
          1
          1
          1
          1
          1
          1
          1
          1
          1
          1
          1
          1
          1
          1
          1
          1
          1
          1
          1
          1
          1
          1
          1
          1
          1
          1
          1
          1
          1
   0.999999
   0.999999
   0.999999
   0.999999
          1
          1
          1
          1
          1
          1
          1
          1
          1
          1
          1
          1
          1
          1
          1
          1
          1
          1
          1
          1
          1
          1
          1
          1
          1
          1
          1
          1
          1
          1
          1
          1
          1
          1
          1
          1
          1
          1
          1
          1
          1
          1
          1
          1
          1
          1
          1
          1
          1
          1
          1
          1
          1
          1
          1
          1
          1
          1
          1
          1
          1
          1
          1
          1
          1
          1
          1
          1
          1
          1
          1
          1
          1
          1
          1
          1
          1
          1
          1
          1
          1
          1
          1
          1
          1
          1
          1
          1
          1
          1
          1
          1
          1
          1
          1
          1
          1
          1
          1
          1
          1
          1
          1
          1
          1
          1
          1
          1
          1
          1
          1
          1
          1
          1
          1
          1
          1
          1
          1
          1
          1
          1
          1
          1
          1
          1
          1
          1
          1
          1
          1
          1
          1
          1
          1
          1
          1
          1
          1
          1
          1
          1
          1
          1
          1
          1
          1
          1
          1
          1
          1
          1
          1
          1
          1
          1
          1
          1
          1
          1
          1
          1
          1
          1
          1
          1
          1
          1
          1
          1
          1
          1
          1
          1
          1
          1
          1
          1
          1
          1
          1
          1
          1
          1
          1
          1
          1
          1
          1
          1
          1
          1
          1
          1
          1
          1
          1
          1
          1
          1
          1
          1
          1
          1
          1
          1
          1
          1
          1
          1
          1
          1
          1
          1
          1
          1
          1
          1
          1
          1
          1
          1
          1
          1
          1
          1
          1
          1
          1
          1
          1
          1
          1
          1
          1
          1
          1
          1
          1
          1
          1
          1
          1
          1
          1
          1
          1
          1
          1
          1
          1
          1
          1
          1
          1
          1
          1
          1
          1
          1
          1
          1
          1
          1
          1
          1
          1
          1
          1
          1
          1
          1
          1
          1
          1
          1
          1
          1
          1
          1
          1
          1
          1
          1
          1
          1
          1
          1
          1
          1
          1
          1
          1
          1
          1
          1
          1
          1
          1
          1
          1
          1
          1
          1
          1
          1
          1
          1
          1
          1
          1
          1
          1
          1
          1
          1
          1
          1
          1
          1
          1
          1
          1
          1
          1
          1
          1
          1
          1
          1
          1
          1
          1
          1
          1
          1
          1
          1
          1
          1
          1
          1
          1
          1
          1
          1
          1
          1
          1
          1
          1
          1
          1
          1
          1
          1
          1
          1
          1
          1
          1
          1
          1
          1
          1
          1
          1
          1
          1
          1
          1
          1
          1
          1
          1
          1
          1
          1
          1
          1
          1
          1
          1
          1
          1
          1
          1
          1
          1
          1
          1
          1
          1
          1
          1
          1
          1
          1
          1
          1
          1
          1
          1
          1
          1
          1
          1
          1
          1
          1
          1
          1
          1
          1
          1
          1
          1
          1
          1
          1
          1
          1
          1
          1
          1
          1
          1
          1
          1
          1
          1
          1
          1
          1
          1
          1
          1
          1
          1
          1
          1
          1
          1
          1
          1
          1
          1
          1
          1
          1
          1
          1
          1
          1
          1
          1
          1
          1
          1
          1
          1
          1
          1
          1
          1
          1
          1
          1
          1
          1
          1
          1
          1
          1
          1
          1
          1
          1
          1
          1
          1
          1
          1
          1
          1
          1
          1
          1
          1
          1
          1
          1
          1
          1
          1
          1
          1
          1
          1
          1
          1
          1
          1
          1
          1
          1
          1
          1
          1
          1
          1
          1
          1
          1
          1
          1
          1
          1
          1
          1
          1
          1
          1
          1
          1
          1
          1
          1
          1
          1
          1
          1
          1
          1
          1
          1
          1
          1
          1
          1
          1
          1
          1
          1
          1
          1
          1
          1
          1
          1
          1
          1
          1
          1
          1
          1
          1
          1
          1
          1
          1
          1
          1
          1
          1
          1
          1
          1
          1
          1
          1
          1
          1
          1
          1
          1
          1
          1
          1
          1
          1
          1
          1
          1
          1
          1
          1
          1
          1
          1
          1
          1
          1
          1
          1
          1
          1
          1
          1
          1
          1
          1
          1
          1
          1
          1
          1
          1
          1
          1
          1
          1
          1
          1
          1
          1
          1
          1
          1
          1
          1
          1
          1
          1
          1
          1
          1
          1
          1
          1
          1
          1
          1
          1
          1
          1
          1
          1
          1
          1
          1
          1
          1
          1
          1
          1
          1
          1
          1
          1
          1
          1
          1
          1
          1
          1
          1
          1
          1
          1
          1
          1
          1
          1
          1
          1
          1
          1
          1
          1
          1
          1
          1
          1
          1
          1
          1
          1
          1
          1
          1
          1
          1
          1
          1
          1
          1
          1
          1
          1
          1
          1
          1
          1
          1
          1
          1
          1
          1
          1
          1
          1
          1
          1
          1
          1
          1
          1
          1
          1
          1
   0.999999
   0.999998
   0.999997
   0.999994
   0.999991
   0.999988
   0.999986
   0.999986
   0.999988
   0.999991
   0.999994
   0.999997
   0.999998
   0.999999
          1
          1
          1
          1
          1
          1
          1
          1
          1
          1
          1
          1
          1
          1
          1
          1
          1
          1
          1
          1
          1
          1
          1
          1
          1
          1
          1
          1
          1
          1
          1
          1
          1
          1
          1
          1
          1
          1
          1
          1
          1
          1
          1
          1
   0.999998
   0.999994
   0.999984
   0.999961
   0.999915
   0.999841
   0.999743
   0.999648
   0.999586
   0.999588
   0.999647
   0.999744
    0.99984
   0.999915
    0.99996
   0.999984
   0.999994
   0.999998
          1
          1
          1
          1
          1
          1
          1
          1
          1
          1
          1
          1
          1
          1
          1
          1
          1
          1
          1
          1
          1
          1
          1
          1
          1
          1
          1
          1
          1
          1
          1
          1
          1
          1
          1
          1
          1
          1
          1
          1
   0.999998
    0.99999
   0.999962
    0.99987
   0.999609
   0.998985
   0.997714
   0.995587
   0.992753
   0.989865
   0.988034
   0.988023
   0.989891
   0.992745
   0.995592
   0.997708
   0.998985
   0.999609
    0.99987
   0.999962
    0.99999
   0.999998
          1
          1
          1
          1
          1
          1
          1
          1
          1
          1
          1
          1
          1
          1
          1
          1
          1
          1
          1
          1
          1
          1
          1
          1
          1
          1
          1
          1
          1
          1
          1
          1
          1
          1
          1
          1
   0.999998
   0.999991
   0.999956
   0.999796
   0.999165
   0.996966
   0.990464
   0.974199
     0.9414
    0.88904
   0.825143
   0.768004
   0.734563
   0.734889
   0.767998
   0.825303
   0.889023
   0.941379
   0.974173
   0.990451
   0.996971
   0.999165
   0.999796
   0.999956
   0.999991
   0.999998
          1
          1
          1
          1
          1
          1
          1
          1
          1
          1
          1
          1
          1
          1
          1
          1
          1
          1
          1
          1
          1
          1
          1
          1
          1
          1
          1
          1
          1
          1
          1
          1
   0.999999
   0.999996
   0.999975
   0.999848
   0.999162
    0.99588
   0.982089
   0.934063
   0.807953
   0.592981
   0.371642
   0.221973
   0.141435
   0.102257
  0.0865885
  0.0865012
   0.102372
   0.141406
   0.222243
    0.37158
   0.593083
   0.808095
   0.934165
    0.98211
   0.995891
   0.999164
   0.999848
   0.999975
   0.999996
   0.999999
          1
          1
          1
          1
          1
          1
          1
          1
          1
          1
          1
          1
          1
          1
          1
          1
          1
          1
          1
          1
          1
          1
          1
          1
          1
          1
          1
          1
          1
   0.999999
   0.999993
   0.999944
   0.999605
   0.997411
   0.984821
     0.9238
   0.719819
    0.38385
   0.150174
  0.0562938
   0.023786
  0.0120133
 0.00731957
 0.00533601
 0.00457761
 0.00458151
 0.00533553
 0.00732513
  0.0120015
  0.0237905
  0.0562475
   0.150293
   0.383816
   0.720129
   0.923719
   0.984829
   0.997403
   0.999603
   0.999944
   0.999993
   0.999999
          1
          1
          1
          1
          1
          1
          1
          1
          1
          1
          1
          1
          1
          1
          1
          1
          1
          1
          1
          1
          1
          1
          1
          1
          1
          1
          1
   0.999999
   0.999989
   0.999906
   0.999218
   0.993945
   0.958637
   0.783164
   0.387232
   0.113039
  0.0300273
 0.00948028
  0.0039337
 0.00218196
  0.0015449
 0.00129047
 0.00118802
 0.00115141
 0.00115128
 0.00118781
 0.00129074
 0.00154521
 0.00218192
 0.00393269
 0.00948011
    0.03007
      0.113
    0.38767
   0.783269
   0.958825
   0.993956
   0.999218
   0.999906
   0.999989
   0.999999
          1
          1
          1
          1
          1
          1
          1
          1
          1
          1
          1
          1
          1
          1
          1
          1
          1
          1
          1
          1
          1
          1
          1
          1
          1
   0.999999
   0.999988
   0.999877
   0.998819
   0.989406
   0.917821
   0.592796
   0.176223
  0.0360386
 0.00860656
  0.0030625
 0.00175091
  0.0014451
 0.00145588
 0.00157963
 0.00173359
 0.00186279
 0.00193734
 0.00193673
 0.00186353
 0.00173298
 0.00158001
 0.00145509
 0.00144566
 0.00174989
 0.00306284
 0.00860936
  0.0360231
   0.176353
   0.592504
   0.917863
   0.989431
   0.998819
   0.999876
   0.999988
   0.999999
          1
          1
          1
          1
          1
          1
          1
          1
          1
          1
          1
          1
          1
          1
          1
          1
          1
          1
          1
          1
          1
          1
          1
   0.999999
    0.99999
   0.999877
   0.998647
   0.986061
   0.878573
   0.444378
  0.0911817
  0.0157723
 0.00406403
 0.00202648
 0.00178028
 0.00206505
 0.00261331
 0.00330834
 0.00406686
 0.00477807
 0.00534269
 0.00565164
 0.00565295
 0.00534056
 0.00477989
 0.00406524
 0.00330914
 0.00261136
 0.00206593
 0.00177927
  0.0020277
 0.00406582
  0.0157765
  0.0912829
   0.443825
   0.878725
   0.986061
   0.998653
   0.999877
    0.99999
   0.999999
          1
          1
          1
          1
          1
          1
          1
          1
          1
          1
          1
          1
          1
          1
          1
          1
          1
          1
          1
          1
          1
   0.999999
   0.999993
   0.999908
   0.998841
    0.98622
   0.862713
   0.373753
  0.0608839
 0.00964507
 0.00290779
 0.00205648
 0.00246433
  0.0034964
 0.00507145
 0.00714784
 0.00966081
  0.0124146
  0.0151019
  0.0172713
  0.0185013
  0.0184982
   0.017274
  0.0150975
  0.0124158
 0.00965645
 0.00714828
 0.00506803
 0.00349692
 0.00246171
   0.002057
 0.00290512
 0.00963817
  0.0609344
    0.37365
    0.86279
   0.986158
    0.99884
   0.999908
   0.999993
          1
          1
          1
          1
          1
          1
          1
          1
          1
          1
          1
          1
          1
          1
          1
          1
          1
          1
          1
          1
          1
   0.999996
   0.999947
   0.999252
    0.98978
   0.880791
   0.376398
  0.0535592
 0.00777887
 0.00261739
 0.00235754
 0.00343396
 0.00557847
  0.0090074
  0.0139844
  0.0207545
  0.0292904
  0.0391051
  0.0489858
  0.0571907
  0.0618718
  0.0618707
  0.0571847
  0.0489879
  0.0390935
  0.0292906
  0.0207476
  0.0139836
 0.00900323
  0.0055791
 0.00343059
 0.00235848
  0.0026134
 0.00777006
  0.0537244
   0.376339
   0.880841
   0.989766
   0.999251
   0.999947
   0.999996
          1
          1
          1
          1
          1
          1
          1
          1
          1
          1
          1
          1
          1
          1
          1
          1
          1
          1
          1
   0.999999
   0.999977
   0.999633
   0.994331
   0.921416
   0.453681
  0.0622057
   0.007855
 0.00256801
 0.00259519
 0.00429458
 0.00777395
  0.0138279
  0.0235099
  0.0380535
  0.0583802
  0.0843622
   0.113855
   0.142613
    0.16546
   0.178055
   0.178057
   0.165446
   0.142595
   0.113849
  0.0843415
  0.0583728
  0.0380365
  0.0235038
  0.0138228
 0.00777553
 0.00429026
 0.00259655
 0.00256644
 0.00784126
  0.0624067
   0.453703
   0.921552
   0.994323
   0.999634
   0.999977
   0.999999
          1
          1
          1
          1
          1
          1
          1
          1
          1
          1
          1
          1
          1
          1
          1
          1
          1
          1
   0.999992
   0.999862
   0.997632
   0.961694
   0.608982
  0.0955064
 0.00994523
 0.00262119
  0.0025798
 0.00461897
 0.00918724
  0.0179163
  0.0331723
  0.0579086
  0.0946381
   0.143591
   0.200561
   0.257388
    0.30558
   0.339533
    0.35685
   0.356834
   0.339528
   0.305558
   0.257356
   0.200539
    0.14356
  0.0946257
  0.0578879
  0.0331614
  0.0179077
 0.00918789
 0.00461335
 0.00258295
 0.00262308
 0.00992707
  0.0957295
   0.609052
   0.961695
   0.997638
   0.999862
   0.999992
          1
          1
          1
          1
          1
          1
          1
          1
          1
          1
          1
          1
          1
          1
          1
          1
          1
   0.999998
   0.999961
   0.999252
   0.986286
   0.799409
   0.188017
  0.0167177
 0.00294952
 0.00232589
 0.00422787
 0.00910861
  0.0194231
  0.0391536
  0.0733832
   0.126277
   0.197448
   0.278971
   0.358194
   0.424734
   0.474004
   0.505769
   0.521182
   0.521187
    0.50575
   0.473986
   0.424694
   0.358152
   0.278933
   0.197404
   0.126261
  0.0733663
  0.0391422
  0.0194163
 0.00910836
 0.00422305
 0.00232814
 0.00294966
  0.0167048
   0.188229
   0.799041
   0.986327
   0.999253
   0.999961
   0.999998
          1
          1
          1
          1
          1
          1
          1
          1
          1
          1
          1
          1
          1
          1
          1
          1
   0.999991
    0.99982
   0.996359
   0.932119
   0.413028
  0.0393791
 0.00424822
  0.0020348
 0.00333703
 0.00758272
  0.0176026
  0.0388274
  0.0787898
   0.143669
    0.23233
   0.333163
   0.429741
   0.510137
   0.570327
   0.611617
   0.636953
    0.64893
   0.648921
   0.636948
   0.611596
   0.570303
   0.510089
   0.429689
   0.333105
   0.232273
   0.143647
  0.0787693
  0.0388144
  0.0175985
 0.00758325
 0.00333468
 0.00203496
 0.00424656
  0.0393794
    0.41324
   0.932158
   0.996362
   0.999821
   0.999991
          1
          1
          1
          1
          1
          1
          1
          1
          1
          1
          1
          1
          1
          1
          1
   0.999998
   0.999967
   0.999272
   0.984457
   0.746041
   0.126065
 0.00937215
 0.00205209
  0.0023796
 0.00536502
  0.0133683
  0.0323456
  0.0722414
   0.142724
   0.243424
   0.359793
   0.471785
   0.564625
   0.633214
   0.679856
   0.709485
   0.726659
    0.73448
   0.734478
   0.726651
   0.709474
   0.679831
   0.633186
   0.564578
   0.471735
   0.359725
   0.243358
   0.142701
  0.0722207
  0.0323298
  0.0133614
 0.00536571
 0.00237848
 0.00205211
 0.00937418
    0.12612
   0.746503
   0.984433
   0.999276
   0.999967
   0.999998
          1
          1
          1
          1
          1
          1
          1
          1
          1
          1
          1
          1
          1
          1
   0.999995
   0.999888
   0.997404
   0.943033
   0.420304
  0.0340048
  0.0032677
    0.00174
 0.00333284
 0.00858585
  0.0225536
  0.0560701
    0.12369
   0.229832
   0.358285
   0.484687
   0.590239
   0.666937
    0.71723
   0.748007
   0.765785
   0.775234
   0.779265
   0.779264
    0.77523
   0.765777
   0.747993
   0.717206
   0.666905
   0.590191
    0.48464
   0.358219
   0.229775
   0.123665
  0.0560605
  0.0225451
 0.00858019
 0.00333433
 0.00173853
 0.00326851
  0.0340405
   0.420464
    0.94311
   0.997401
   0.999888
   0.999995
          1
          1
          1
          1
          1
          1
          1
          1
          1
          1
          1
          1
          1
   0.999999
   0.999986
   0.999669
   0.991918
   0.833383
   0.171655
  0.0107574
 0.00179795
 0.00197604
 0.00478655
  0.0132275
  0.0362442
  0.0911953
   0.192855
    0.32878
   0.468601
   0.588705
   0.676552
   0.732628
   0.765053
   0.782217
   0.790273
   0.793401
   0.794287
   0.794286
     0.7934
   0.790268
   0.782209
   0.765039
   0.732607
   0.676519
    0.58865
   0.468541
   0.328722
   0.192796
  0.0911663
  0.0362358
  0.0132211
 0.00478522
 0.00197587
 0.00179696
  0.0107628
   0.171907
    0.83329
   0.991957
   0.999668
   0.999986
   0.999999
          1
          1
          1
          1
          1
          1
          1
          1
          1
          1
          1
          1
   0.999999
   0.999967
   0.999147
   0.978474
   0.635816
  0.0660108
 0.00439055
 0.00143447
 0.00246541
  0.0066988
  0.0194935
  0.0552811
   0.137968
   0.272187
   0.423607
   0.560023
   0.664237
   0.731531
   0.769194
     0.7873
   0.793567
   0.793397
   0.790798
   0.788689
    0.78869
   0.790797
   0.793397
   0.793563
   0.787293
   0.769181
   0.731507
   0.664199
   0.559963
    0.42354
    0.27213
   0.137925
  0.0552639
  0.0194842
 0.00669643
  0.0024645
 0.00143374
 0.00439079
  0.0660892
   0.635875
   0.978458
   0.999147
   0.999967
   0.999999
          1
          1
          1
          1
          1
          1
          1
          1
          1
          1
          1
          1
   0.999997
   0.999929
     0.9981
   0.951046
   0.418129
  0.0280933
 0.00237729
 0.00140799
 0.00309587
 0.00899328
  0.0273362
  0.0795294
   0.192511
   0.349563
    0.50264
   0.627666
    0.71381
   0.763231
   0.786529
   0.793262
   0.790034
   0.781875
   0.773209
   0.767768
   0.767766
   0.773211
   0.781875
   0.790036
   0.793259
   0.786521
   0.763215
   0.713782
   0.627621
   0.502576
   0.349482
   0.192452
   0.079507
  0.0273227
 0.00898954
 0.00309464
  0.0014068
 0.00237732
  0.0281322
   0.418218
   0.951168
   0.998093
   0.999929
   0.999997
          1
          1
          1
          1
          1
          1
          1
          1
          1
          1
          1
          1
   0.999995
   0.999867
   0.996355
   0.907453
   0.258273
  0.0142216
 0.00163398
 0.00150512
 0.00377876
  0.0114954
  0.0362953
   0.107017
   0.247193
   0.414752
   0.561931
   0.673781
   0.744151
   0.779863
   0.792168
   0.789348
   0.777116
   0.760584
   0.745164
   0.735882
   0.735884
   0.745165
   0.760589
   0.777118
   0.789352
   0.792166
   0.779853
   0.744129
   0.673743
   0.561873
   0.414681
   0.247118
   0.106983
  0.0362757
  0.0114903
  0.0037772
 0.00150404
 0.00163377
  0.0142434
   0.258637
   0.907399
   0.996356
   0.999867
   0.999995
          1
          1
          1
          1
          1
          1
          1
          1
          1
          1
          1
          1
   0.999992
   0.999788
   0.994052
    0.85307
   0.168415
 0.00862813
 0.00133566
 0.00163453
 0.00442335
  0.0139165
  0.0452699
   0.133854
   0.293815
   0.463183
   0.602695
   0.703138
   0.761631
   0.787494
   0.791443
    0.78052
   0.759848
   0.734966
   0.712569
   0.699276
   0.699276
   0.712572
   0.734971
   0.759852
   0.780524
   0.791445
   0.787488
   0.761613
   0.703105
   0.602643
   0.463101
   0.293742
   0.133812
  0.0452486
  0.0139101
 0.00442218
 0.00163329
 0.00133567
    0.00864
   0.168483
   0.853447
    0.99403
   0.999788
   0.999992
          1
          1
          1
          1
          1
          1
          1
          1
          1
          1
          1
          1
    0.99999
   0.999709
   0.991724
   0.803622
   0.123025
 0.00626884
 0.00121007
  0.0017487
 0.00492785
  0.0158669
  0.0526909
   0.155218
   0.326842
   0.494442
   0.627766
    0.72017
   0.770879
   0.790299
   0.788387
   0.771265
    0.74373
   0.711811
   0.683476
   0.666768
   0.666769
   0.683479
   0.711817
   0.743736
   0.771271
   0.788389
   0.790294
   0.770863
   0.720139
   0.627714
   0.494373
   0.326752
   0.155167
  0.0526641
    0.01586
 0.00492607
 0.00174771
 0.00120965
 0.00627622
   0.123157
   0.803737
   0.991731
   0.999709
    0.99999
          1
          1
          1
          1
          1
          1
          1
          1
          1
          1
          1
          1
   0.999988
   0.999661
   0.990274
   0.773869
   0.104759
  0.0053601
 0.00116516
 0.00181297
 0.00520776
  0.0169643
  0.0569167
   0.167024
   0.343706
    0.50964
   0.639621
    0.72793
   0.774801
   0.791004
   0.786017
    0.76547
   0.734003
   0.698014
   0.666245
   0.647574
   0.647578
   0.666248
   0.698018
   0.734011
   0.765477
   0.786022
   0.791001
   0.774785
   0.727898
   0.639573
   0.509558
    0.34363
   0.166964
  0.0568886
  0.0169549
 0.00520553
 0.00181174
   0.001165
 0.00536745
   0.104786
   0.774505
   0.990252
   0.999662
   0.999988
          1
          1
          1
          1
          1
          1
          1
          1
          1
          1
          1
          1
   0.999988
   0.999661
   0.990259
   0.774389
   0.104577
 0.00536614
 0.00116397
 0.00181397
 0.00520636
  0.0169628
  0.0569233
   0.167006
   0.343711
   0.509623
   0.639617
   0.727925
   0.774799
   0.791005
   0.786018
   0.765468
   0.734006
   0.698016
   0.666253
   0.647585
   0.647584
   0.666256
    0.69802
   0.734013
   0.765475
   0.786019
   0.790999
   0.774783
   0.727891
   0.639565
   0.509559
    0.34361
   0.166958
  0.0568882
  0.0169547
 0.00520457
 0.00181223
 0.00116403
 0.00537239
   0.104675
   0.774554
   0.990244
   0.999661
   0.999988
          1
          1
          1
          1
          1
          1
          1
          1
          1
          1
          1
          1
    0.99999
    0.99971
   0.991742
   0.803343
   0.123229
  0.0062647
 0.00121092
 0.00174777
 0.00492922
   0.015865
  0.0526816
   0.155216
   0.326795
   0.494424
   0.627746
   0.720159
   0.770872
   0.790295
   0.788388
   0.771269
   0.743732
   0.711816
   0.683488
   0.666789
   0.666792
   0.683486
   0.711821
    0.74374
   0.771275
    0.78839
   0.790289
   0.770853
   0.720124
   0.627695
   0.494338
    0.32673
   0.155147
  0.0526566
  0.0158578
 0.00492609
 0.00174674
 0.00121033
 0.00627358
   0.123282
   0.803783
   0.991722
    0.99971
    0.99999
          1
          1
          1
          1
          1
          1
          1
          1
          1
          1
          1
          1
   0.999992
   0.999787
   0.994036
   0.853447
   0.168133
 0.00864346
 0.00133443
 0.00163546
 0.00442226
  0.0139142
  0.0452662
   0.133828
   0.293789
   0.463137
   0.602663
   0.703117
   0.761617
   0.787488
   0.791441
   0.780519
   0.759855
   0.734974
   0.712579
   0.699294
   0.699291
   0.712583
   0.734979
   0.759858
   0.780523
   0.791438
   0.787477
   0.761595
   0.703073
   0.602603
   0.463067
   0.293693
   0.133781
  0.0452405
  0.0139072
 0.00442044
 0.00163392
 0.00133437
 0.00865062
   0.168397
   0.853275
   0.994045
   0.999788
   0.999992
          1
          1
          1
          1
          1
          1
          1
          1
          1
          1
          1
          1
   0.999995
   0.999867
   0.996363
   0.907071
   0.259005
   0.014206
 0.00163565
 0.00150398
 0.00377964
  0.0114924
  0.0362824
      0.107
   0.247136
   0.414706
   0.561881
   0.673742
   0.744127
   0.779848
   0.792161
   0.789347
   0.777118
   0.760593
   0.745175
   0.735896
   0.735899
   0.745177
   0.760598
   0.777121
   0.789346
   0.792155
   0.779833
   0.744097
   0.673697
    0.56182
   0.414612
    0.24706
   0.106957
   0.036264
  0.0114859
 0.00377744
 0.00150281
 0.00163566
  0.0142283
   0.258973
   0.907434
   0.996346
   0.999867
   0.999995
          1
          1
          1
          1
          1
          1
          1
          1
          1
          1
          1
          1
   0.999997
   0.999928
   0.998095
   0.951193
   0.417274
  0.0281641
 0.00237351
 0.00140864
 0.00309466
 0.00899065
  0.0273292
  0.0795052
   0.192469
    0.34948
   0.502573
   0.627612
   0.713771
   0.763206
   0.786512
   0.793251
   0.790033
   0.781876
   0.773214
   0.767775
   0.767776
   0.773216
   0.781879
   0.790033
   0.793249
   0.786501
   0.763185
   0.713737
   0.627558
   0.502493
   0.349412
   0.192397
  0.0794767
  0.0273139
 0.00898542
  0.0030931
 0.00140768
 0.00237413
  0.0282134
   0.417726
   0.951242
   0.998095
   0.999929
   0.999997
          1
          1
          1
          1
          1
          1
          1
          1
          1
          1
          1
          1
   0.999999
   0.999967
   0.999148
   0.978396
   0.636357
  0.0659552
 0.00439654
 0.00143291
 0.00246635
 0.00669635
  0.0194845
  0.0552608
   0.137921
   0.272131
   0.423513
    0.55994
   0.664176
   0.731487
   0.769165
   0.787277
   0.793552
   0.793391
   0.790794
    0.78869
    0.78869
   0.790795
    0.79339
   0.793552
   0.787271
   0.769148
   0.731461
   0.664133
   0.559872
   0.423453
    0.27204
   0.137864
  0.0552384
  0.0194746
 0.00669243
 0.00246475
 0.00143189
  0.0043999
  0.0660052
   0.636708
   0.978458
   0.999148
   0.999967
   0.999999
          1
          1
          1
          1
          1
          1
          1
          1
          1
          1
          1
          1
   0.999999
   0.999986
   0.999669
    0.99194
   0.833039
   0.172167
  0.0107503
 0.00179938
 0.00197526
 0.00478613
  0.0132227
  0.0362335
  0.0911514
   0.192778
   0.328695
   0.468503
   0.588611
   0.676484
   0.732577
   0.765014
   0.782187
    0.79025
   0.793385
   0.794273
   0.794273
   0.793382
   0.790247
   0.782182
   0.765002
   0.732558
    0.67645
   0.588556
   0.468444
   0.328619
   0.192716
  0.0911204
  0.0362158
  0.0132135
 0.00478333
 0.00197351
 0.00179946
  0.0107498
    0.17236
   0.833211
   0.991946
    0.99967
   0.999986
   0.999999
          1
          1
          1
          1
          1
          1
          1
          1
          1
          1
          1
          1
          1
   0.999995
   0.999888
   0.997403
   0.943226
   0.420225
  0.0340901
 0.00326466
 0.00174115
 0.00333242
 0.00858037
  0.0225406
  0.0560509
   0.123635
   0.229733
   0.358173
   0.484582
   0.590135
   0.666855
   0.717161
   0.747952
   0.765741
   0.775196
   0.779231
   0.779229
   0.775194
   0.765737
   0.747946
   0.717149
   0.666827
   0.590091
   0.484524
   0.358106
   0.229681
    0.12359
   0.056026
  0.0225278
 0.00857592
 0.00332982
  0.0017403
 0.00326247
  0.0341458
   0.420457
   0.943227
   0.997413
   0.999888
   0.999995
          1
          1
          1
          1
          1
          1
          1
          1
          1
          1
          1
          1
          1
          1
   0.999998
   0.999967
   0.999274
   0.984425
   0.746872
   0.126011
 0.00938928
 0.00204997
  0.0023807
 0.00536276
  0.0133596
  0.0323222
  0.0722072
   0.142655
   0.243303
   0.359658
   0.471661
     0.5645
   0.633111
   0.679764
    0.70941
    0.72659
   0.734417
   0.734416
   0.726588
   0.709404
   0.679758
    0.63309
    0.56447
   0.471613
   0.359608
   0.243269
   0.142613
  0.0721855
   0.032308
  0.0133527
 0.00535998
 0.00237902
 0.00204938
 0.00939955
   0.126045
   0.746973
   0.984401
   0.999273
   0.999967
   0.999998
          1
          1
          1
          1
          1
          1
          1
          1
          1
          1
          1
          1
          1
          1
          1
   0.999991
   0.999821
   0.996371
   0.932044
   0.413941
  0.0393479
 0.00425325
 0.00203244
 0.00333531
 0.00757917
  0.0175924
  0.0387979
  0.0787403
   0.143589
   0.232199
   0.333014
   0.429587
   0.509987
   0.570196
   0.611496
   0.636848
    0.64882
   0.648821
   0.636839
   0.611491
   0.570184
   0.509966
    0.42956
   0.332972
   0.232173
   0.143553
    0.07872
  0.0387861
  0.0175834
 0.00757487
 0.00333409
 0.00203222
  0.0042576
  0.0393625
   0.414072
   0.931982
   0.996367
   0.999821
   0.999991
          1
          1
          1
          1
          1
          1
          1
          1
          1
          1
          1
          1
          1
          1
          1
          1
   0.999998
   0.999961
    0.99925
   0.986345
   0.798971
   0.188407
  0.0166999
 0.00295378
 0.00232519
 0.00422268
  0.0091054
  0.0194089
  0.0391254
  0.0733297
   0.126197
   0.197321
   0.278821
   0.358022
   0.424565
   0.473855
   0.505618
   0.521042
   0.521035
   0.505611
   0.473841
   0.424552
   0.358011
   0.278784
   0.197298
   0.126163
  0.0733113
  0.0391121
   0.019399
 0.00909839
 0.00422157
 0.00232442
 0.00295458
  0.0167134
   0.188549
   0.799061
   0.986327
   0.999253
   0.999961
   0.999998
          1
          1
          1
          1
          1
          1
          1
          1
          1
          1
          1
          1
          1
          1
          1
          1
          1
   0.999992
   0.999862
   0.997631
   0.961796
   0.608921
  0.0957524
 0.00992056
 0.00262433
 0.00258008
 0.00461182
 0.00918435
  0.0178963
  0.0331467
  0.0578528
  0.0945612
   0.143472
   0.200418
   0.257211
   0.305398
   0.339355
   0.356665
   0.356656
   0.339349
   0.305387
   0.257209
   0.200393
   0.143465
  0.0945354
  0.0578452
  0.0331339
   0.017891
 0.00917628
 0.00461002
 0.00257939
  0.0026233
 0.00993307
  0.0958397
    0.60906
   0.961774
   0.997631
   0.999863
   0.999992
          1
          1
          1
          1
          1
          1
          1
          1
          1
          1
          1
          1
          1
          1
          1
          1
          1
          1
   0.999999
   0.999977
   0.999632
   0.994322
   0.921624
    0.45399
  0.0624536
 0.00784133
 0.00256761
 0.00259523
 0.00428695
 0.00777192
  0.0138108
  0.0234921
  0.0380144
  0.0583267
  0.0842762
   0.113755
   0.142485
    0.16532
   0.177909
   0.177909
   0.165311
   0.142487
   0.113744
  0.0842804
  0.0583143
  0.0380103
  0.0234809
  0.0138083
 0.00776657
  0.0042867
 0.00259433
 0.00256719
 0.00784702
  0.0624361
   0.454027
   0.921484
    0.99432
   0.999633
   0.999977
   0.999999
          1
          1
          1
          1
          1
          1
          1
          1
          1
          1
          1
          1
          1
          1
          1
          1
          1
          1
          1
   0.999996
   0.999948
    0.99925
   0.989777
    0.88092
   0.376314
  0.0537487
 0.00777291
  0.0026158
 0.00235807
 0.00342728
 0.00557693
 0.00899507
  0.0139734
  0.0207297
  0.0292624
  0.0390583
  0.0489395
  0.0571263
  0.0618092
  0.0618031
    0.05713
  0.0489319
  0.0390602
  0.0292565
  0.0207295
   0.013966
 0.00899422
   0.005573
 0.00342829
 0.00235641
 0.00261595
 0.00777703
  0.0537535
   0.376507
   0.880847
   0.989773
    0.99925
   0.999948
   0.999996
          1
          1
          1
          1
          1
          1
          1
          1
          1
          1
          1
          1
          1
          1
          1
          1
          1
          1
          1
          1
          1
   0.999993
   0.999908
    0.99884
   0.986199
   0.862855
   0.373733
  0.0610656
 0.00963953
  0.0029069
 0.00205704
 0.00245968
 0.00349538
 0.00506319
 0.00714206
 0.00964634
   0.012403
  0.0150813
  0.0172554
  0.0184769
   0.018481
  0.0172514
  0.0150842
  0.0124005
 0.00964878
 0.00713886
 0.00506492
 0.00349235
 0.00246128
 0.00205606
 0.00290931
 0.00964662
  0.0610624
   0.374147
   0.863027
   0.986196
   0.998842
   0.999908
   0.999993
          1
          1
          1
          1
          1
          1
          1
          1
          1
          1
          1
          1
          1
          1
          1
          1
          1
          1
          1
          1
          1
          1
   0.999999
    0.99999
   0.999878
   0.998648
   0.986077
    0.87878
   0.444295
  0.0914832
  0.0157762
 0.00406531
  0.0020278
 0.00177817
 0.00206493
 0.00260915
 0.00330644
 0.00406044
 0.00477508
 0.00533452
 0.00564704
  0.0056442
  0.0053362
 0.00477202
 0.00406147
 0.00330461
 0.00261019
 0.00206218
 0.00177904
 0.00202553
 0.00407018
  0.0157847
   0.091459
   0.444361
   0.878627
   0.986049
   0.998653
   0.999878
    0.99999
   0.999999
          1
          1
          1
          1
          1
          1
          1
          1
          1
          1
          1
          1
          1
          1
          1
          1
          1
          1
          1
          1
          1
          1
          1
   0.999999
   0.999988
   0.999877
   0.998817
   0.989441
   0.917872
   0.592594
   0.176481
  0.0360522
 0.00860958
 0.00306261
 0.00174895
 0.00144477
 0.00145328
 0.00157877
 0.00173065
 0.00186171
 0.00193421
 0.00193556
 0.00186024
 0.00173181
 0.00157782
 0.00145492
   0.001444
 0.00175163
 0.00306166
 0.00862406
   0.036065
   0.176664
   0.592734
   0.917915
   0.989443
   0.998823
   0.999877
   0.999988
   0.999999
          1
          1
          1
          1
          1
          1
          1
          1
          1
          1
          1
          1
          1
          1
          1
          1
          1
          1
          1
          1
          1
          1
          1
          1
          1
   0.999999
   0.999989
   0.999906
   0.999215
   0.993959
   0.958749
   0.783407
   0.387643
   0.113168
  0.0300799
 0.00948784
 0.00393318
 0.00218367
 0.00154411
 0.00129103
 0.00118711
 0.00115136
 0.00115014
 0.00118828
 0.00128993
 0.00154575
 0.00218238
 0.00393737
 0.00948185
  0.0301084
   0.113054
   0.387844
   0.783237
   0.958825
   0.993956
   0.999218
   0.999906
    0.99999
   0.999999
          1
          1
          1
          1
          1
          1
          1
          1
          1
          1
          1
          1
          1
          1
          1
          1
          1
          1
          1
          1
          1
          1
          1
          1
          1
          1
          1
   0.999999
   0.999993
   0.999945
   0.999602
   0.997409
     0.9848
   0.923936
   0.719965
   0.384147
   0.150343
  0.0563635
  0.0237859
  0.0120256
 0.00732365
 0.00534288
 0.00458044
 0.00458564
 0.00533554
 0.00733397
  0.0120124
  0.0238147
  0.0563415
   0.150471
   0.384111
   0.720631
   0.923925
   0.984864
    0.99741
   0.999605
   0.999945
   0.999993
   0.999999
          1
          1
          1
          1
          1
          1
          1
          1
          1
          1
          1
          1
          1
          1
          1
          1
          1
          1
          1
          1
          1
          1
          1
          1
          1
          1
          1
          1
          1
   0.999999
   0.999996
   0.999975
   0.999847
   0.999167
   0.995881
   0.982158
   0.934103
   0.808331
   0.592915
   0.372327
   0.222143
   0.141717
     0.1024
  0.0867493
  0.0866129
   0.102567
   0.141543
    0.22252
    0.37209
   0.593315
   0.808272
   0.934324
   0.982095
   0.995887
   0.999162
   0.999848
   0.999975
   0.999996
   0.999999
          1
          1
          1
          1
          1
          1
          1
          1
          1
          1
          1
          1
          1
          1
          1
          1
          1
          1
          1
          1
          1
          1
          1
          1
          1
          1
          1
          1
          1
          1
          1
          1
   0.999998
   0.999991
   0.999956
   0.999797
   0.999164
   0.996976
   0.990439
   0.974307
   0.941319
   0.889376
   0.825175
   0.768547
   0.734831
    0.73533
   0.768135
   0.825608
   0.889058
   0.941458
   0.974244
   0.990479
   0.996965
   0.999167
   0.999796
   0.999956
   0.999991
   0.999998
          1
          1
          1
          1
          1
          1
          1
          1
          1
          1
          1
          1
          1
          1
          1
          1
          1
          1
          1
          1
          1
          1
          1
          1
          1
          1
          1
          1
          1
          1
          1
          1
          1
          1
          1
          1
   0.999998
    0.99999
   0.999962
   0.999869
    0.99961
   0.998981
   0.997724
    0.99558
   0.992776
   0.989857
   0.988066
    0.98804
   0.989897
   0.992746
   0.995602
   0.997716
   0.998985
    0.99961
   0.999871
   0.999962
    0.99999
   0.999998
          1
          1
          1
          1
          1
          1
          1
          1
          1
          1
          1
          1
          1
          1
          1
          1
          1
          1
          1
          1
          1
          1
          1
          1
          1
          1
          1
          1
          1
          1
          1
          1
          1
          1
          1
          1
          1
          1
          1
          1
   0.999998
   0.999994
   0.999984
   0.999961
   0.999915
   0.999842
   0.999744
    0.99965
   0.999588
   0.999589
   0.999649
   0.999745
   0.999841
   0.999915
   0.999961
   0.999984
   0.999994
   0.999998
          1
          1
          1
          1
          1
          1
          1
          1
          1
          1
          1
          1
          1
          1
          1
          1
          1
          1
          1
          1
          1
          1
          1
          1
          1
          1
          1
          1
          1
          1
          1
          1
          1
          1
          1
          1
          1
          1
          1
          1
          1
          1
          1
          1
   0.999999
   0.999998
   0.999997
   0.999994
   0.999991
   0.999988
   0.999986
   0.999986
   0.999988
   0.999991
   0.999994
   0.999997
   0.999998
   0.999999
          1
          1
          1
          1
          1
          1
          1
          1
          1
          1
          1
          1
          1
          1
          1
          1
          1
          1
          1
          1
          1
          1
          1
          1
          1
          1
          1
          1
          1
          1
          1
          1
          1
          1
          1
          1
          1
          1
          1
          1
          1
          1
          1
          1
          1
          1
          1
          1
          1
          1
          1
          1
          1
          1
          1
          1
          1
          1
          1
          1
          1
          1
          1
          1
          1
          1
          1
          1
          1
          1
          1
          1
          1
          1
          1
          1
          1
          1
          1
          1
          1
          1
          1
          1
          1
          1
          1
          1
          1
          1
          1
          1
          1
          1
          1
          1
          1
          1
          1
          1
          1
          1
          1
          1
          1
          1
          1
          1
          1
          1
          1
          1
          1
          1
          1
          1
          1
          1
          1
          1
          1
          1
          1
          1
          1
          1
          1
          1
          1
          1
          1
          1
          1
          1
          1
          1
          1
          1
          1
          1
          1
          1
          1
          1
          1
          1
          1
          1
          1
          1
          1
          1
          1
          1
          1
          1
          1
          1
          1
          1
          1
          1
          1
          1
          1
          1
          1
          1
          1
          1
          1
          1
          1
          1
          1
          1
          1
          1
          1
          1
          1
          1
          1
          1
          1
          1
          1
          1
          1
          1
          1
          1
          1
          1
          1
          1
          1
          1
          1
          1
          1
          1
          1
          1
          1
          1
          1
          1
          1
          1
          1
          1
          1
          1
          1
          1
          1
          1
          1
          1
          1
          1
          1
          1
          1
          1
          1
          1
          1
          1
          1
          1
          1
          1
          1
          1
          1
          1
          1
          1
          1
          1
          1
          1
          1
          1
          1
          1
          1
          1
          1
          1
          1
          1
          1
          1
          1
          1
          1
          1
          1
          1
          1
          1
          1
          1
          1
          1
          1
          1
          1
          1
          1
          1
          1
          1
          1
          1
          1
          1
          1
          1
          1
          1
          1
          1
          1
          1
          1
          1
          1
          1
          1
          1
          1
          1
          1
          1
          1
          1
          1
          1
          1
          1
          1
          1
          1
          1
          1
          1
          1
          1
          1
          1
          1
          1
          1
          1
          1
          1
          1
          1
          1
          1
          1
          1
          1
          1
          1
          1
          1
          1
          1
          1
          1
          1
          1
          1
          1
          1
          1
          1
          1
          1
          1
          1
          1
          1
          1
          1
          1
          1
          1
          1
          1
          1
          1
          1
          1
          1
          1
          1
          1
          1
          1
          1
          1
          1
          1
          1
          1
          1
          1
          1
          1
          1
          1
          1
          1
          1
          1
          1
          1
          1
          1
          1
          1
          1
          1
          1
          1
          1
          1
          1
          1
          1
          1
          1
          1
          1
          1
          1
          1
          1
          1
          1
          1
          1
          1
          1
          1
          1
          1
          1
          1
          1
          1
          1
          1
          1
          1
          1
          1
          1
          1
          1
          1
          1
          1
          1
          1
          1
          1
          1
          1
          1
          1
          1
          1
          1
          1
          1
          1
          1
          1
          1
          1
          1
          1
          1
          1
          1
          1
          1
          1
          1
          1
          1
          1
          1
          1
          1
          1
          1
          1
          1
          1
          1
          1
          1
          1
          1
          1
          1
          1
          1
          1
          1
          1
          1
          1
          1
          1
          1
          1
          1
          1
          1
          1
          1
          1
          1
          1
          1
          1
          1
          1
          1
          1
          1
          1
          1
          1
          1
          1
          1
          1
          1
          1
          1
          1
          1
          1
          1
          1
          1
          1
          1
          1
          1
          1
          1
          1
          1
          1
          1
          1
          1
          1
          1
          1
          1
          1
          1
          1
          1
          1
          1
          1
          1
          1
          1
          1
          1
          1
          1
          1
          1
          1
          1
          1
          1
          1
          1
          1
          1
          1
          1
          1
          1
          1
          1
          1
          1
          1
          1
          1
          1
          1
          1
          1
          1
          1
          1
          1
          1
          1
          1
          1
          1
          1
          1
          1
          1
          1
          1
          1
          1
          1
          1
          1
          1
          1
          1
          1
          1
          1
          1
          1
          1
          1
          1
          1
          1
          1
          1
          1
          1
          1
          1
          1
          1
          1
          1
          1
          1
          1
          1
          1
          1
          1
          1
          1
          1
          1
          1
          1
          1
          1
          1
          1
          1
          1
          1
          1
          1
          1
          1
          1
          1
          1
          1
          1
          1
          1
          1
          1
          1
          1
          1
          1
          1
          1
          1
          1
          1
          1
          1
          1
          1
          1
          1
          1
          1
          1
          1
          1
          1
          1
          1
          1
          1
          1
          1
          1
          1
          1
          1
          1
          1
          1
          1
          1
          1
          1
          1
          1
          1
          1
          1
          1
          1
          1
          1
          1
          1
          1
          1
          1
          1
          1
          1
          1
          1
          1
          1
          1
          1
          1
          1
          1
          1
          1
          1
          1
          1
          1
          1
          1
          1
          1
          1
          1
          1
          1
          1
          1
          1
          1
          1
          1
          1
          1
          1
          1
          1
          1
          1
          1
          1
          1
          1
          1
          1
          1
          1
          1
          1
          1
          1
          1
          1
          1
          1
          1
          1
          1
          1
          1
          1
          1
          1
          1
          1
          1
          1
          1
   0.999999
   0.999998
   0.999997
   0.999995
   0.999993
   0.999992
   0.999992
   0.999993
   0.999995
   0.999997
   0.999998
   0.999999
          1
          1
          1
          1
          1
          1
          1
          1
          1
          1
          1
          1
          1
          1
          1
          1
          1
          1
          1
          1
          1
          1
          1
          1
          1
          1
          1
          1
          1
          1
          1
          1
          1
          1
          1
          1
          1
          1
          1
          1
          1
          1
          1
          1
          1
   0.999999
   0.999997
   0.999991
   0.999978
   0.999954
   0.999913
   0.999862
   0.999809
   0.999776
   0.999776
    0.99981
   0.999861
   0.999914
   0.999953
   0.999978
   0.999991
   0.999997
   0.999999
          1
          1
          1
          1
          1
          1
          1
          1
          1
          1
          1
          1
          1
          1
          1
          1
          1
          1
          1
          1
          1
          1
          1
          1
          1
          1
          1
          1
          1
          1
          1
          1
          1
          1
          1
          1
          1
          1
          1
          1
   0.999999
   0.999995
   0.999979
    0.99993
   0.999792
   0.999462
   0.998799
   0.997701
    0.99623
   0.994742
   0.993782
   0.993788
    0.99475
   0.996229
   0.997693
   0.998803
   0.999462
   0.999792
    0.99993
   0.999979
   0.999995
   0.999999
          1
          1
          1
          1
          1
          1
          1
          1
          1
          1
          1
          1
          1
          1
          1
          1
          1
          1
          1
          1
          1
          1
          1
          1
          1
          1
          1
          1
          1
          1
          1
          1
          1
          1
          1
          1
   0.999999
   0.999995
   0.999976
   0.999893
   0.999564
   0.998441
   0.995103
   0.986805
   0.969708
   0.941529
    0.90509
   0.870352
   0.848938
   0.849041
   0.870451
   0.905228
   0.941569
   0.969736
   0.986807
   0.995112
   0.998435
   0.999565
   0.999893
   0.999976
   0.999995
   0.999999
          1
          1
          1
          1
          1
          1
          1
          1
          1
          1
          1
          1
          1
          1
          1
          1
          1
          1
          1
          1
          1
          1
          1
          1
          1
          1
          1
          1
          1
          1
          1
          1
          1
   0.999998
   0.999987
    0.99992
   0.999571
   0.997902
   0.990992
   0.966326
   0.896299
   0.750592
   0.552475
     0.3745
   0.257392
   0.193686
   0.166618
   0.166628
   0.193691
   0.257456
   0.374651
   0.552719
   0.750825
     0.8961
   0.966407
   0.990982
   0.997901
    0.99957
    0.99992
   0.999987
   0.999998
          1
          1
          1
          1
          1
          1
          1
          1
          1
          1
          1
          1
          1
          1
          1
          1
          1
          1
          1
          1
          1
          1
          1
          1
          1
          1
          1
          1
          1
          1
          1
   0.999996
   0.999971
   0.999795
   0.998696
   0.992367
   0.961392
   0.842196
   0.567956
   0.272827
   0.112724
  0.0489786
   0.024704
  0.0148666
   0.010684
 0.00909141
 0.00908841
  0.0106847
  0.0148684
  0.0247211
  0.0489911
   0.112651
   0.273037
   0.567524
   0.842274
   0.961382
   0.992402
   0.998692
   0.999795
   0.999971
   0.999996
          1
          1
          1
          1
          1
          1
          1
          1
          1
          1
          1
          1
          1
          1
          1
          1
          1
          1
          1
          1
          1
          1
          1
          1
          1
          1
          1
          1
   0.999999
   0.999994
   0.999952
   0.999601
   0.997013
   0.979335
   0.883135
   0.572573
   0.214626
  0.0618797
  0.0193859
 0.00758706
 0.00387266
 0.00251424
  0.0019603
 0.00172328
 0.00163485
  0.0016338
 0.00172334
 0.00196068
  0.0025159
 0.00387364
 0.00759408
  0.0193751
  0.0619544
   0.214733
   0.573046
   0.883222
   0.979484
   0.997004
   0.999602
   0.999951
   0.999994
   0.999999
          1
          1
          1
          1
          1
          1
          1
          1
          1
          1
          1
          1
          1
          1
          1
          1
          1
          1
          1
          1
          1
          1
          1
          1
          1
   0.999999
   0.999994
   0.999938
   0.999403
   0.994808
   0.958653
   0.756106
   0.315146
  0.0741988
  0.0174122
 0.00558117
 0.00274211
 0.00198284
  0.0018195
 0.00187098
  0.0019869
 0.00210039
 0.00216606
 0.00216713
  0.0020992
 0.00198773
 0.00187032
 0.00182059
 0.00198036
 0.00274446
 0.00557785
   0.017414
  0.0742008
   0.315227
   0.755445
   0.958619
   0.994798
   0.999406
   0.999937
   0.999994
   0.999999
          1
          1
          1
          1
          1
          1
          1
          1
          1
          1
          1
          1
          1
          1
          1
          1
          1
          1
          1
          1
          1
          1
          1
          1
   0.999994
   0.999938
   0.999322
   0.993168
   0.938146
   0.632304
   0.178764
  0.0325833
 0.00757778
 0.00312856
 0.00231588
 0.00243514
 0.00291754
 0.00359067
 0.00432528
 0.00502506
 0.00556815
 0.00587235
 0.00586965
 0.00557062
 0.00502299
 0.00432777
 0.00358842
 0.00291899
 0.00243205
 0.00231698
 0.00312928
 0.00758573
  0.0326392
   0.178707
   0.631978
   0.938258
   0.993169
   0.999325
   0.999938
   0.999994
          1
          1
          1
          1
          1
          1
          1
          1
          1
          1
          1
          1
          1
          1
          1
          1
          1
          1
          1
          1
          1
          1
          1
   0.999996
   0.999952
   0.999409
   0.993214
   0.929755
   0.562412
   0.123393
   0.019507
 0.00494026
 0.00280055
 0.00291389
  0.0038782
 0.00542306
 0.00748053
 0.00991519
  0.0125609
  0.0150824
  0.0171086
  0.0182373
  0.0182423
  0.0171037
  0.0150852
  0.0125566
 0.00991789
 0.00747465
 0.00542434
 0.00387448
 0.00291352
  0.0027989
 0.00494092
  0.0195224
   0.123217
   0.562601
   0.929727
   0.993199
   0.999412
   0.999952
   0.999996
          1
          1
          1
          1
          1
          1
          1
          1
          1
          1
          1
          1
          1
          1
          1
          1
          1
          1
          1
          1
          1
   0.999998
   0.999972
   0.999614
   0.994924
   0.939495
   0.564781
   0.109197
  0.0154145
 0.00416973
 0.00299964
 0.00389174
 0.00602498
 0.00942609
  0.0143163
    0.02079
  0.0287877
  0.0377618
  0.0466832
  0.0539856
  0.0581427
  0.0581379
   0.053989
  0.0466726
  0.0377667
  0.0287764
  0.0207892
  0.0143106
 0.00942965
 0.00602265
 0.00389252
 0.00299731
 0.00416418
  0.0154288
   0.109295
   0.564828
   0.939334
   0.994922
   0.999614
   0.999972
   0.999998
          1
          1
          1
          1
          1
          1
          1
          1
          1
          1
          1
          1
          1
          1
          1
          1
          1
          1
          1
   0.999999
   0.999988
   0.999809
   0.997153
    0.96052
    0.63956
   0.125704
  0.0155398
 0.00400941
 0.00320952
 0.00478066
 0.00829282
  0.0143028
  0.0237547
  0.0375511
  0.0564251
  0.0801051
   0.106796
   0.132816
   0.153625
   0.165168
   0.165162
   0.153605
   0.132821
   0.106775
     0.0801
  0.0563982
  0.0375425
  0.0237436
  0.0143087
 0.00828887
 0.00478204
 0.00320833
 0.00400232
  0.0155806
   0.125774
   0.639898
   0.960515
   0.997156
   0.999808
   0.999988
   0.999999
          1
          1
          1
          1
          1
          1
          1
          1
          1
          1
          1
          1
          1
          1
          1
          1
          1
          1
   0.999996
   0.999927
   0.998795
    0.98085
   0.766632
   0.186152
  0.0200687
  0.0041988
 0.00319176
  0.0051164
 0.00974655
  0.0184249
  0.0332954
  0.0567631
  0.0910396
   0.136365
   0.189492
   0.243486
   0.290354
   0.324039
   0.341428
   0.341431
    0.32403
   0.290336
   0.243485
    0.18945
   0.136344
  0.0910114
  0.0567535
  0.0332717
  0.0184276
 0.00974063
 0.00511631
 0.00319378
 0.00419006
  0.0201112
   0.186024
   0.766719
   0.980858
   0.998797
   0.999927
   0.999996
          1
          1
          1
          1
          1
          1
          1
          1
          1
          1
          1
          1
          1
          1
          1
          1
          1
   0.999999
   0.999979
   0.999611
    0.99311
   0.891845
   0.332419
  0.0344445
 0.00505155
 0.00296523
 0.00471281
 0.00966375
  0.0199447
  0.0392061
  0.0718418
   0.121667
   0.188701
    0.26671
   0.344408
   0.411205
   0.461519
   0.494219
   0.510169
   0.510159
    0.49421
   0.461501
   0.411179
   0.344379
   0.266664
   0.188678
   0.121637
  0.0718342
  0.0391826
  0.0199472
 0.00965833
 0.00471226
 0.00296868
 0.00504369
  0.0345025
   0.332376
   0.891796
   0.993113
   0.999612
   0.999979
   0.999999
          1
          1
          1
          1
          1
          1
          1
          1
          1
          1
          1
          1
          1
          1
          1
          1
   0.999995
   0.999904
   0.998135
    0.96524
   0.598106
   0.080421
 0.00797553
 0.00278663
 0.00379745
 0.00809091
  0.0181179
  0.0388792
  0.0771525
   0.138677
   0.223008
   0.320532
   0.416015
   0.497039
   0.558601
   0.601218
   0.627559
   0.640046
    0.64005
    0.62755
   0.601209
   0.558574
      0.497
   0.415964
    0.32047
   0.222975
   0.138645
  0.0771342
    0.03886
  0.0181188
 0.00808793
 0.00379507
 0.00278714
 0.00797513
  0.0803713
   0.598187
   0.965239
   0.998134
   0.999905
   0.999995
          1
          1
          1
          1
          1
          1
          1
          1
          1
          1
          1
          1
          1
          1
          1
   0.999999
   0.999982
   0.999616
   0.992045
   0.858541
   0.234182
  0.0189926
 0.00319447
 0.00283467
 0.00580019
  0.0138432
  0.0324767
  0.0707435
   0.137753
   0.233955
   0.346862
   0.457627
   0.551376
   0.622172
   0.671274
    0.70302
    0.72167
   0.730245
   0.730243
   0.721666
   0.703007
   0.671258
   0.622138
   0.551335
   0.457571
   0.346793
   0.233906
   0.137719
   0.070729
   0.032452
  0.0138468
 0.00580086
 0.00283149
 0.00319571
  0.0189965
   0.234515
     0.8584
    0.99206
   0.999616
   0.999982
   0.999999
          1
          1
          1
          1
          1
          1
          1
          1
          1
          1
          1
          1
          1
          1
   0.999997
   0.999939
    0.99864
   0.970765
   0.601202
  0.0694763
  0.0059868
 0.00228969
 0.00370436
 0.00900427
  0.0228077
  0.0550023
   0.119152
   0.220547
   0.345373
   0.470325
   0.577033
   0.656951
   0.711002
   0.745071
   0.765344
   0.776462
   0.781328
   0.781329
   0.776457
   0.765336
   0.745057
   0.710981
   0.656917
   0.576994
   0.470273
   0.345316
     0.2205
   0.119119
  0.0549904
  0.0227912
  0.0090041
 0.00370486
  0.0022872
 0.00598971
  0.0695811
   0.601378
   0.970741
   0.998645
   0.999939
   0.999997
          1
          1
          1
          1
          1
          1
          1
          1
          1
          1
          1
          1
          1
          1
   0.999992
    0.99982
   0.995817
   0.909809
   0.304439
  0.0218551
 0.00285938
 0.00234185
 0.00513539
  0.0135591
  0.0358043
  0.0877393
   0.184188
   0.316183
   0.454441
   0.575468
   0.667023
   0.727843
   0.764548
   0.785135
   0.795823
   0.800792
   0.802643
   0.802642
   0.800789
   0.795819
   0.785128
   0.764533
   0.727822
    0.66699
   0.575423
   0.454385
   0.316128
   0.184139
  0.0877087
   0.035795
  0.0135543
 0.00513301
 0.00234096
 0.00285831
  0.0218752
   0.304501
   0.909899
   0.995815
   0.999822
   0.999992
          1
          1
          1
          1
          1
          1
          1
          1
          1
          1
          1
          1
          1
   0.999999
   0.999981
   0.999542
   0.988806
    0.78157
   0.129592
  0.0085154
 0.00199228
 0.00276806
 0.00701892
  0.0195606
  0.0534753
   0.130957
   0.259978
   0.409851
    0.54672
   0.654154
   0.726681
   0.769491
   0.791952
   0.801939
    0.80494
    0.80477
    0.80401
   0.804009
    0.80477
   0.804938
   0.801935
   0.791944
   0.769477
    0.72666
   0.654114
   0.546669
   0.409792
   0.259924
   0.130907
  0.0534541
  0.0195552
 0.00701743
 0.00276602
 0.00199136
 0.00852259
   0.129575
    0.78161
   0.988823
   0.999543
   0.999981
   0.999999
          1
          1
          1
          1
          1
          1
          1
          1
          1
          1
          1
          1
   0.999998
    0.99996
   0.998982
   0.974654
   0.595883
  0.0573991
 0.00425813
 0.00178277
 0.00336753
 0.00925533
  0.0269198
  0.0755733
   0.181682
   0.335692
   0.489487
   0.616488
   0.707409
   0.762615
   0.791146
   0.802639
    0.80403
   0.800268
   0.795239
   0.791893
   0.791895
   0.795239
    0.80027
   0.804028
   0.802635
   0.791139
   0.762599
    0.70738
    0.61644
   0.489424
    0.33562
   0.181641
  0.0755418
  0.0269096
 0.00925118
 0.00336685
 0.00178131
  0.0042598
  0.0574455
   0.596533
   0.974552
   0.998987
    0.99996
   0.999998
          1
          1
          1
          1
          1
          1
          1
          1
          1
          1
          1
          1
   0.999997
   0.999927
   0.998074
   0.950939
    0.41999
   0.029085
 0.00270571
 0.00179776
 0.00403536
  0.0116557
  0.0351359
    0.10041
   0.233436
   0.401069
   0.550085
   0.664981
   0.740996
   0.782662
    0.80051
   0.803358
   0.797293
   0.787125
   0.777196
   0.771162
   0.771162
   0.777199
   0.787125
   0.797295
   0.803355
   0.800504
   0.782651
   0.740972
    0.66494
   0.550031
   0.400991
   0.233358
   0.100377
  0.0351204
  0.0116526
 0.00403256
 0.00179725
 0.00270661
  0.0291077
     0.4205
   0.950978
   0.998069
   0.999927
   0.999997
          1
          1
          1
          1
          1
          1
          1
          1
          1
          1
          1
          1
   0.999996
   0.999884
   0.996861
   0.920732
    0.29621
  0.0175072
 0.00206529
 0.00188979
 0.00466161
   0.013943
  0.0432466
   0.124628
   0.278555
   0.450452
   0.592135
    0.69639
   0.760956
   0.792934
   0.802989
   0.798991
   0.786469
    0.77038
   0.755772
   0.747126
   0.747126
   0.755774
   0.770384
   0.786469
   0.798993
   0.802987
   0.792926
   0.760938
   0.696354
   0.592079
   0.450378
   0.278495
   0.124579
  0.0432285
  0.0139373
  0.0046607
 0.00188834
  0.0020654
  0.0175237
   0.296601
   0.920598
   0.996867
   0.999884
   0.999996
          1
          1
          1
          1
          1
          1
          1
          1
          1
          1
          1
          1
   0.999994
   0.999843
   0.995663
   0.891203
   0.226557
  0.0125586
 0.00178961
 0.00198355
 0.00515517
   0.015762
   0.049871
   0.143996
   0.311142
   0.482648
   0.618154
   0.714866
   0.771869
   0.797599
   0.802413
    0.79346
   0.775962
   0.755156
    0.73676
   0.725995
   0.725993
   0.736762
   0.755158
   0.775963
   0.793459
   0.802411
   0.797593
   0.771853
   0.714832
   0.618105
   0.482565
   0.311064
   0.143949
  0.0498473
  0.0157584
 0.00515215
 0.00198269
 0.00178954
    0.01256
   0.226938
   0.891204
   0.995656
   0.999843
   0.999994
          1
          1
          1
          1
          1
          1
          1
          1
          1
          1
          1
          1
   0.999993
   0.999817
   0.994879
   0.873505
    0.19612
  0.0106821
 0.00168413
 0.00204189
  0.0054229
  0.0167817
  0.0536235
   0.154746
   0.328019
   0.498338
   0.630505
    0.72336
   0.776629
   0.799284
    0.80142
   0.789815
   0.769573
   0.746117
   0.725591
   0.713636
   0.713633
    0.72559
   0.746119
   0.769571
   0.789815
   0.801418
   0.799276
   0.776611
   0.723327
   0.630452
   0.498268
   0.327944
   0.154683
  0.0536022
  0.0167732
 0.00542159
 0.00204021
 0.00168454
  0.0106821
   0.196548
   0.873257
   0.994883
   0.999817
   0.999993
          1
          1
          1
          1
          1
          1
          1
          1
          1
          1
          1
          1
   0.999993
   0.999816
   0.994906
   0.872996
   0.196473
  0.0106683
 0.00168513
 0.00204064
 0.00542523
  0.0167774
  0.0536222
    0.15474
   0.328001
    0.49834
   0.630497
   0.723358
   0.776626
   0.799282
    0.80142
   0.789816
    0.76957
    0.74612
   0.725593
   0.713641
   0.713639
   0.725593
    0.74612
    0.76957
   0.789815
   0.801419
   0.799274
   0.776607
   0.723322
    0.63045
   0.498254
   0.327914
   0.154692
  0.0535934
   0.016773
 0.00542172
 0.00203988
 0.00168525
  0.0106778
   0.196783
   0.873178
   0.994883
   0.999818
   0.999993
          1
          1
          1
          1
          1
          1
          1
          1
          1
          1
          1
          1
   0.999994
   0.999843
   0.995651
   0.891533
   0.226218
  0.0125739
 0.00178819
 0.00198474
 0.00515262
  0.0157644
  0.0498657
   0.143983
   0.311123
   0.482615
   0.618137
   0.714854
   0.771864
   0.797596
    0.80241
    0.79346
   0.775967
   0.755159
   0.736769
   0.726006
   0.726006
   0.736768
   0.755159
   0.775967
   0.793458
   0.802407
   0.797585
   0.771842
   0.714817
   0.618078
   0.482544
   0.311043
   0.143918
  0.0498432
   0.015756
 0.00515084
 0.00198302
 0.00178924
  0.0125756
   0.226845
   0.891282
   0.995656
   0.999843
   0.999994
          1
          1
          1
          1
          1
          1
          1
          1
          1
          1
          1
          1
   0.999996
   0.999884
   0.996872
   0.920457
   0.296695
  0.0175015
 0.00206675
 0.00188832
 0.00466403
  0.0139384
   0.043241
   0.124601
   0.278519
   0.450428
   0.592102
   0.696366
   0.760943
   0.792925
   0.802986
   0.798993
   0.786471
   0.770387
   0.755779
   0.747137
   0.747135
   0.755779
   0.770388
    0.78647
   0.798988
    0.80298
   0.792913
   0.760915
   0.696323
   0.592049
   0.450331
   0.278434
   0.124558
  0.0432178
  0.0139339
 0.00466043
 0.00188769
 0.00206604
   0.017516
   0.296916
   0.920559
   0.996856
   0.999885
   0.999996
          1
          1
          1
          1
          1
          1
          1
          1
          1
          1
          1
          1
   0.999997
   0.999927
   0.998063
   0.951185
   0.419369
  0.0291338
 0.00270275
 0.00179841
 0.00403233
  0.0116554
  0.0351261
   0.100395
   0.233384
   0.401003
    0.55004
   0.664946
   0.740973
   0.782648
   0.800501
   0.803353
   0.797296
   0.787129
   0.777205
    0.77117
   0.771171
   0.777206
    0.78713
   0.797296
   0.803351
   0.800493
   0.782629
   0.740941
     0.6649
   0.549966
   0.400924
   0.233312
   0.100341
  0.0351119
  0.0116471
 0.00403096
 0.00179663
 0.00270361
  0.0291405
   0.419885
   0.951066
    0.99807
   0.999927
   0.999997
          1
          1
          1
          1
          1
          1
          1
          1
          1
          1
          1
          1
   0.999998
    0.99996
   0.998988
   0.974473
    0.59682
  0.0572926
 0.00426366
 0.00178072
  0.0033693
 0.00925078
  0.0269128
  0.0755437
   0.181647
    0.33565
   0.489418
    0.61643
    0.70737
   0.762588
    0.79113
   0.802627
   0.804024
    0.80027
   0.795242
   0.791898
   0.791897
   0.795242
   0.800268
   0.804024
   0.802622
   0.791117
   0.762569
   0.707333
   0.616369
   0.489351
   0.335559
   0.181567
  0.0755202
  0.0268965
 0.00924798
 0.00336655
 0.00177999
 0.00426477
  0.0573402
   0.597108
   0.974511
   0.998987
    0.99996
   0.999998
          1
          1
          1
          1
          1
          1
          1
          1
          1
          1
          1
          1
   0.999999
   0.999982
   0.999541
   0.988866
   0.780801
   0.129974
 0.00850493
 0.00199355
 0.00276579
  0.0070192
  0.0195549
  0.0534599
   0.130905
   0.259909
   0.409782
   0.546649
   0.654089
   0.726637
    0.76946
    0.79193
   0.801924
    0.80493
   0.804766
   0.804005
   0.804007
   0.804764
    0.80493
   0.801922
   0.791921
   0.769446
   0.726608
   0.654039
   0.546595
   0.409704
   0.259829
   0.130857
  0.0534327
  0.0195471
 0.00701497
 0.00276426
 0.00199254
 0.00851496
    0.12996
   0.781236
   0.988855
   0.999542
   0.999981
   0.999999
          1
          1
          1
          1
          1
          1
          1
          1
          1
          1
          1
          1
          1
   0.999992
   0.999821
   0.995807
   0.910028
    0.30392
  0.0219088
 0.00285531
 0.00234389
 0.00513111
  0.0135564
  0.0357909
  0.0877086
   0.184122
     0.3161
   0.454345
   0.575386
   0.666951
   0.727788
   0.764506
   0.785104
   0.795801
   0.800773
   0.802628
   0.802626
   0.800771
   0.795798
     0.7851
   0.764496
   0.727767
   0.666914
   0.575336
   0.454279
   0.316022
   0.184073
  0.0876659
  0.0357753
  0.0135483
 0.00512975
 0.00234212
 0.00285484
  0.0219211
   0.304013
   0.910252
   0.995806
   0.999821
   0.999992
          1
          1
          1
          1
          1
          1
          1
          1
          1
          1
          1
          1
          1
          1
   0.999997
   0.999939
   0.998645
   0.970632
   0.602266
  0.0693966
 0.00599555
 0.00228655
 0.00370684
  0.0089992
  0.0227943
  0.0549727
   0.119105
    0.22047
   0.345273
   0.470206
   0.576934
   0.656862
   0.710931
   0.745012
   0.765297
   0.776423
   0.781292
   0.781293
   0.776419
   0.765294
   0.745007
   0.710915
   0.656833
   0.576893
   0.470154
   0.345214
   0.220408
   0.119068
  0.0549534
  0.0227839
 0.00899606
 0.00370483
 0.00228493
 0.00599729
  0.0694667
   0.602307
   0.970647
   0.998647
   0.999939
   0.999997
          1
          1
          1
          1
          1
          1
          1
          1
          1
          1
          1
          1
          1
          1
   0.999999
   0.999982
   0.999616
   0.992087
   0.858046
   0.234886
  0.0189666
 0.00319898
  0.0028296
 0.00580011
  0.0138391
  0.0324564
  0.0707024
    0.13768
   0.233849
   0.346735
   0.457487
   0.551256
   0.622058
   0.671181
   0.702937
   0.721598
   0.730176
   0.730175
   0.721594
   0.702934
    0.67117
   0.622039
   0.551223
   0.457443
   0.346699
   0.233803
   0.137655
  0.0706783
  0.0324363
  0.0138349
 0.00579751
  0.0028283
 0.00319942
  0.0189756
   0.235049
    0.85805
   0.992082
   0.999617
   0.999982
   0.999999
          1
          1
          1
          1
          1
          1
          1
          1
          1
          1
          1
          1
          1
          1
          1
   0.999995
   0.999904
   0.998133
   0.965444
   0.597459
  0.0804733
 0.00796809
 0.00278891
 0.00379246
 0.00808533
  0.0181079
  0.0388512
  0.0771069
    0.13859
   0.222897
   0.320393
   0.415867
     0.4969
   0.558468
   0.601105
   0.627452
   0.639943
   0.639939
   0.627442
   0.601093
   0.558456
    0.49688
   0.415828
   0.320361
   0.222857
   0.138565
   0.077075
   0.038837
   0.018106
 0.00808424
  0.0037898
 0.00278985
 0.00796758
  0.0805511
    0.59759
   0.965351
   0.998128
   0.999904
   0.999995
          1
          1
          1
          1
          1
          1
          1
          1
          1
          1
          1
          1
          1
          1
          1
          1
   0.999999
   0.999979
   0.999611
   0.993096
   0.892238
   0.332022
   0.034544
 0.00504073
 0.00296884
 0.00470863
 0.00965601
  0.0199361
  0.0391708
  0.0718071
   0.121575
   0.188585
   0.266555
   0.344243
   0.411044
   0.461363
   0.494071
   0.510024
   0.510016
   0.494063
   0.461353
    0.41103
   0.344211
   0.266538
    0.18854
   0.121552
  0.0717706
   0.039158
  0.0199308
 0.00965004
 0.00470705
 0.00296833
 0.00504497
  0.0345508
   0.332247
   0.892208
   0.993067
   0.999613
   0.999979
   0.999999
          1
          1
          1
          1
          1
          1
          1
          1
          1
          1
          1
          1
          1
          1
          1
          1
          1
   0.999996
   0.999927
   0.998797
   0.980794
   0.767248
   0.185904
  0.0201249
 0.00418562
 0.00319321
  0.0051141
 0.00973494
  0.0184185
   0.033257
  0.0567274
   0.090961
   0.136265
   0.189352
   0.243329
   0.290171
   0.323864
   0.341247
    0.34125
   0.323852
   0.290173
   0.243307
   0.189341
   0.136225
  0.0909537
  0.0567056
  0.0332475
  0.0184135
 0.00973024
  0.0051114
 0.00319219
 0.00419069
  0.0201234
   0.186175
   0.767167
   0.980777
   0.998794
   0.999927
   0.999996
          1
          1
          1
          1
          1
          1
          1
          1
          1
          1
          1
          1
          1
          1
          1
          1
          1
          1
   0.999999
   0.999988
   0.999808
    0.99716
    0.96035
   0.640447
   0.125581
  0.0156024
 0.00399887
 0.00320611
 0.00477996
 0.00828069
  0.0143014
  0.0237246
  0.0375242
  0.0563642
   0.080039
     0.1067
   0.132716
   0.153487
   0.165038
   0.165023
   0.153494
   0.132698
   0.106701
  0.0800176
  0.0563615
  0.0375067
  0.0237221
  0.0142939
 0.00827941
  0.0047763
 0.00320737
 0.00400382
  0.0155828
   0.125947
    0.64029
   0.960391
   0.997149
   0.999808
   0.999988
   0.999999
          1
          1
          1
          1
          1
          1
          1
          1
          1
          1
          1
          1
          1
          1
          1
          1
          1
          1
          1
   0.999998
   0.999972
   0.999614
    0.99495
   0.939192
     0.5653
   0.109019
  0.0154664
 0.00416441
 0.00299483
 0.00389177
 0.00601452
 0.00942539
  0.0142969
   0.020776
  0.0287522
  0.0377321
  0.0466307
   0.053941
  0.0580784
  0.0580899
  0.0539297
  0.0466379
   0.037724
  0.0287566
  0.0207647
  0.0142987
 0.00941951
 0.00601724
 0.00388922
 0.00299786
 0.00416591
  0.0154379
   0.109443
   0.565181
    0.93926
   0.994938
   0.999614
   0.999972
   0.999998
          1
          1
          1
          1
          1
          1
          1
          1
          1
          1
          1
          1
          1
          1
          1
          1
          1
          1
          1
          1
          1
   0.999996
   0.999952
   0.999413
   0.993227
   0.929564
    0.56303
   0.123108
  0.0195507
 0.00493894
 0.00279714
 0.00291377
 0.00386999
   0.005422
 0.00746764
 0.00991036
  0.0125424
  0.0150707
  0.0170839
   0.018224
  0.0182155
  0.0170912
  0.0150644
  0.0125474
  0.0099051
 0.00747155
 0.00541739
 0.00387376
 0.00291184
 0.00279999
 0.00493955
  0.0195392
   0.123502
   0.562992
   0.929708
   0.993236
    0.99941
   0.999952
   0.999996
          1
          1
          1
          1
          1
          1
          1
          1
          1
          1
          1
          1
          1
          1
          1
          1
          1
          1
          1
          1
          1
          1
          1
   0.999994
   0.999937
   0.999326
   0.993188
   0.938223
   0.632542
   0.178782
  0.0326779
 0.00758449
 0.00312652
 0.00231731
 0.00243131
 0.00291771
 0.00358446
 0.00432448
 0.00501708
 0.00556564
 0.00586236
 0.00586709
 0.00556118
 0.00501999
 0.00432134
  0.0035879
 0.00291514
 0.00243296
 0.00231461
 0.00313043
 0.00758282
  0.0326706
   0.178875
     0.6326
    0.93816
   0.993198
    0.99932
   0.999938
   0.999994
          1
          1
          1
          1
          1
          1
          1
          1
          1
          1
          1
          1
          1
          1
          1
          1
          1
          1
          1
          1
          1
          1
          1
          1
   0.999999
   0.999994
   0.999937
   0.999406
   0.994812
   0.958726
   0.755855
   0.315206
  0.0742905
  0.0174333
 0.00557803
 0.00274414
  0.0019795
  0.0018199
  0.0018679
 0.00198662
 0.00209711
 0.00216618
 0.00216348
 0.00209918
 0.00198508
 0.00187016
 0.00181894
 0.00198238
 0.00274163
 0.00558836
  0.0174186
  0.0744123
   0.315262
   0.756461
     0.9586
   0.994811
   0.999403
   0.999937
   0.999994
   0.999999
          1
          1
          1
          1
          1
          1
          1
          1
          1
          1
          1
          1
          1
          1
          1
          1
          1
          1
          1
          1
          1
          1
          1
          1
          1
   0.999999
   0.999994
   0.999951
   0.999602
   0.996996
   0.979476
   0.883243
   0.573283
   0.214677
   0.062031
  0.0193933
 0.00760001
 0.00387163
  0.0025173
 0.00195895
 0.00172442
  0.0016325
 0.00163499
 0.00172183
 0.00196137
 0.00251443
 0.00387608
 0.00759067
  0.0194222
  0.0619014
   0.215224
   0.572902
    0.88364
   0.979403
   0.997016
   0.999601
   0.999952
   0.999994
   0.999999
          1
          1
          1
          1
          1
          1
          1
          1
          1
          1
          1
          1
          1
          1
          1
          1
          1
          1
          1
          1
          1
          1
          1
          1
          1
          1
          1
          1
   0.999996
   0.999971
   0.999797
    0.99869
    0.99241
   0.961332
   0.842689
   0.567759
   0.273399
   0.112717
  0.0490941
  0.0247136
  0.0149025
   0.010687
 0.00911332
 0.00909123
  0.0107053
  0.0148761
   0.024757
  0.0490312
   0.112978
   0.272896
   0.568656
   0.842089
   0.961481
   0.992363
   0.998697
   0.999794
   0.999971
   0.999996
          1
          1
          1
          1
          1
          1
          1
          1
          1
          1
          1
          1
          1
          1
          1
          1
          1
          1
          1
          1
          1
          1
          1
          1
          1
          1
          1
          1
          1
          1
          1
   0.999998
   0.999987
   0.999921
   0.999569
   0.997915
    0.99097
   0.966457
   0.896035
   0.751172
   0.552319
   0.375052
   0.257253
   0.194236
   0.166608
   0.167056
   0.193761
   0.257892
    0.37451
   0.552994
   0.750504
     0.8965
   0.966256
   0.991003
     0.9979
    0.99957
    0.99992
   0.999987
   0.999998
          1
          1
          1
          1
          1
          1
          1
          1
          1
          1
          1
          1
          1
          1
          1
          1
          1
          1
          1
          1
          1
          1
          1
          1
          1
          1
          1
          1
          1
          1
          1
          1
          1
   0.999999
   0.999995
   0.999976
   0.999892
   0.999567
   0.998437
   0.995121
   0.986762
   0.969805
   0.941439
   0.905435
   0.870132
   0.849408
   0.848911
   0.870645
   0.905041
   0.941635
   0.969687
   0.986846
   0.995094
   0.998446
   0.999565
   0.999892
   0.999976
   0.999995
   0.999999
          1
          1
          1
          1
          1
          1
          1
          1
          1
          1
          1
          1
          1
          1
          1
          1
          1
          1
          1
          1
          1
          1
          1
          1
          1
          1
          1
          1
          1
          1
          1
          1
          1
          1
          1
          1
   0.999999
   0.999995
   0.999979
    0.99993
   0.999792
   0.999465
   0.998798
   0.997705
   0.996226
    0.99477
   0.993777
   0.993804
   0.994745
   0.996242
   0.997699
   0.998804
   0.999463
   0.999793
    0.99993
   0.999979
   0.999995
   0.999999
          1
          1
          1
          1
          1
          1
          1
          1
          1
          1
          1
          1
          1
          1
          1
          1
          1
          1
          1
          1
          1
          1
          1
          1
          1
          1
          1
          1
          1
          1
          1
          1
          1
          1
          1
          1
          1
          1
          1
          1
   0.999999
   0.999997
   0.999991
   0.999978
   0.999954
   0.999913
   0.999862
   0.999809
   0.999777
   0.999776
    0.99981
   0.999861
   0.999913
   0.999953
   0.999978
   0.999991
   0.999997
   0.999999
          1
          1
          1
          1
          1
          1
          1
          1
          1
          1
          1
          1
          1
          1
          1
          1
          1
          1
          1
          1
          1
          1
          1
          1
          1
          1
          1
          1
          1
          1
          1
          1
          1
          1
          1
          1
          1
          1
          1
          1
          1
          1
          1
          1
          1
   0.999999
   0.999998
   0.999997
   0.999995
   0.999993
   0.999992
   0.999992
   0.999993
   0.999995
   0.999997
   0.999998
   0.999999
          1
          1
          1
          1
          1
          1
          1
          1
          1
          1
          1
          1
          1
          1
          1
          1
          1
          1
          1
          1
          1
          1
          1
          1
          1
          1
          1
          1
          1
          1
          1
          1
          1
          1
          1
          1
          1
          1
          1
          1
          1
          1
          1
          1
          1
          1
          1
          1
          1
          1
          1
          1
          1
          1
          1
          1
          1
          1
          1
          1
          1
          1
          1
          1
          1
          1
          1
          1
          1
          1
          1
          1
          1
          1
          1
          1
          1
          1
          1
          1
          1
          1
          1
          1
          1
          1
          1
          1
          1
          1
          1
          1
          1
          1
          1
          1
          1
          1
          1
          1
          1
          1
          1
          1
          1
          1
          1
          1
          1
          1
          1
          1
          1
          1
          1
          1
          1
          1
          1
          1
          1
          1
          1
          1
          1
          1
          1
          1
          1
          1
          1
          1
          1
          1
          1
          1
          1
          1
          1
          1
          1
          1
          1
          1
          1
          1
          1
          1
          1
          1
          1
          1
          1
          1
          1
          1
          1
          1
          1
          1
          1
          1
          1
          1
          1
          1
          1
          1
          1
          1
          1
          1
          1
          1
          1
          1
          1
          1
          1
          1
          1
          1
          1
          1
          1
          1
          1
          1
          1
          1
          1
          1
          1
          1
          1
          1
          1
          1
          1
          1
          1
          1
          1
          1
          1
          1
          1
          1
          1
          1
          1
          1
          1
          1
          1
          1
          1
          1
          1
          1
          1
          1
          1
          1
          1
          1
          1
          1
          1
          1
          1
          1
          1
          1
          1
          1
          1
          1
          1
          1
          1
          1
          1
          1
          1
          1
          1
          1
          1
          1
          1
          1
          1
          1
          1
          1
          1
          1
          1
          1
          1
          1
          1
          1
          1
          1
          1
          1
          1
          1
          1
          1
          1
          1
          1
          1
          1
          1
          1
          1
          1
          1
          1
          1
          1
          1
          1
          1
          1
          1
          1
          1
          1
          1
          1
          1
          1
          1
          1
          1
          1
          1
          1
          1
          1
          1
          1
          1
          1
          1
          1
          1
          1
          1
          1
          1
          1
          1
          1
          1
          1
          1
          1
          1
          1
          1
          1
          1
          1
          1
          1
          1
          1
          1
          1
          1
          1
          1
          1
          1
          1
          1
          1
          1
          1
          1
          1
          1
          1
          1
          1
          1
          1
          1
          1
          1
          1
          1
          1
          1
          1
          1
          1
          1
          1
          1
          1
          1
          1
          1
          1
          1
          1
          1
          1
          1
          1
          1
          1
          1
          1
          1
          1
          1
          1
          1
          1
          1
          1
          1
          1
          1
          1
          1
          1
          1
          1
          1
          1
          1
          1
          1
          1
          1
          1
          1
          1
          1
          1
          1
          1
          1
          1
          1
          1
          1
          1
          1
          1
          1
          1
          1
          1
          1
          1
          1
          1
          1
          1
          1
          1
          1
          1
          1
          1
          1
          1
          1
          1
          1
          1
          1
          1
          1
          1
          1
          1
          1
          1
          1
          1
          1
          1
          1
          1
          1
          1
          1
          1
          1
          1
          1
          1
          1
          1
          1
          1
          1
          1
          1
          1
          1
          1
          1
          1
          1
          1
          1
          1
          1
          1
          1
          1
          1
          1
          1
          1
          1
          1
          1
          1
          1
          1
          1
          1
          1
          1
          1
          1
          1
          1
          1
          1
          1
          1
          1
          1
          1
          1
          1
          1
          1
          1
          1
          1
          1
          1
          1
          1
          1
          1
          1
          1
          1
          1
          1
          1
          1
          1
          1
          1
          1
          1
          1
          1
          1
          1
          1
          1
          1
          1
          1
          1
          1
          1
          1
          1
          1
          1
          1
          1
          1
          1
          1
          1
          1
          1
          1
          1
          1
          1
          1
          1
          1
          1
          1
          1
          1
          1
          1
          1
          1
          1
          1
          1
          1
          1
          1
          1
          1
          1
          1
          1
          1
          1
          1
          1
          1
          1
          1
          1
          1
          1
          1
          1
          1
          1
          1
          1
          1
          1
          1
          1
          1
          1
          1
          1
          1
          1
          1
          1
          1
          1
          1
          1
          1
          1
          1
          1
          1
          1
          1
          1
          1
          1
          1
          1
          1
          1
          1
          1
          1
          1
          1
          1
          1
          1
          1
          1
          1
          1
          1
          1
          1
          1
          1
          1
          1
          1
          1
          1
          1
          1
          1
          1
          1
          1
          1
          1
          1
          1
          1
          1
          1
          1
          1
          1
          1
          1
          1
          1
          1
          1
          1
          1
          1
          1
          1
          1
          1
          1
          1
          1
          1
          1
          1
          1
          1
          1
          1
          1
          1
          1
          1
          1
          1
          1
          1
          1
          1
          1
          1
          1
          1
          1
          1
          1
          1
          1
          1
          1
          1
          1
          1
          1
          1
          1
          1
          1
          1
          1
          1
          1
          1
          1
          1
          1
          1
          1
          1
          1
          1
          1
          1
          1
          1
          1
          1
          1
          1
          1
          1
          1
          1
          1
          1
          1
          1
          1
          1
          1
          1
          1
          1
          1
          1
          1
          1
          1
          1
          1
          1
          1
          1
          1
          1
          1
          1
          1
   0.999999
   0.999998
   0.999997
   0.999997
   0.999996
   0.999996
   0.999997
   0.999997
   0.999998
   0.999999
          1
          1
          1
          1
          1
          1
          1
          1
          1
          1
          1
          1
          1
          1
          1
          1
          1
          1
          1
          1
          1
          1
          1
          1
          1
          1
          1
          1
          1
          1
          1
          1
          1
          1
          1
          1
          1
          1
          1
          1
          1
          1
          1
          1
          1
          1
          1
   0.999998
   0.999996
   0.999989
   0.999977
   0.999958
   0.999933
   0.999908
   0.999892
   0.999892
   0.999908
   0.999933
   0.999958
   0.999977
   0.999989
   0.999996
   0.999998
   0.999999
          1
          1
          1
          1
          1
          1
          1
          1
          1
          1
          1
          1
          1
          1
          1
          1
          1
          1
          1
          1
          1
          1
          1
          1
          1
          1
          1
          1
          1
          1
          1
          1
          1
          1
          1
          1
          1
          1
          1
          1
   0.999999
   0.999997
    0.99999
   0.999966
   0.999901
   0.999747
    0.99944
   0.998937
   0.998262
   0.997589
    0.99714
   0.997148
    0.99759
   0.998264
   0.998937
   0.999441
   0.999748
   0.999901
   0.999966
    0.99999
   0.999997
   0.999999
          1
          1
          1
          1
          1
          1
          1
          1
          1
          1
          1
          1
          1
          1
          1
          1
          1
          1
          1
          1
          1
          1
          1
          1
          1
          1
          1
          1
          1
          1
          1
          1
          1
          1
          1
          1
          1
   0.999998
   0.999989
   0.999949
   0.999798
   0.999283
   0.997782
   0.994047
   0.986369
   0.973435
   0.956453
   0.939189
   0.928497
   0.928492
   0.939357
   0.956344
   0.973497
   0.986365
    0.99405
   0.997775
   0.999284
   0.999796
   0.999949
   0.999989
   0.999998
          1
          1
          1
          1
          1
          1
          1
          1
          1
          1
          1
          1
          1
          1
          1
          1
          1
          1
          1
          1
          1
          1
          1
          1
          1
          1
          1
          1
          1
          1
          1
          1
          1
          1
   0.999999
   0.999994
   0.999963
     0.9998
   0.999056
    0.99596
   0.985044
    0.95243
   0.876415
   0.745388
   0.589939
   0.455372
   0.368048
   0.326549
   0.326703
   0.368051
   0.455866
   0.589595
   0.746037
   0.876348
   0.952485
   0.985004
    0.99597
   0.999049
   0.999801
   0.999962
   0.999994
   0.999999
          1
          1
          1
          1
          1
          1
          1
          1
          1
          1
          1
          1
          1
          1
          1
          1
          1
          1
          1
          1
          1
          1
          1
          1
          1
          1
          1
          1
          1
          1
          1
   0.999998
   0.999986
   0.999907
   0.999403
   0.996644
   0.982845
   0.926705
   0.758897
   0.477762
   0.236678
   0.111765
  0.0577123
  0.0347951
  0.0247926
  0.0209546
  0.0209562
  0.0247954
  0.0347734
  0.0578288
   0.111741
   0.236823
    0.47728
   0.759265
    0.92644
   0.982894
   0.996625
   0.999409
   0.999906
   0.999986
   0.999998
          1
          1
          1
          1
          1
          1
          1
          1
          1
          1
          1
          1
          1
          1
          1
          1
          1
          1
          1
          1
          1
          1
          1
          1
          1
          1
          1
          1
          1
   0.999997
   0.999977
   0.999821
   0.998648
   0.991016
    0.94665
   0.764185
   0.400532
    0.13947
  0.0450716
  0.0169922
 0.00798483
 0.00473481
 0.00339679
 0.00281658
   0.002592
 0.00259286
 0.00281539
 0.00340014
  0.0047308
 0.00799502
   0.016975
  0.0451154
    0.13925
   0.400794
   0.763846
   0.946977
   0.990993
   0.998664
   0.999819
   0.999977
   0.999997
          1
          1
          1
          1
          1
          1
          1
          1
          1
          1
          1
          1
          1
          1
          1
          1
          1
          1
          1
          1
          1
          1
          1
          1
          1
          1
          1
   0.999997
   0.999971
   0.999733
    0.99769
   0.981967
   0.880544
   0.529489
    0.16405
  0.0402148
  0.0117529
 0.00490326
 0.00296619
 0.00238556
 0.00224655
  0.0022725
 0.00233444
  0.0023799
 0.00237817
 0.00233543
 0.00227093
    0.00225
  0.0023832
 0.00296926
  0.0048988
  0.0117659
  0.0401821
   0.164176
   0.529322
   0.881013
   0.981901
   0.997698
   0.999732
   0.999971
   0.999997
          1
          1
          1
          1
          1
          1
          1
          1
          1
          1
          1
          1
          1
          1
          1
          1
          1
          1
          1
          1
          1
          1
          1
          1
          1
   0.999997
   0.999971
   0.999697
   0.996988
   0.972831
   0.805146
   0.348344
  0.0749156
  0.0162338
 0.00543258
 0.00319852
 0.00286944
 0.00316648
 0.00371828
 0.00437501
 0.00499863
 0.00549383
 0.00576252
 0.00576522
 0.00549093
 0.00500129
 0.00437163
 0.00372058
 0.00316259
 0.00287119
 0.00319557
 0.00543645
  0.0162518
  0.0750205
    0.34811
    0.80546
   0.972816
   0.996998
   0.999696
   0.999971
   0.999997
          1
          1
          1
          1
          1
          1
          1
          1
          1
          1
          1
          1
          1
          1
          1
          1
          1
          1
          1
          1
          1
          1
          1
   0.999998
   0.999977
   0.999737
   0.997017
   0.969026
   0.757222
   0.256798
  0.0445523
 0.00956595
 0.00408625
 0.00344153
 0.00411116
 0.00547837
 0.00733328
 0.00954434
  0.0118903
  0.0141175
  0.0158692
  0.0168478
  0.0168437
  0.0158722
  0.0141136
  0.0118945
 0.00954005
 0.00733354
 0.00547177
 0.00411148
 0.00343904
 0.00408896
 0.00957556
  0.0445718
   0.256658
   0.757262
   0.968991
   0.997013
   0.999736
   0.999978
   0.999998
          1
          1
          1
          1
          1
          1
          1
          1
          1
          1
          1
          1
          1
          1
          1
          1
          1
          1
          1
          1
          1
   0.999999
   0.999987
   0.999825
   0.997745
    0.97324
   0.759273
   0.231395
  0.0347979
 0.00747432
 0.00393932
 0.00426599
  0.0061028
 0.00921196
   0.013617
  0.0193764
  0.0262918
  0.0339115
  0.0413148
  0.0473206
  0.0506951
  0.0506957
  0.0473135
  0.0413158
  0.0339069
  0.0262949
  0.0193709
  0.0136166
 0.00920444
 0.00610215
  0.0042632
 0.00393883
 0.00748243
  0.0347703
   0.231679
   0.759168
    0.97317
   0.997756
   0.999824
   0.999987
   0.999999
          1
          1
          1
          1
          1
          1
          1
          1
          1
          1
          1
          1
          1
          1
          1
          1
          1
          1
          1
          1
   0.999994
   0.999912
   0.998722
   0.982586
   0.810892
   0.260721
  0.0351458
 0.00699272
 0.00402946
 0.00507371
 0.00821866
  0.0137271
  0.0221813
  0.0342979
  0.0504151
  0.0702783
  0.0923518
   0.113832
   0.131033
   0.140641
   0.140635
   0.131031
   0.113819
  0.0923512
  0.0702587
  0.0504044
  0.0342884
  0.0221857
  0.0137233
 0.00822096
 0.00507016
 0.00402769
  0.0070034
  0.0351015
   0.261078
   0.810818
   0.982643
   0.998721
   0.999911
   0.999994
          1
          1
          1
          1
          1
          1
          1
          1
          1
          1
          1
          1
          1
          1
          1
          1
          1
          1
          1
   0.999998
   0.999966
   0.999453
   0.991563
   0.886898
   0.358103
  0.0459715
 0.00754512
 0.00402101
 0.00538316
 0.00957894
  0.0175183
  0.0307792
  0.0513518
  0.0807541
   0.119378
   0.164929
   0.212227
   0.254484
   0.285767
    0.30222
   0.302215
   0.285747
   0.254488
   0.212199
   0.164902
   0.119334
   0.080732
  0.0513291
  0.0307836
  0.0175141
 0.00957788
 0.00538019
 0.00401528
 0.00756102
  0.0458911
   0.358428
   0.887013
   0.991566
   0.999454
   0.999965
   0.999998
          1
          1
          1
          1
          1
          1
          1
          1
          1
          1
          1
          1
          1
          1
          1
          1
          1
   0.999999
    0.99999
   0.999819
   0.996923
   0.951011
   0.546591
  0.0792159
 0.00982913
 0.00392591
 0.00500701
 0.00950304
  0.0189089
  0.0361143
  0.0648031
   0.108071
   0.166623
   0.236358
   0.308575
   0.373342
   0.423913
   0.457605
    0.47426
   0.474248
   0.457602
   0.423895
    0.37333
   0.308534
   0.236337
   0.166595
   0.108055
  0.0647726
  0.0361129
  0.0189062
 0.00949916
 0.00500561
 0.00392247
 0.00984285
  0.0791666
   0.547146
   0.950759
   0.996932
   0.999819
    0.99999
   0.999999
          1
          1
          1
          1
          1
          1
          1
          1
          1
          1
          1
          1
          1
          1
          1
          1
   0.999998
   0.999954
   0.999145
   0.984613
   0.780345
   0.176015
  0.0171502
 0.00411615
  0.0041734
 0.00803727
  0.0172297
  0.0358302
  0.0695597
   0.123504
   0.198479
    0.28792
   0.379313
   0.460194
   0.523719
   0.568727
    0.59694
   0.610428
   0.610426
    0.59693
   0.568717
   0.523686
   0.460158
   0.379265
    0.28789
   0.198454
   0.123489
  0.0695321
  0.0358264
    0.01723
 0.00803177
  0.0041733
 0.00411422
  0.0171628
   0.176152
   0.780149
    0.98462
   0.999145
   0.999954
   0.999998
          1
          1
          1
          1
          1
          1
          1
          1
          1
          1
          1
          1
          1
          1
          1
          1
   0.999991
   0.999819
   0.996415
   0.933909
   0.426929
  0.0436004
 0.00563149
   0.003368
 0.00589701
  0.0133003
  0.0300588
  0.0638237
   0.122679
    0.20877
   0.313433
    0.42056
   0.515148
   0.589367
   0.642557
   0.677847
   0.698996
   0.708844
   0.708841
   0.698992
   0.677834
   0.642539
   0.589334
   0.515108
   0.420499
   0.313375
   0.208742
   0.122651
  0.0637963
  0.0300549
  0.0132973
  0.0058939
 0.00336672
 0.00563357
    0.04365
   0.426586
   0.934047
   0.996408
   0.999819
   0.999991
          1
          1
          1
          1
          1
          1
          1
          1
          1
          1
          1
          1
          1
          1
          1
   0.999999
    0.99997
   0.999367
   0.986816
   0.782564
   0.153449
  0.0127308
   0.003203
 0.00395359
 0.00880849
  0.0213359
  0.0497865
   0.105844
   0.196195
   0.312006
   0.433147
   0.541199
   0.625994
   0.686089
   0.725588
   0.749994
   0.763837
   0.770052
   0.770049
    0.76383
   0.749988
   0.725573
   0.686068
   0.625959
   0.541161
   0.433094
   0.311949
   0.196169
   0.105809
  0.0497695
  0.0213291
 0.00880621
 0.00395018
 0.00320276
  0.0127418
   0.153552
   0.782453
   0.986834
   0.999366
    0.99997
   0.999999
          1
          1
          1
          1
          1
          1
          1
          1
          1
          1
          1
          1
          1
          1
   0.999996
   0.999914
   0.998062
   0.958801
   0.512105
  0.0506826
 0.00518882
 0.00279528
 0.00519803
  0.0129328
  0.0327499
  0.0778716
   0.162542
   0.283783
   0.417461
   0.539629
   0.636806
   0.705224
   0.748988
   0.775134
   0.789858
   0.797484
   0.800665
   0.800664
   0.797481
   0.789852
   0.775127
   0.748972
   0.705201
   0.636766
   0.539591
   0.417414
   0.283722
   0.162504
  0.0778402
  0.0327472
  0.0129254
  0.0051964
 0.00279539
 0.00518902
  0.0507169
   0.512475
   0.958704
   0.998076
   0.999914
   0.999996
          1
          1
          1
          1
          1
          1
          1
          1
          1
          1
          1
          1
          1
          1
   0.999991
   0.999783
   0.994915
   0.892499
   0.265546
  0.0190879
 0.00304737
 0.00302209
 0.00690713
  0.0182647
   0.047865
   0.114624
   0.230089
   0.373312
   0.510507
   0.623103
   0.703991
   0.755243
   0.784631
    0.79999
   0.807078
   0.809765
   0.810499
   0.810498
   0.809763
   0.807077
   0.799985
   0.784621
   0.755227
   0.703966
   0.623059
   0.510462
   0.373267
   0.230027
   0.114594
   0.047849
  0.0182654
 0.00690051
 0.00302121
 0.00305066
  0.0190759
   0.265908
   0.892381
   0.994915
   0.999783
   0.999991
          1
          1
          1
          1
          1
          1
          1
          1
          1
          1
          1
          1
          1
   0.999999
   0.999981
   0.999528
   0.988411
   0.777026
   0.128342
 0.00890606
 0.00237902
 0.00351146
 0.00892401
  0.0246598
  0.0663914
   0.157978
   0.300212
   0.452681
   0.583571
   0.682294
   0.746919
    0.78378
   0.802037
    0.80906
   0.809994
   0.808495
   0.807081
   0.807081
   0.808494
   0.809993
   0.809058
   0.802032
   0.783769
   0.746899
   0.682263
   0.583528
   0.452621
    0.30018
    0.15791
  0.0663851
  0.0246458
 0.00892356
 0.00351041
 0.00237764
 0.00891864
   0.128504
   0.776694
   0.988457
   0.999523
   0.999981
   0.999999
          1
          1
          1
          1
          1
          1
          1
          1
          1
          1
          1
          1
   0.999999
   0.999965
   0.999103
   0.977716
    0.63201
  0.0673032
 0.00518891
 0.00219524
 0.00409469
  0.0110734
  0.0316413
  0.0869374
   0.203072
    0.36335
   0.515144
   0.636029
   0.721242
   0.772507
   0.798521
   0.808404
   0.808791
   0.804471
   0.799199
   0.795783
   0.795784
   0.799198
   0.804471
    0.80879
   0.808402
   0.798513
   0.772494
   0.721215
   0.635995
    0.51509
   0.363272
    0.20303
  0.0869045
  0.0316373
  0.0110639
 0.00409499
 0.00219512
 0.00518897
  0.0674814
   0.631893
   0.977677
   0.999105
   0.999964
   0.999999
          1
          1
          1
          1
          1
          1
          1
          1
          1
          1
          1
          1
   0.999998
   0.999944
   0.998553
   0.963306
   0.501843
  0.0406871
 0.00366134
 0.00218768
 0.00465965
  0.0130855
  0.0384074
   0.106868
   0.243522
   0.412821
   0.559483
   0.670897
   0.745312
   0.786833
   0.805127
   0.808792
   0.803894
   0.795127
   0.786529
   0.781322
   0.781322
   0.786528
   0.795128
   0.803892
   0.808788
   0.805123
   0.786821
   0.745289
   0.670858
   0.559432
   0.412772
   0.243422
   0.106847
  0.0383896
  0.0130842
 0.00465686
  0.0021868
 0.00366488
  0.0407388
    0.50155
   0.963408
   0.998545
   0.999944
   0.999998
          1
          1
          1
          1
          1
          1
          1
          1
          1
          1
          1
          1
   0.999997
   0.999925
   0.997993
    0.94914
   0.412405
  0.0290221
 0.00299794
 0.00223044
 0.00510014
  0.0146757
  0.0438551
    0.12284
   0.273513
    0.44588
   0.587319
   0.691814
   0.758947
   0.794183
   0.807457
   0.806868
   0.798146
    0.78603
   0.774891
   0.768301
   0.768299
    0.77489
   0.786029
   0.798144
   0.806865
   0.807453
   0.794175
   0.758924
   0.691782
   0.587264
   0.445812
   0.273461
   0.122784
  0.0438493
  0.0146656
 0.00510106
 0.00222914
 0.00299856
   0.029083
   0.412098
    0.94914
   0.997997
   0.999924
   0.999997
          1
          1
          1
          1
          1
          1
          1
          1
          1
          1
          1
          1
   0.999997
   0.999912
   0.997645
   0.939921
   0.370116
  0.0245206
  0.0027418
 0.00226372
 0.00534578
  0.0155497
  0.0469217
   0.131726
   0.289343
   0.462237
   0.600627
   0.701556
   0.765056
   0.797216
   0.807994
   0.805213
   0.794453
   0.780524
   0.767993
   0.760645
   0.760644
   0.767988
   0.780524
    0.79445
   0.805209
    0.80799
   0.797206
   0.765035
   0.701522
   0.600576
   0.462185
   0.289239
   0.131698
  0.0469038
  0.0155468
 0.00534288
 0.00226348
 0.00274218
  0.0245715
    0.36935
   0.940218
   0.997629
   0.999911
   0.999997
          1
          1
          1
          1
          1
          1
          1
          1
          1
          1
          1
          1
   0.999997
   0.999912
   0.997632
   0.940227
   0.369424
  0.0245607
 0.00274052
 0.00226499
 0.00534365
  0.0155551
  0.0469141
   0.131738
   0.289323
   0.462225
   0.600625
   0.701552
   0.765054
   0.797216
   0.807993
   0.805213
   0.794456
   0.780523
   0.767995
   0.760646
   0.760643
   0.767992
   0.780521
   0.794452
   0.805208
   0.807988
   0.797205
    0.76503
   0.701519
   0.600566
   0.462153
   0.289271
   0.131669
  0.0469069
  0.0155437
 0.00534338
 0.00226375
  0.0027421
  0.0246032
   0.369422
   0.940135
   0.997639
   0.999911
   0.999997
          1
          1
          1
          1
          1
          1
          1
          1
          1
          1
          1
          1
   0.999997
   0.999924
   0.998002
   0.948958
   0.412884
  0.0290069
 0.00299893
 0.00222947
 0.00510298
  0.0146702
  0.0438602
   0.122814
   0.273507
   0.445867
   0.587303
   0.691803
   0.758938
   0.794179
   0.807455
   0.806868
   0.798148
   0.786037
   0.774894
   0.768304
   0.768307
   0.774891
   0.786035
   0.798143
   0.806863
   0.807448
   0.794165
   0.758915
   0.691763
   0.587245
   0.445804
   0.273397
   0.122788
  0.0438373
  0.0146671
 0.00509969
 0.00222856
 0.00300137
  0.0290494
   0.412655
   0.949146
   0.997987
   0.999924
   0.999997
          1
          1
          1
          1
          1
          1
          1
          1
          1
          1
          1
          1
   0.999998
   0.999944
    0.99855
   0.963448
   0.501361
  0.0407391
 0.00365907
 0.00218824
 0.00465693
   0.013088
  0.0383956
   0.106865
   0.243465
   0.412793
    0.55946
   0.670877
   0.745299
   0.786824
   0.805122
   0.808791
   0.803897
    0.79513
   0.786535
   0.781328
   0.781327
   0.786535
    0.79513
   0.803895
   0.808787
   0.805114
    0.78681
   0.745271
   0.670837
   0.559392
   0.412708
   0.243409
   0.106815
  0.0383858
  0.0130777
 0.00465701
 0.00218658
 0.00366196
  0.0408177
   0.501202
   0.963453
    0.99855
   0.999944
   0.999998
          1
          1
          1
          1
          1
          1
          1
          1
          1
          1
          1
          1
   0.999999
   0.999965
   0.999108
   0.977587
    0.63284
  0.0672562
 0.00519265
 0.00219402
 0.00409699
  0.0110671
  0.0316416
  0.0869139
   0.203054
   0.363306
   0.515099
   0.635996
    0.72122
   0.772493
    0.79851
   0.808397
    0.80879
   0.804475
   0.799202
   0.795789
    0.79579
   0.799202
   0.804475
   0.808789
   0.808392
     0.7985
   0.772474
   0.721186
   0.635942
   0.515034
   0.363246
   0.202955
  0.0868867
  0.0316232
  0.0110643
 0.00409347
 0.00219433
 0.00519369
  0.0673851
   0.632056
   0.977713
   0.999102
   0.999965
   0.999999
          1
          1
          1
          1
          1
          1
          1
          1
          1
          1
          1
          1
   0.999999
   0.999981
   0.999524
   0.988475
   0.776381
   0.128743
  0.0088965
 0.00237984
 0.00350966
 0.00892618
   0.024649
    0.06639
   0.157914
   0.300163
   0.452637
   0.583528
   0.682253
   0.746891
   0.783761
   0.802025
   0.809052
    0.80999
   0.808495
   0.807082
   0.807083
   0.808495
   0.809989
   0.809047
   0.802017
   0.783748
   0.746867
    0.68221
   0.583472
   0.452566
   0.300066
    0.15788
  0.0663539
  0.0246406
 0.00891782
 0.00350895
 0.00237905
 0.00891106
   0.128774
   0.776518
   0.988456
   0.999526
   0.999981
   0.999999
          1
          1
          1
          1
          1
          1
          1
          1
          1
          1
          1
          1
          1
   0.999991
   0.999785
    0.99488
   0.892853
   0.265007
  0.0191124
 0.00304515
 0.00302386
 0.00690248
  0.0182626
  0.0478479
    0.11461
   0.230022
   0.373246
   0.510444
   0.623051
   0.703947
   0.755209
   0.784608
   0.799972
   0.807065
   0.809755
   0.810491
   0.810492
   0.809754
   0.807062
   0.799968
   0.784598
   0.755191
   0.703914
   0.623003
   0.510379
   0.373157
   0.229981
   0.114539
  0.0478354
  0.0182536
 0.00689971
 0.00302098
 0.00304686
  0.0191281
   0.265368
   0.892694
    0.99491
   0.999783
   0.999991
          1
          1
          1
          1
          1
          1
          1
          1
          1
          1
          1
          1
          1
          1
   0.999996
   0.999914
   0.998072
     0.9586
   0.513145
  0.0505832
 0.00519297
 0.00279246
 0.00519938
   0.012926
  0.0327404
  0.0778336
     0.1625
   0.283708
   0.417389
   0.539542
   0.636739
    0.70517
   0.748945
   0.775102
    0.78983
   0.797461
   0.800643
   0.800644
   0.797457
   0.789827
   0.775093
   0.748931
   0.705144
   0.636701
   0.539491
   0.417313
   0.283659
   0.162429
  0.0778093
  0.0327274
  0.0129213
 0.00519483
 0.00279293
 0.00519479
  0.0506364
   0.513539
   0.958555
   0.998076
   0.999914
   0.999996
          1
          1
          1
          1
          1
          1
          1
          1
          1
          1
          1
          1
          1
          1
   0.999999
   0.999971
   0.999366
   0.986873
   0.781771
   0.153733
  0.0127164
  0.0032054
 0.00394901
 0.00880677
  0.0213308
    0.04977
   0.105787
   0.196136
    0.31191
   0.433056
   0.541095
   0.625909
   0.686016
   0.725528
   0.749945
    0.76379
   0.770011
   0.770007
    0.76379
   0.749939
   0.725519
   0.685996
    0.62588
   0.541052
   0.433003
   0.311859
   0.196079
   0.105762
  0.0497469
  0.0213215
 0.00880201
 0.00394764
 0.00320625
  0.0127313
   0.153977
    0.78201
   0.986838
   0.999368
    0.99997
   0.999999
          1
          1
          1
          1
          1
          1
          1
          1
          1
          1
          1
          1
          1
          1
          1
   0.999991
    0.99982
   0.996408
   0.934217
   0.426191
  0.0436379
 0.00562441
 0.00337086
 0.00589189
  0.0132914
   0.030049
  0.0637975
   0.122601
   0.208688
    0.31332
   0.420447
   0.515036
    0.58927
   0.642466
   0.677764
   0.698924
    0.70877
   0.708772
   0.698917
   0.677761
    0.64245
   0.589244
      0.515
   0.420404
   0.313263
   0.208637
   0.122584
  0.0637626
  0.0300394
  0.0132877
  0.0058876
 0.00336992
 0.00562799
  0.0437247
    0.42636
   0.934288
   0.996406
   0.999819
   0.999991
          1
          1
          1
          1
          1
          1
          1
          1
          1
          1
          1
          1
          1
          1
          1
          1
   0.999998
   0.999954
   0.999147
   0.984566
   0.780742
    0.17588
  0.0171849
 0.00410866
 0.00417769
 0.00803149
  0.0172185
  0.0358143
  0.0695208
   0.123435
    0.19838
   0.287803
   0.379174
   0.460063
   0.523599
   0.568624
   0.596835
   0.610336
   0.610325
   0.596837
   0.568612
   0.523586
    0.46003
   0.379143
   0.287757
    0.19835
   0.123411
   0.069496
  0.0358042
  0.0172131
  0.0080265
 0.00417341
 0.00411011
   0.017197
   0.175915
    0.78087
    0.98455
   0.999147
   0.999954
   0.999998
          1
          1
          1
          1
          1
          1
          1
          1
          1
          1
          1
          1
          1
          1
          1
          1
   0.999999
    0.99999
   0.999819
   0.996936
   0.950795
   0.547481
  0.0790552
 0.00985767
 0.00391726
 0.00500768
 0.00949824
   0.018895
  0.0360984
  0.0647572
    0.10802
   0.166523
   0.236246
   0.308433
   0.373189
   0.423748
   0.457471
   0.474113
    0.47412
   0.457454
   0.423757
   0.373161
   0.308404
   0.236201
   0.166495
   0.107981
  0.0647385
  0.0360921
  0.0188883
 0.00949477
 0.00500393
  0.0039193
 0.00985483
  0.0791696
      0.548
   0.950748
   0.996933
   0.999818
    0.99999
   0.999999
          1
          1
          1
          1
          1
          1
          1
          1
          1
          1
          1
          1
          1
          1
          1
          1
          1
   0.999998
   0.999966
   0.999451
   0.991613
   0.886539
   0.359281
  0.0458456
 0.00756759
 0.00401361
 0.00537766
 0.00957324
  0.0175002
  0.0307667
  0.0513038
  0.0807067
   0.119287
   0.164823
   0.212092
   0.254352
   0.285591
   0.302063
    0.30205
   0.285603
   0.254327
   0.212089
   0.164786
    0.11927
   0.080684
   0.051294
  0.0307634
  0.0174954
 0.00957315
  0.0053749
 0.00401396
 0.00756366
  0.0459269
   0.359383
   0.886769
   0.991561
   0.999453
   0.999966
   0.999998
          1
          1
          1
          1
          1
          1
          1
          1
          1
          1
          1
          1
          1
          1
          1
          1
          1
          1
          1
   0.999994
   0.999912
   0.998723
   0.982703
   0.810407
   0.261416
  0.0350629
 0.00700843
 0.00402641
 0.00506651
 0.00821751
   0.013709
   0.022173
  0.0342585
  0.0503806
  0.0702159
  0.0922826
   0.113731
   0.130947
   0.140532
   0.140543
   0.130926
   0.113744
  0.0922683
  0.0702129
  0.0503612
   0.034255
  0.0221668
  0.0137077
  0.0082131
 0.00506528
 0.00402685
 0.00700668
   0.035151
   0.261392
   0.810507
   0.982653
   0.998721
   0.999911
   0.999994
          1
          1
          1
          1
          1
          1
          1
          1
          1
          1
          1
          1
          1
          1
          1
          1
          1
          1
          1
          1
   0.999999
   0.999987
   0.999824
   0.997753
   0.973324
   0.758924
   0.231864
  0.0347341
 0.00748311
 0.00393684
 0.00425914
 0.00610071
 0.00919502
   0.013612
  0.0193529
  0.0262743
  0.0338735
  0.0412834
  0.0472694
  0.0506549
  0.0506436
  0.0472813
  0.0412727
  0.0338797
  0.0262629
  0.0193519
  0.0136033
 0.00919693
 0.00609741
 0.00426117
 0.00393941
 0.00747788
  0.0348051
   0.231879
   0.759082
   0.973362
   0.997753
   0.999824
   0.999987
   0.999999
          1
          1
          1
          1
          1
          1
          1
          1
          1
          1
          1
          1
          1
          1
          1
          1
          1
          1
          1
          1
          1
   0.999998
   0.999978
   0.999736
   0.997016
   0.969061
    0.75706
   0.257191
    0.04456
 0.00957552
 0.00408839
 0.00343513
 0.00411097
 0.00546672
 0.00732909
 0.00952836
  0.0118823
  0.0140962
  0.0158556
   0.016823
  0.0168317
  0.0158492
  0.0141042
  0.0118794
 0.00953352
 0.00732462
 0.00546862
 0.00410744
 0.00343837
 0.00408564
 0.00957169
  0.0445846
   0.257068
   0.757168
    0.96909
   0.997006
   0.999736
   0.999978
   0.999998
          1
          1
          1
          1
          1
          1
          1
          1
          1
          1
          1
          1
          1
          1
          1
          1
          1
          1
          1
          1
          1
          1
          1
   0.999997
   0.999971
   0.999697
   0.996993
   0.972825
   0.805275
   0.348342
  0.0750011
   0.016246
 0.00543992
 0.00319433
 0.00287172
 0.00316082
 0.00371815
 0.00436655
 0.00499708
 0.00548541
 0.00576035
 0.00575569
 0.00548939
 0.00499345
 0.00437036
 0.00371528
  0.0031627
 0.00286725
  0.0031977
  0.0054347
  0.0162775
  0.0750234
   0.348999
   0.805319
   0.972868
   0.996988
   0.999696
   0.999971
   0.999997
          1
          1
          1
          1
          1
          1
          1
          1
          1
          1
          1
          1
          1
          1
          1
          1
          1
          1
          1
          1
          1
          1
          1
          1
          1
   0.999997
   0.999971
   0.999733
     0.9977
   0.981923
   0.881061
   0.529475
   0.164348
  0.0402023
  0.0117808
 0.00489773
  0.0029701
 0.00238112
 0.00224851
 0.00226881
 0.00233419
 0.00237578
 0.00237857
 0.00233175
 0.00227175
 0.00224628
 0.00238522
 0.00296624
 0.00490802
  0.0117614
  0.0403238
   0.164151
   0.530606
   0.880818
   0.981941
   0.997697
   0.999733
   0.999971
   0.999997
          1
          1
          1
          1
          1
          1
          1
          1
          1
          1
          1
          1
          1
          1
          1
          1
          1
          1
          1
          1
          1
          1
          1
          1
          1
          1
          1
   0.999997
   0.999977
    0.99982
   0.998661
   0.990976
   0.946932
   0.763875
    0.40134
   0.139349
  0.0452299
  0.0169779
 0.00800762
 0.00472926
 0.00340276
 0.00281475
 0.00259551
 0.00259118
 0.00282007
 0.00339678
 0.00474217
 0.00799361
  0.0170213
  0.0450946
   0.139773
   0.400634
   0.764975
   0.946749
    0.99103
   0.998662
   0.999821
   0.999977
   0.999997
          1
          1
          1
          1
          1
          1
          1
          1
          1
          1
          1
          1
          1
          1
          1
          1
          1
          1
          1
          1
          1
          1
          1
          1
          1
          1
          1
          1
          1
   0.999998
   0.999986
   0.999906
    0.99941
    0.99663
   0.982948
    0.92652
   0.759784
   0.477347
   0.237553
   0.111709
   0.057939
  0.0347925
  0.0248672
    0.02096
  0.0210133
  0.0247972
  0.0348909
  0.0577659
   0.112008
   0.236786
   0.478369
   0.758824
   0.926859
   0.982882
   0.996655
   0.999408
   0.999906
   0.999986
   0.999998
          1
          1
          1
          1
          1
          1
          1
          1
          1
          1
          1
          1
          1
          1
          1
          1
          1
          1
          1
          1
          1
          1
          1
          1
          1
          1
          1
          1
          1
          1
          1
   0.999999
   0.999994
   0.999962
   0.999803
   0.999051
   0.995995
   0.985034
   0.952644
   0.876212
   0.746381
   0.589511
   0.456571
    0.36792
   0.327445
   0.326841
   0.368929
   0.455659
   0.590732
   0.745833
   0.876667
   0.952409
    0.98508
   0.995975
   0.999057
   0.999801
   0.999963
   0.999994
   0.999999
          1
          1
          1
          1
          1
          1
          1
          1
          1
          1
          1
          1
          1
          1
          1
          1
          1
          1
          1
          1
          1
          1
          1
          1
          1
          1
          1
          1
          1
          1
          1
          1
          1
          1
   0.999998
   0.999989
   0.999949
   0.999797
   0.999288
   0.997783
    0.99408
   0.986343
   0.973598
   0.956355
   0.939618
   0.928513
   0.928746
   0.939371
   0.956588
   0.973491
   0.986412
   0.994051
   0.997789
   0.999283
   0.999797
   0.999949
   0.999989
   0.999998
          1
          1
          1
          1
          1
          1
          1
          1
          1
          1
          1
          1
          1
          1
          1
          1
          1
          1
          1
          1
          1
          1
          1
          1
          1
          1
          1
          1
          1
          1
          1
          1
          1
          1
          1
          1
          1
   0.999999
   0.999997
    0.99999
   0.999967
   0.999902
   0.999747
   0.999443
   0.998936
   0.998276
   0.997587
   0.997156
   0.997146
   0.997596
   0.998269
   0.998941
   0.999443
   0.999748
   0.999901
   0.999966
    0.99999
   0.999997
   0.999999
          1
          1
          1
          1
          1
          1
          1
          1
          1
          1
          1
          1
          1
          1
          1
          1
          1
          1
          1
          1
          1
          1
          1
          1
          1
          1
          1
          1
          1
          1
          1
          1
          1
          1
          1
          1
          1
          1
          1
          1
          1
   0.999998
   0.999996
   0.999989
   0.999977
   0.999958
   0.999933
   0.999909
   0.999892
   0.999892
   0.999909
   0.999934
   0.999958
   0.999977
   0.999989
   0.999996
   0.999998
          1
          1
          1
          1
          1
          1
          1
          1
          1
          1
          1
          1
          1
          1
          1
          1
          1
          1
          1
          1
          1
          1
          1
          1
          1
          1
          1
          1
          1
          1
          1
          1
          1
          1
          1
          1
          1
          1
          1
          1
          1
          1
          1
          1
          1
          1
          1
   0.999999
   0.999998
   0.999997
   0.999997
   0.999996
   0.999996
   0.999997
   0.999997
   0.999998
   0.999999
          1
          1
          1
          1
          1
          1
          1
          1
          1
          1
          1
          1
          1
          1
          1
          1
          1
          1
          1
          1
          1
          1
          1
          1
          1
          1
          1
          1
          1
          1
          1
          1
          1
          1
          1
          1
          1
          1
          1
          1
          1
          1
          1
          1
          1
          1
          1
          1
          1
          1
          1
          1
          1
          1
          1
          1
          1
          1
          1
          1
          1
          1
          1
          1
          1
          1
          1
          1
          1
          1
          1
          1
          1
          1
          1
          1
          1
          1
          1
          1
          1
          1
          1
          1
          1
          1
          1
          1
          1
          1
          1
          1
          1
          1
          1
          1
          1
          1
          1
          1
          1
          1
          1
          1
          1
          1
          1
          1
          1
          1
          1
          1
          1
          1
          1
          1
          1
          1
          1
          1
          1
          1
          1
          1
          1
          1
          1
          1
          1
          1
          1
          1
          1
          1
          1
          1
          1
          1
          1
          1
          1
          1
          1
          1
          1
          1
          1
          1
          1
          1
          1
          1
          1
          1
          1
          1
          1
          1
          1
          1
          1
          1
          1
          1
          1
          1
          1
          1
          1
          1
          1
          1
          1
          1
          1
          1
          1
          1
          1
          1
          1
          1
          1
          1
          1
          1
          1
          1
          1
          1
          1
          1
          1
          1
          1
          1
          1
          1
          1
          1
          1
          1
          1
          1
          1
          1
          1
          1
          1
          1
          1
          1
          1
          1
          1
          1
          1
          1
          1
          1
          1
          1
          1
          1
          1
          1
          1
          1
          1
          1
          1
          1
          1
          1
          1
          1
          1
          1
          1
          1
          1
          1
          1
          1
          1
          1
          1
          1
          1
          1
          1
          1
          1
          1
          1
          1
          1
          1
          1
          1
          1
          1
          1
          1
          1
          1
          1
          1
          1
          1
          1
          1
          1
          1
          1
          1
          1
          1
          1
          1
          1
          1
          1
          1
          1
          1
          1
          1
          1
          1
          1
          1
          1
          1
          1
          1
          1
          1
          1
          1
          1
          1
          1
          1
          1
          1
          1
          1
          1
          1
          1
          1
          1
          1
          1
          1
          1
          1
          1
          1
          1
          1
          1
          1
          1
          1
          1
          1
          1
          1
          1
          1
          1
          1
          1
          1
          1
          1
          1
          1
          1
          1
          1
          1
          1
          1
          1
          1
          1
          1
          1
          1
          1
          1
          1
          1
          1
          1
          1
          1
          1
          1
          1
          1
          1
          1
          1
          1
          1
          1
          1
          1
          1
          1
          1
          1
          1
          1
          1
          1
          1
          1
          1
          1
          1
          1
          1
          1
          1
          1
          1
          1
          1
          1
          1
          1
          1
          1
          1
          1
          1
          1
          1
          1
          1
          1
          1
          1
          1
          1
          1
          1
          1
          1
          1
          1
          1
          1
          1
          1
          1
          1
          1
          1
          1
          1
          1
          1
          1
          1
          1
          1
          1
          1
          1
          1
          1
          1
          1
          1
          1
          1
          1
          1
          1
          1
          1
          1
          1
          1
          1
          1
          1
          1
          1
          1
          1
          1
          1
          1
          1
          1
          1
          1
          1
          1
          1
          1
          1
          1
          1
          1
          1
          1
          1
          1
          1
          1
          1
          1
          1
          1
          1
          1
          1
          1
          1
          1
          1
          1
          1
          1
          1
          1
          1
          1
          1
          1
          1
          1
          1
          1
          1
          1
          1
          1
          1
          1
          1
          1
          1
          1
          1
          1
          1
          1
          1
          1
          1
          1
          1
          1
          1
          1
          1
          1
          1
          1
          1
          1
          1
          1
          1
          1
          1
          1
          1
          1
          1
          1
          1
          1
          1
          1
          1
          1
          1
          1
          1
          1
          1
          1
          1
          1
          1
          1
          1
          1
          1
          1
          1
          1
          1
          1
          1
          1
          1
          1
          1
          1
          1
          1
          1
          1
          1
          1
          1
          1
          1
          1
          1
          1
          1
          1
          1
          1
          1
          1
          1
          1
          1
          1
          1
          1
          1
          1
          1
          1
          1
          1
          1
          1
          1
          1
          1
          1
          1
          1
          1
          1
          1
          1
          1
          1
          1
          1
          1
          1
          1
          1
          1
          1
          1
          1
          1
          1
          1
          1
          1
          1
          1
          1
          1
          1
          1
          1
          1
          1
          1
          1
          1
          1
          1
          1
          1
          1
          1
          1
          1
          1
          1
          1
          1
          1
          1
          1
          1
          1
          1
          1
          1
          1
          1
          1
          1
          1
          1
          1
          1
          1
          1
          1
          1
          1
          1
          1
          1
          1
          1
          1
          1
          1
          1
          1
          1
          1
          1
          1
          1
          1
          1
          1
          1
          1
          1
          1
          1
          1
          1
          1
          1
          1
          1
          1
          1
          1
          1
          1
          1
          1
          1
          1
          1
          1
          1
          1
          1
          1
          1
          1
          1
          1
          1
          1
          1
          1
          1
          1
          1
          1
          1
          1
          1
          1
          1
          1
          1
          1
          1
          1
          1
          1
          1
          1
          1
          1
          1
          1
          1
          1
          1
          1
          1
          1
          1
          1
          1
          1
          1
          1
          1
          1
          1
          1
          1
          1
          1
          1
          1
          1
          1
   0.999999
   0.999999
   0.999998
   0.999998
   0.999998
   0.999998
   0.999999
   0.999999
          1
          1
          1
          1
          1
          1
          1
          1
          1
          1
          1
          1
          1
          1
          1
          1
          1
          1
          1
          1
          1
          1
          1
          1
          1
          1
          1
          1
          1
          1
          1
          1
          1
          1
          1
          1
          1
          1
          1
          1
          1
          1
          1
          1
          1
          1
          1
          1
   0.999999
   0.999998
   0.999995
    0.99999
   0.999982
   0.999971
   0.999961
   0.999954
   0.999954
   0.999961
   0.999971
   0.999982
    0.99999
   0.999995
   0.999998
   0.999999
          1
          1
          1
          1
          1
          1
          1
          1
          1
          1
          1
          1
          1
          1
          1
          1
          1
          1
          1
          1
          1
          1
          1
          1
          1
          1
          1
          1
          1
          1
          1
          1
          1
          1
          1
          1
          1
          1
          1
          1
          1
          1
   0.999999
   0.999996
   0.999986
   0.999958
   0.999895
   0.999771
   0.999567
   0.999299
   0.999026
   0.998851
   0.998848
   0.999028
   0.999298
   0.999568
   0.999771
   0.999895
   0.999958
   0.999986
   0.999996
   0.999999
          1
          1
          1
          1
          1
          1
          1
          1
          1
          1
          1
          1
          1
          1
          1
          1
          1
          1
          1
          1
          1
          1
          1
          1
          1
          1
          1
          1
          1
          1
          1
          1
          1
          1
          1
          1
          1
          1
   0.999999
   0.999995
   0.999979
   0.999916
    0.99971
   0.999115
    0.99766
   0.994671
   0.989717
   0.982968
   0.976173
   0.971697
   0.971798
   0.976149
   0.983016
   0.989685
   0.994693
   0.997658
   0.999118
   0.999709
   0.999917
   0.999979
   0.999995
   0.999999
          1
          1
          1
          1
          1
          1
          1
          1
          1
          1
          1
          1
          1
          1
          1
          1
          1
          1
          1
          1
          1
          1
          1
          1
          1
          1
          1
          1
          1
          1
          1
          1
          1
          1
          1
   0.999997
   0.999984
   0.999919
   0.999618
   0.998421
   0.994165
   0.981514
    0.95004
   0.889151
   0.798407
   0.700136
   0.619739
   0.576149
   0.575734
   0.619835
   0.699655
    0.79901
   0.889074
   0.950197
   0.981434
   0.994184
   0.998409
   0.999619
   0.999918
   0.999984
   0.999997
          1
          1
          1
          1
          1
          1
          1
          1
          1
          1
          1
          1
          1
          1
          1
          1
          1
          1
          1
          1
          1
          1
          1
          1
          1
          1
          1
          1
          1
          1
          1
          1
   0.999999
   0.999994
   0.999961
   0.999762
   0.998667
   0.993429
   0.971211
   0.896424
   0.717469
   0.467195
   0.262662
   0.148287
  0.0922124
  0.0662965
  0.0560714
  0.0560685
  0.0663028
  0.0922642
   0.148146
   0.263063
   0.467261
   0.718133
   0.896187
   0.971306
   0.993378
   0.998678
   0.999762
   0.999961
   0.999994
   0.999999
          1
          1
          1
          1
          1
          1
          1
          1
          1
          1
          1
          1
          1
          1
          1
          1
          1
          1
          1
          1
          1
          1
          1
          1
          1
          1
          1
          1
          1
   0.999999
   0.999991
   0.999926
   0.999469
   0.996465
   0.979456
   0.898267
   0.652557
   0.313562
   0.117137
  0.0444692
  0.0199218
  0.0108859
 0.00721724
 0.00561909
 0.00499831
  0.0049977
 0.00561817
 0.00721454
   0.010896
  0.0199291
  0.0444905
   0.116996
   0.314102
   0.651999
   0.898519
   0.979302
   0.996505
   0.999465
   0.999926
   0.999991
   0.999999
          1
          1
          1
          1
          1
          1
          1
          1
          1
          1
          1
          1
          1
          1
          1
          1
          1
          1
          1
          1
          1
          1
          1
          1
          1
          1
          1
   0.999999
   0.999988
   0.999891
   0.999091
   0.992957
   0.952563
   0.756756
   0.356736
   0.103716
  0.0295273
   0.010628
 0.00530715
 0.00356225
 0.00295346
 0.00274632
 0.00269418
 0.00268673
 0.00268737
 0.00269262
 0.00274794
 0.00295175
 0.00356566
 0.00530835
  0.0106403
  0.0295226
   0.103823
   0.356352
   0.757888
   0.952368
   0.993024
    0.99909
   0.999891
   0.999988
   0.999999
          1
          1
          1
          1
          1
          1
          1
          1
          1
          1
          1
          1
          1
          1
          1
          1
          1
          1
          1
          1
          1
          1
          1
          1
          1
   0.999999
   0.999988
   0.999877
   0.998819
   0.989468
   0.918772
   0.598261
   0.184444
  0.0408316
  0.0114235
 0.00510527
 0.00363907
 0.00347638
 0.00378706
 0.00426978
 0.00477484
 0.00517573
 0.00540299
 0.00540042
 0.00517765
 0.00477132
 0.00427233
 0.00378487
 0.00347709
 0.00363609
 0.00510635
  0.0114229
  0.0408327
   0.184481
   0.598924
   0.918509
   0.989504
    0.99882
   0.999878
   0.999988
   0.999999
          1
          1
          1
          1
          1
          1
          1
          1
          1
          1
          1
          1
          1
          1
          1
          1
          1
          1
          1
          1
          1
          1
          1
   0.999999
   0.999991
   0.999893
   0.998833
   0.988086
   0.895045
   0.491071
   0.112924
  0.0221454
 0.00699858
   0.004337
 0.00433834
 0.00530275
 0.00681652
 0.00865252
  0.0106137
  0.0124411
   0.013879
  0.0146691
  0.0146703
  0.0138762
  0.0124429
  0.0106101
 0.00865287
 0.00681215
 0.00530265
 0.00433568
 0.00433792
  0.0070027
  0.0221611
   0.112987
   0.491514
   0.895302
   0.988088
   0.998834
   0.999894
   0.999991
   0.999999
          1
          1
          1
          1
          1
          1
          1
          1
          1
          1
          1
          1
          1
          1
          1
          1
          1
          1
          1
          1
          1
          1
   0.999994
   0.999929
    0.99912
   0.989741
   0.896224
   0.457469
  0.0883901
  0.0161009
 0.00583124
 0.00472979
 0.00593138
 0.00844923
  0.0121287
  0.0168733
  0.0224808
  0.0285229
   0.034292
  0.0388907
  0.0414601
  0.0414616
   0.038886
  0.0342925
  0.0285171
  0.0224814
  0.0168674
   0.012123
 0.00844788
 0.00592882
 0.00472988
 0.00583981
  0.0161085
  0.0884039
    0.45786
   0.896317
   0.989746
   0.999118
   0.999929
   0.999994
          1
          1
          1
          1
          1
          1
          1
          1
          1
          1
          1
          1
          1
          1
          1
          1
          1
          1
          1
          1
          1
   0.999997
   0.999963
    0.99949
   0.993284
   0.921065
   0.497526
  0.0891785
  0.0146972
 0.00557003
  0.0053082
 0.00769519
  0.0122511
  0.0192715
  0.0291075
  0.0419217
  0.0573679
   0.074261
  0.0905342
   0.103539
   0.110809
   0.110801
   0.103548
  0.0905262
  0.0742597
  0.0573511
  0.0419196
  0.0290994
  0.0192643
  0.0122481
 0.00769358
 0.00530699
 0.00557966
  0.0146852
  0.0893041
   0.497635
   0.921215
   0.993318
    0.99949
   0.999963
   0.999997
          1
          1
          1
          1
          1
          1
          1
          1
          1
          1
          1
          1
          1
          1
          1
          1
          1
          1
          1
   0.999999
   0.999985
   0.999776
   0.996706
   0.954878
   0.610447
   0.116112
  0.0163587
 0.00556706
 0.00554612
 0.00883901
  0.0154189
   0.026369
  0.0429764
  0.0663444
  0.0966719
    0.13249
   0.170276
   0.204887
   0.231181
   0.245312
   0.245309
   0.231167
   0.204884
   0.170251
   0.132478
  0.0966446
  0.0663349
  0.0429763
  0.0263595
  0.0154176
 0.00883776
 0.00554287
 0.00557632
  0.0163432
   0.116253
   0.610342
   0.954858
   0.996718
   0.999778
   0.999985
   0.999999
          1
          1
          1
          1
          1
          1
          1
          1
          1
          1
          1
          1
          1
          1
          1
          1
          1
          1
   0.999996
   0.999925
    0.99878
   0.980904
   0.770424
   0.192711
   0.022988
 0.00584716
 0.00526233
 0.00877651
  0.0165827
  0.0307508
  0.0539466
  0.0886636
   0.135813
    0.19325
    0.25523
   0.313719
   0.361703
   0.394925
   0.411734
   0.411734
   0.394924
    0.36169
    0.31369
   0.255182
   0.193228
   0.135786
   0.088637
   0.053944
  0.0307404
  0.0165798
 0.00877487
 0.00525378
  0.0058629
  0.0229501
   0.193161
   0.770239
   0.980866
    0.99878
   0.999925
   0.999996
          1
          1
          1
          1
          1
          1
          1
          1
          1
          1
          1
          1
          1
          1
          1
          1
          1
   0.999999
   0.999981
   0.999652
   0.993971
   0.906457
   0.374174
  0.0433399
 0.00713477
 0.00466866
 0.00753898
  0.0151864
  0.0305154
  0.0578509
   0.101483
   0.163157
   0.239491
   0.321846
    0.39922
   0.463359
   0.510648
   0.541067
   0.555815
   0.555812
   0.541059
   0.510632
   0.463327
   0.399204
     0.3218
   0.239479
   0.163123
   0.101441
  0.0578446
  0.0305096
  0.0151798
 0.00753951
  0.0046626
 0.00714244
  0.0433323
   0.374516
   0.906655
   0.993991
    0.99965
   0.999981
   0.999999
          1
          1
          1
          1
          1
          1
          1
          1
          1
          1
          1
          1
          1
          1
          1
          1
   0.999996
   0.999925
   0.998566
   0.974094
   0.674035
   0.111941
  0.0119764
 0.00431131
 0.00574935
  0.0118949
   0.025782
  0.0531641
   0.100793
   0.172162
   0.263017
   0.361778
   0.454535
   0.531523
   0.589301
   0.629011
   0.653398
   0.664927
   0.664925
    0.65339
   0.628997
   0.589283
   0.531487
   0.454506
   0.361724
   0.263012
   0.172125
   0.100766
  0.0531578
  0.0257744
  0.0118895
 0.00575409
  0.0043071
  0.0119863
    0.11207
   0.674066
   0.974171
   0.998572
   0.999924
   0.999996
          1
          1
          1
          1
          1
          1
          1
          1
          1
          1
          1
          1
          1
          1
          1
   0.999999
   0.999987
   0.999741
    0.99482
   0.906662
   0.338114
  0.0319947
 0.00522962
 0.00420428
  0.0081082
  0.0185659
  0.0417254
  0.0868373
   0.161192
   0.261721
   0.374064
   0.480918
   0.570158
   0.637242
   0.683718
   0.713721
   0.731334
   0.739425
   0.739424
   0.731328
    0.71371
   0.683703
    0.63722
   0.570119
   0.480879
   0.373999
   0.261711
   0.161161
   0.086815
   0.041721
   0.018556
 0.00810469
 0.00420657
 0.00522729
  0.0320496
   0.338399
   0.906825
    0.99482
   0.999744
   0.999987
   0.999999
          1
          1
          1
          1
          1
          1
          1
          1
          1
          1
          1
          1
          1
          1
   0.999998
   0.999964
   0.999222
    0.98374
   0.743967
   0.129556
  0.0114497
 0.00360965
 0.00506808
  0.0115401
  0.0278536
  0.0640339
   0.132418
   0.235812
   0.358847
   0.479382
   0.581757
   0.659087
   0.712159
   0.746066
   0.766481
   0.777786
   0.782774
   0.782772
   0.777782
   0.766474
   0.746055
   0.712141
   0.659059
   0.581722
   0.479348
    0.35877
    0.23579
   0.132377
  0.0640242
  0.0278462
  0.0115383
 0.00506505
 0.00361037
  0.0114629
   0.129609
   0.744218
   0.983786
   0.999222
   0.999964
   0.999998
          1
          1
          1
          1
          1
          1
          1
          1
          1
          1
          1
          1
          1
          1
   0.999996
    0.99991
   0.997971
   0.956709
   0.502269
  0.0499544
 0.00558261
 0.00337008
 0.00644458
  0.0159562
   0.039885
  0.0928749
   0.187887
   0.316257
   0.450006
   0.567212
   0.657775
    0.72015
   0.759255
   0.782086
   0.794555
   0.800768
   0.803263
   0.803263
   0.800767
   0.794549
    0.78208
   0.759242
    0.72013
   0.657744
   0.567176
   0.449976
   0.316192
   0.187849
  0.0928492
  0.0398803
  0.0159467
 0.00644604
  0.0033695
 0.00558774
  0.0500301
   0.502251
    0.95681
   0.997979
   0.999909
   0.999996
          1
          1
          1
          1
          1
          1
          1
          1
          1
          1
          1
          1
          1
          1
   0.999992
   0.999805
   0.995452
    0.90334
   0.293582
  0.0223362
 0.00365162
 0.00361211
 0.00813069
  0.0211403
  0.0543247
   0.126871
   0.247774
    0.39199
   0.525709
   0.633254
   0.709911
   0.758332
   0.785914
   0.800087
   0.806386
   0.808579
   0.809076
   0.809077
   0.808577
   0.806384
   0.800081
   0.785906
   0.758317
   0.709888
   0.633223
   0.525656
   0.391976
   0.247687
   0.126856
  0.0543068
  0.0211367
 0.00812746
 0.00360923
 0.00365827
   0.022333
   0.293571
   0.903684
   0.995443
   0.999805
   0.999992
          1
          1
          1
          1
          1
          1
          1
          1
          1
          1
          1
          1
          1
   0.999999
   0.999985
   0.999635
   0.991198
   0.824056
   0.168791
  0.0121203
 0.00295287
 0.00403425
 0.00991476
  0.0267111
  0.0700471
   0.162731
   0.304465
   0.454865
    0.58259
   0.679051
   0.743204
   0.780519
   0.799419
   0.807045
   0.808517
   0.807443
   0.806273
   0.806274
   0.807444
   0.808515
   0.807046
   0.799412
    0.78051
   0.743185
   0.679026
   0.582552
    0.45481
   0.304423
   0.162665
  0.0700423
  0.0266914
 0.00991754
 0.00403242
 0.00295225
  0.0121446
   0.168667
   0.824147
   0.991251
   0.999631
   0.999985
   0.999999
          1
          1
          1
          1
          1
          1
          1
          1
          1
          1
          1
          1
   0.999999
   0.999976
    0.99941
   0.985588
     0.7339
    0.10629
 0.00794444
 0.00270223
 0.00447798
  0.0115871
  0.0319851
  0.0851575
   0.195609
   0.351121
   0.501328
   0.621741
   0.708646
   0.763208
   0.792525
   0.805207
   0.807983
   0.805705
   0.802007
   0.799469
    0.79947
   0.802008
   0.805705
    0.80798
   0.805205
   0.792517
   0.763194
   0.708621
   0.621705
   0.501306
   0.351024
   0.195575
  0.0851353
  0.0319768
  0.0115813
 0.00447676
 0.00270335
 0.00795138
    0.10626
   0.734552
   0.985563
   0.999411
   0.999976
   0.999999
          1
          1
          1
          1
          1
          1
          1
          1
          1
          1
          1
          1
   0.999999
   0.999967
   0.999186
   0.979828
   0.659603
  0.0767733
 0.00613727
 0.00262201
 0.00484239
  0.0128809
  0.0361904
  0.0972005
   0.220639
   0.383496
   0.531259
   0.645816
   0.726019
   0.774251
   0.798418
   0.807031
   0.806506
    0.80159
   0.795996
   0.792463
    0.79246
   0.795996
   0.801589
   0.806505
   0.807026
   0.798412
   0.774237
   0.725995
   0.645781
   0.531216
   0.383462
   0.220547
  0.0971856
  0.0361713
  0.0128829
 0.00483777
  0.0026232
 0.00614199
  0.0767979
   0.659712
   0.979921
   0.999181
   0.999968
   0.999999
          1
          1
          1
          1
          1
          1
          1
          1
          1
          1
          1
          1
   0.999999
   0.999962
   0.999038
   0.976299
   0.617747
  0.0651589
 0.00543133
 0.00260536
 0.00504036
  0.0136035
  0.0385205
   0.103916
   0.234067
   0.399905
   0.545779
   0.657198
   0.733993
   0.779103
   0.800745
   0.807327
   0.805113
   0.798813
    0.79222
   0.788155
   0.788152
   0.792218
   0.798812
    0.80511
   0.807325
   0.800736
   0.779091
   0.733971
    0.65716
   0.545749
   0.399813
   0.234019
   0.103886
  0.0385096
  0.0135959
 0.00503984
 0.00260594
 0.00543669
  0.0651294
   0.618404
   0.976235
   0.999042
   0.999962
   0.999999
          1
          1
          1
          1
          1
          1
          1
          1
          1
          1
          1
          1
   0.999999
   0.999962
   0.999045
   0.976145
   0.618582
  0.0650623
 0.00543567
  0.0026036
 0.00504293
   0.013597
  0.0385276
     0.1039
   0.234079
   0.399895
    0.54577
   0.657193
   0.733991
   0.779102
   0.800744
   0.807328
   0.805112
   0.798815
    0.79222
   0.788154
   0.788154
    0.79222
   0.798813
   0.805111
   0.807321
   0.800737
   0.779088
   0.733967
   0.657154
   0.545724
   0.399843
   0.233979
   0.103886
  0.0385061
  0.0135986
 0.00503815
 0.00260472
 0.00544001
  0.0650627
   0.618771
   0.976271
   0.999034
   0.999962
   0.999998
          1
          1
          1
          1
          1
          1
          1
          1
          1
          1
          1
          1
   0.999999
   0.999968
   0.999183
   0.979921
   0.658688
  0.0768835
 0.00613331
 0.00262317
 0.00483893
  0.0128875
  0.0361781
  0.0972066
   0.220607
   0.383491
   0.531248
   0.645804
   0.726009
   0.774246
   0.798415
    0.80703
   0.806508
   0.801591
   0.795999
   0.792464
   0.792464
   0.795999
    0.80159
   0.806504
   0.807026
   0.798405
   0.774231
   0.725981
   0.645762
   0.531205
    0.38339
   0.220554
  0.0971732
  0.0361685
  0.0128773
 0.00483778
 0.00262382
 0.00613658
  0.0768686
   0.659443
   0.979887
   0.999186
   0.999967
   0.999999
          1
          1
          1
          1
          1
          1
          1
          1
          1
          1
          1
          1
   0.999999
   0.999976
   0.999412
   0.985535
   0.734301
   0.106202
 0.00794773
 0.00270024
 0.00448055
  0.0115813
  0.0319892
  0.0851413
    0.19561
   0.351081
     0.5013
    0.62172
   0.708632
   0.763199
   0.792521
   0.805204
   0.807983
   0.805709
    0.80201
   0.799473
   0.799473
    0.80201
   0.805706
   0.807982
   0.805197
   0.792509
   0.763181
     0.7086
   0.621671
   0.501243
   0.351028
   0.195521
  0.0851188
  0.0319705
  0.0115809
 0.00447641
 0.00270108
 0.00795683
   0.106147
   0.734674
   0.985602
   0.999406
   0.999976
   0.999999
          1
          1
          1
          1
          1
          1
          1
          1
          1
          1
          1
          1
   0.999999
   0.999985
   0.999634
   0.991244
   0.823521
   0.169077
  0.0121279
  0.0029537
 0.00403211
 0.00992094
  0.0266971
  0.0700496
   0.162691
   0.304436
   0.454826
   0.582559
   0.679025
   0.743186
   0.780509
   0.799413
   0.807044
   0.808517
   0.807445
   0.806275
   0.806276
   0.807444
   0.808515
   0.807039
   0.799406
   0.780493
   0.743161
   0.678985
   0.582503
   0.454782
    0.30434
   0.162643
  0.0700257
  0.0266908
 0.00991176
 0.00403122
 0.00295448
  0.0121402
    0.16891
    0.82416
   0.991223
   0.999635
   0.999985
   0.999999
          1
          1
          1
          1
          1
          1
          1
          1
          1
          1
          1
          1
          1
   0.999992
   0.999805
    0.99543
   0.903758
   0.293134
    0.02237
 0.00364938
 0.00361379
 0.00812583
   0.021141
  0.0543079
    0.12687
   0.247709
   0.391936
   0.525658
   0.633218
    0.70988
   0.758311
     0.7859
   0.800078
    0.80638
   0.808577
   0.809075
   0.809075
   0.808576
   0.806377
   0.800074
   0.785888
   0.758291
   0.709852
   0.633169
   0.525611
   0.391861
   0.247668
    0.12681
  0.0542915
  0.0211285
 0.00812309
 0.00361042
 0.00365323
  0.0223805
   0.293436
   0.903737
   0.995447
   0.999804
   0.999992
          1
          1
          1
          1
          1
          1
          1
          1
          1
          1
          1
          1
          1
          1
   0.999996
    0.99991
   0.997981
   0.956431
   0.503425
  0.0499052
  0.0055883
 0.00336725
 0.00644894
  0.0159484
  0.0398765
  0.0928456
   0.187867
   0.316185
   0.449948
   0.567148
    0.65773
   0.720115
    0.75923
   0.782067
   0.794541
   0.800756
   0.803252
   0.803255
   0.800754
   0.794537
   0.782059
   0.759214
   0.720092
   0.657692
   0.567107
   0.449883
   0.316155
   0.187789
  0.0928205
   0.039865
  0.0159434
 0.00644356
 0.00336633
 0.00559543
  0.0499631
   0.502882
   0.956671
   0.997975
    0.99991
   0.999996
          1
          1
          1
          1
          1
          1
          1
          1
          1
          1
          1
          1
          1
          1
   0.999998
   0.999964
   0.999223
   0.983786
   0.743394
   0.129909
   0.011438
 0.00361276
 0.00506278
  0.0115411
  0.0278488
  0.0640188
   0.132362
   0.235765
   0.358758
    0.47932
   0.581678
   0.659033
   0.712114
   0.746032
   0.766454
   0.777762
   0.782753
   0.782752
   0.777762
   0.766446
   0.746022
   0.712095
   0.658998
   0.581643
   0.479263
   0.358732
   0.235688
   0.132331
  0.0639918
  0.0278373
   0.011532
 0.00506253
 0.00361281
  0.0114514
   0.129984
     0.7436
    0.98384
   0.999223
   0.999964
   0.999998
          1
          1
          1
          1
          1
          1
          1
          1
          1
          1
          1
          1
          1
          1
   0.999999
   0.999987
   0.999743
   0.994804
   0.907055
   0.337864
  0.0320249
 0.00522559
  0.0042093
 0.00810148
   0.018556
  0.0417186
  0.0868192
   0.161112
   0.261664
   0.373968
   0.480848
   0.570074
   0.637177
   0.683657
   0.713669
   0.731289
   0.739384
   0.739382
   0.731285
   0.713665
   0.683644
   0.637148
   0.570044
   0.480791
   0.373924
   0.261594
   0.161086
  0.0867911
  0.0416958
  0.0185436
 0.00809974
 0.00420671
 0.00522733
  0.0320966
   0.338108
   0.907237
   0.994817
   0.999743
   0.999987
   0.999999
          1
          1
          1
          1
          1
          1
          1
          1
          1
          1
          1
          1
          1
          1
          1
   0.999996
   0.999925
   0.998569
   0.974038
   0.674709
   0.111891
  0.0119935
 0.00430231
 0.00575768
   0.011889
  0.0257585
  0.0531485
   0.100757
   0.172066
   0.262943
   0.361658
   0.454449
   0.531426
   0.589225
   0.628938
    0.65333
   0.664861
    0.66486
   0.653329
   0.628927
   0.589202
   0.531405
   0.454391
   0.361625
   0.262893
   0.172055
   0.100735
   0.053123
  0.0257522
  0.0118844
 0.00575103
 0.00430601
  0.0119983
   0.112021
   0.675175
    0.97404
   0.998579
   0.999925
   0.999996
          1
          1
          1
          1
          1
          1
          1
          1
          1
          1
          1
          1
          1
          1
          1
          1
   0.999999
   0.999981
   0.999651
   0.994007
   0.906156
   0.374627
  0.0433351
 0.00714926
  0.0046572
  0.0075439
  0.0151798
  0.0304945
  0.0578252
   0.101436
    0.16308
   0.239407
   0.321719
   0.399109
    0.46323
    0.51054
   0.540967
   0.555714
   0.555719
   0.540961
    0.51053
   0.463221
   0.399073
   0.321702
   0.239372
   0.163051
   0.101418
  0.0578024
  0.0304881
  0.0151769
 0.00753428
 0.00465864
 0.00714809
  0.0433244
    0.37522
   0.906431
   0.994006
   0.999652
   0.999981
   0.999999
          1
          1
          1
          1
          1
          1
          1
          1
          1
          1
          1
          1
          1
          1
          1
          1
          1
   0.999996
   0.999925
   0.998773
   0.980993
    0.76952
   0.193337
  0.0229409
 0.00586348
 0.00525292
 0.00877195
  0.0165734
  0.0307264
  0.0539161
  0.0886212
   0.135755
   0.193177
   0.255113
   0.313597
   0.361576
   0.394792
     0.4116
   0.411597
   0.394786
   0.361571
   0.313578
   0.255088
   0.193136
   0.135717
  0.0886018
  0.0539072
  0.0307209
  0.0165757
 0.00876518
 0.00525034
 0.00586223
  0.0229429
   0.193236
   0.770239
   0.980935
   0.998775
   0.999925
   0.999996
          1
          1
          1
          1
          1
          1
          1
          1
          1
          1
          1
          1
          1
          1
          1
          1
          1
          1
   0.999999
   0.999985
   0.999778
   0.996689
    0.95511
   0.609744
   0.116485
  0.0163271
 0.00557685
 0.00554083
 0.00883306
  0.0154092
  0.0263495
  0.0429513
  0.0663004
  0.0966055
   0.132417
   0.170177
   0.204782
   0.231071
    0.24519
   0.245195
   0.231067
   0.204775
    0.17017
   0.132409
  0.0965905
  0.0662897
  0.0429462
  0.0263435
  0.0154117
 0.00882563
 0.00553981
 0.00557966
  0.0163475
   0.116413
   0.609931
   0.955075
   0.996698
   0.999778
   0.999985
   0.999999
          1
          1
          1
          1
          1
          1
          1
          1
          1
          1
          1
          1
          1
          1
          1
          1
          1
          1
          1
   0.999997
   0.999963
   0.999493
    0.99327
   0.921451
   0.497123
  0.0894406
  0.0146807
 0.00557498
 0.00530669
 0.00768821
  0.0122447
  0.0192554
  0.0290885
  0.0418948
  0.0573199
  0.0742068
  0.0904728
   0.103473
   0.110741
   0.110731
   0.103476
  0.0904715
  0.0742059
  0.0573082
  0.0418818
  0.0290784
  0.0192482
   0.012241
 0.00768423
 0.00530524
 0.00557766
  0.0146888
   0.089336
   0.497524
   0.921462
   0.993294
   0.999491
   0.999963
   0.999997
          1
          1
          1
          1
          1
          1
          1
          1
          1
          1
          1
          1
          1
          1
          1
          1
          1
          1
          1
          1
          1
   0.999994
   0.999929
   0.999128
   0.989681
   0.896675
   0.457485
   0.088539
   0.016099
 0.00583279
 0.00472996
 0.00592312
 0.00844689
  0.0121111
  0.0168574
   0.022458
  0.0284961
  0.0342552
   0.038856
  0.0414196
  0.0414263
  0.0388509
   0.034262
  0.0284923
  0.0224572
  0.0168506
  0.0121112
 0.00844254
 0.00592617
 0.00473156
 0.00583872
  0.0161114
  0.0884864
   0.458014
   0.896657
   0.989737
   0.999121
   0.999929
   0.999994
          1
          1
          1
          1
          1
          1
          1
          1
          1
          1
          1
          1
          1
          1
          1
          1
          1
          1
          1
          1
          1
          1
   0.999999
   0.999991
   0.999893
   0.998841
   0.988022
   0.895457
   0.491025
   0.113174
   0.022168
 0.00700328
 0.00434023
 0.00433099
 0.00530253
  0.0068058
 0.00864681
  0.0105979
  0.0124317
  0.0138606
  0.0146567
  0.0146514
  0.0138666
   0.012428
  0.0106013
 0.00864253
 0.00680729
 0.00529709
 0.00433346
 0.00433595
 0.00700379
   0.022157
   0.113142
   0.491358
   0.895405
    0.98806
   0.998836
   0.999894
   0.999991
   0.999999
          1
          1
          1
          1
          1
          1
          1
          1
          1
          1
          1
          1
          1
          1
          1
          1
          1
          1
          1
          1
          1
          1
          1
   0.999999
   0.999988
   0.999876
   0.998827
   0.989469
   0.918604
   0.598691
   0.184487
  0.0408654
  0.0114232
 0.00511331
 0.00363308
 0.00347738
 0.00378075
 0.00427028
 0.00476746
 0.00517473
 0.00539612
 0.00539894
 0.00517086
 0.00477182
 0.00426663
  0.0037845
 0.00347315
 0.00363768
 0.00510382
  0.0114373
  0.0408469
   0.184857
   0.599162
   0.918949
   0.989482
   0.998822
   0.999877
   0.999988
   0.999999
          1
          1
          1
          1
          1
          1
          1
          1
          1
          1
          1
          1
          1
          1
          1
          1
          1
          1
          1
          1
          1
          1
          1
          1
          1
   0.999999
   0.999988
   0.999891
   0.999094
   0.992989
   0.952422
    0.75787
   0.356781
   0.103962
  0.0295023
  0.0106547
 0.00530218
 0.00356659
 0.00294885
 0.00274756
 0.00269078
 0.00268757
 0.00268446
 0.00269474
 0.00274454
 0.00295423
   0.003564
 0.00531502
  0.0106339
  0.0296029
   0.103736
   0.357474
   0.757595
   0.952644
   0.992985
   0.999092
   0.999891
   0.999988
   0.999999
          1
          1
          1
          1
          1
          1
          1
          1
          1
          1
          1
          1
          1
          1
          1
          1
          1
          1
          1
          1
          1
          1
          1
          1
          1
          1
          1
   0.999999
   0.999991
   0.999926
   0.999467
   0.996491
   0.979342
   0.898738
   0.652443
   0.314655
    0.11705
  0.0445969
  0.0199077
  0.0109132
 0.00721652
 0.00562605
  0.0049953
 0.00500214
 0.00561355
 0.00722881
  0.0108909
  0.0199565
  0.0444772
   0.117341
   0.313618
   0.653309
   0.898444
    0.97944
   0.996492
   0.999469
   0.999926
   0.999991
   0.999999
          1
          1
          1
          1
          1
          1
          1
          1
          1
          1
          1
          1
          1
          1
          1
          1
          1
          1
          1
          1
          1
          1
          1
          1
          1
          1
          1
          1
          1
   0.999999
   0.999994
   0.999961
   0.999761
   0.998677
   0.993395
   0.971353
   0.896205
   0.718629
    0.46721
   0.263688
   0.148219
  0.0924869
  0.0663583
  0.0562386
  0.0560918
  0.0665145
  0.0922834
   0.148684
    0.26319
   0.468216
    0.71778
   0.896851
   0.971251
   0.993426
   0.998677
   0.999763
   0.999961
   0.999994
   0.999999
          1
          1
          1
          1
          1
          1
          1
          1
          1
          1
          1
          1
          1
          1
          1
          1
          1
          1
          1
          1
          1
          1
          1
          1
          1
          1
          1
          1
          1
          1
          1
          1
   0.999997
   0.999984
   0.999918
   0.999622
   0.998416
   0.994206
   0.981476
   0.950305
   0.888955
   0.799575
   0.700081
   0.620701
    0.57593
   0.576998
   0.619903
   0.700916
   0.798922
   0.889491
    0.95006
   0.981552
   0.994154
    0.99842
   0.999619
   0.999918
   0.999984
   0.999997
          1
          1
          1
          1
          1
          1
          1
          1
          1
          1
          1
          1
          1
          1
          1
          1
          1
          1
          1
          1
          1
          1
          1
          1
          1
          1
          1
          1
          1
          1
          1
          1
          1
          1
          1
   0.999999
   0.999995
   0.999979
   0.999917
   0.999709
   0.999119
   0.997656
    0.99471
   0.989665
    0.98308
   0.976139
   0.971864
    0.97171
   0.976244
   0.982986
   0.989727
   0.994679
   0.997672
   0.999112
    0.99971
   0.999916
   0.999979
   0.999995
   0.999999
          1
          1
          1
          1
          1
          1
          1
          1
          1
          1
          1
          1
          1
          1
          1
          1
          1
          1
          1
          1
          1
          1
          1
          1
          1
          1
          1
          1
          1
          1
          1
          1
          1
          1
          1
          1
          1
          1
   0.999999
   0.999996
   0.999986
   0.999959
   0.999896
   0.999771
   0.999571
   0.999298
   0.999033
    0.99885
   0.998857
   0.999028
     0.9993
   0.999569
   0.999773
   0.999895
   0.999959
   0.999986
   0.999996
   0.999999
          1
          1
          1
          1
          1
          1
          1
          1
          1
          1
          1
          1
          1
          1
          1
          1
          1
          1
          1
          1
          1
          1
          1
          1
          1
          1
          1
          1
          1
          1
          1
          1
          1
          1
          1
          1
          1
          1
          1
          1
          1
          1
   0.999999
   0.999998
   0.999995
    0.99999
   0.999982
   0.999972
   0.999961
   0.999954
   0.999954
   0.999961
   0.999972
   0.999982
    0.99999
   0.999995
   0.999998
   0.999999
          1
          1
          1
          1
          1
          1
          1
          1
          1
          1
          1
          1
          1
          1
          1
          1
          1
          1
          1
          1
          1
          1
          1
          1
          1
          1
          1
          1
          1
          1
          1
          1
          1
          1
          1
          1
          1
          1
          1
          1
          1
          1
          1
          1
          1
          1
          1
          1
   0.999999
   0.999999
   0.999998
   0.999998
   0.999998
   0.999998
   0.999999
   0.999999
          1
          1
          1
          1
          1
          1
          1
          1
          1
          1
          1
          1
          1
          1
          1
          1
          1
          1
          1
          1
          1
          1
          1
          1
          1
          1
          1
          1
          1
          1
          1
          1
          1
          1
          1
          1
          1
          1
          1
          1
          1
          1
          1
          1
          1
          1
          1
          1
          1
          1
          1
          1
          1
          1
          1
          1
          1
          1
          1
          1
          1
          1
          1
          1
          1
          1
          1
          1
          1
          1
          1
          1
          1
          1
          1
          1
          1
          1
          1
          1
          1
          1
          1
          1
          1
          1
          1
          1
          1
          1
          1
          1
          1
          1
          1
          1
          1
          1
          1
          1
          1
          1
          1
          1
          1
          1
          1
          1
          1
          1
          1
          1
          1
          1
          1
          1
          1
          1
          1
          1
          1
          1
          1
          1
          1
          1
          1
          1
          1
          1
          1
          1
          1
          1
          1
          1
          1
          1
          1
          1
          1
          1
          1
          1
          1
          1
          1
          1
          1
          1
          1
          1
          1
          1
          1
          1
          1
          1
          1
          1
          1
          1
          1
          1
          1
          1
          1
          1
          1
          1
          1
          1
          1
          1
          1
          1
          1
          1
          1
          1
          1
          1
          1
          1
          1
          1
          1
          1
          1
          1
          1
          1
          1
          1
          1
          1
          1
          1
          1
          1
          1
          1
          1
          1
          1
          1
          1
          1
          1
          1
          1
          1
          1
          1
          1
          1
          1
          1
          1
          1
          1
          1
          1
          1
          1
          1
          1
          1
          1
          1
          1
          1
          1
          1
          1
          1
          1
          1
          1
          1
          1
          1
          1
          1
          1
          1
          1
          1
          1
          1
          1
          1
          1
          1
          1
          1
          1
          1
          1
          1
          1
          1
          1
          1
          1
          1
          1
          1
          1
          1
          1
          1
          1
          1
          1
          1
          1
          1
          1
          1
          1
          1
          1
          1
          1
          1
          1
          1
          1
          1
          1
          1
          1
          1
          1
          1
          1
          1
          1
          1
          1
          1
          1
          1
          1
          1
          1
          1
          1
          1
          1
          1
          1
          1
          1
          1
          1
          1
          1
          1
          1
          1
          1
          1
          1
          1
          1
          1
          1
          1
          1
          1
          1
          1
          1
          1
          1
          1
          1
          1
          1
          1
          1
          1
          1
          1
          1
          1
          1
          1
          1
          1
          1
          1
          1
          1
          1
          1
          1
          1
          1
          1
          1
          1
          1
          1
          1
          1
          1
          1
          1
          1
          1
          1
          1
          1
          1
          1
          1
          1
          1
          1
          1
          1
          1
          1
          1
          1
          1
          1
          1
          1
          1
          1
          1
          1
          1
          1
          1
          1
          1
          1
          1
          1
          1
          1
          1
          1
          1
          1
          1
          1
          1
          1
          1
          1
          1
          1
          1
          1
          1
          1
          1
          1
          1
          1
          1
          1
          1
          1
          1
          1
          1
          1
          1
          1
          1
          1
          1
          1
          1
          1
          1
          1
          1
          1
          1
          1
          1
          1
          1
          1
          1
          1
          1
          1
          1
          1
          1
          1
          1
          1
          1
          1
          1
          1
          1
          1
          1
          1
          1
          1
          1
          1
          1
          1
          1
          1
          1
          1
          1
          1
          1
          1
          1
          1
          1
          1
          1
          1
          1
          1
          1
          1
          1
          1
          1
          1
          1
          1
          1
          1
          1
          1
          1
          1
          1
          1
          1
          1
          1
          1
          1
          1
          1
          1
          1
          1
          1
          1
          1
          1
          1
          1
          1
          1
          1
          1
          1
          1
          1
          1
          1
          1
          1
          1
          1
          1
          1
          1
          1
          1
          1
          1
          1
          1
          1
          1
          1
          1
          1
          1
          1
          1
          1
          1
          1
          1
          1
          1
          1
          1
          1
          1
          1
          1
          1
          1
          1
          1
          1
          1
          1
          1
          1
          1
          1
          1
          1
          1
          1
          1
          1
          1
          1
          1
          1
          1
          1
          1
          1
          1
          1
          1
          1
          1
          1
          1
          1
          1
          1
          1
          1
          1
          1
          1
          1
          1
          1
          1
          1
          1
          1
          1
          1
          1
          1
          1
          1
          1
          1
          1
          1
          1
          1
          1
          1
          1
          1
          1
          1
          1
          1
          1
          1
          1
          1
          1
          1
          1
          1
          1
          1
          1
          1
          1
          1
          1
          1
          1
          1
          1
          1
          1
          1
          1
          1
          1
          1
          1
          1
          1
          1
          1
          1
          1
          1
          1
          1
          1
          1
          1
          1
          1
          1
          1
          1
          1
          1
          1
          1
          1
          1
          1
          1
          1
          1
          1
          1
          1
          1
          1
          1
          1
          1
          1
          1
          1
          1
          1
          1
          1
          1
          1
          1
          1
          1
          1
          1
          1
          1
          1
          1
          1
          1
          1
          1
          1
          1
          1
          1
          1
          1
          1
          1
          1
          1
          1
          1
          1
          1
          1
          1
          1
          1
          1
          1
          1
          1
          1
          1
          1
          1
          1
          1
          1
          1
          1
          1
          1
          1
          1
          1
          1
          1
          1
          1
          1
          1
          1
          1
          1
          1
          1
          1
          1
          1
          1
          1
          1
          1
          1
          1
          1
   0.999999
   0.999999
   0.999999
   0.999999
          1
          1
          1
          1
          1
          1
          1
          1
          1
          1
          1
          1
          1
          1
          1
          1
          1
          1
          1
          1
          1
          1
          1
          1
          1
          1
          1
          1
          1
          1
          1
          1
          1
          1
          1
          1
          1
          1
          1
          1
          1
          1
          1
          1
          1
          1
          1
          1
          1
          1
          1
   0.999999
   0.999998
   0.999996
   0.999993
   0.999989
   0.999985
   0.999983
   0.999983
   0.999985
   0.999989
   0.999993
   0.999996
   0.999998
   0.999999
          1
          1
          1
          1
          1
          1
          1
          1
          1
          1
          1
          1
          1
          1
          1
          1
          1
          1
          1
          1
          1
          1
          1
          1
          1
          1
          1
          1
          1
          1
          1
          1
          1
          1
          1
          1
          1
          1
          1
          1
          1
          1
          1
          1
   0.999998
   0.999995
   0.999985
   0.999962
   0.999918
   0.999846
   0.999751
   0.999657
   0.999595
   0.999595
   0.999658
   0.999751
   0.999846
   0.999918
   0.999962
   0.999985
   0.999995
   0.999998
          1
          1
          1
          1
          1
          1
          1
          1
          1
          1
          1
          1
          1
          1
          1
          1
          1
          1
          1
          1
          1
          1
          1
          1
          1
          1
          1
          1
          1
          1
          1
          1
          1
          1
          1
          1
          1
          1
          1
          1
   0.999998
   0.999992
   0.999969
   0.999895
   0.999686
    0.99919
   0.998191
   0.996505
   0.994298
    0.99199
   0.990537
   0.990517
   0.991992
    0.99428
   0.996521
   0.998185
   0.999189
   0.999688
   0.999896
    0.99997
   0.999992
   0.999998
          1
          1
          1
          1
          1
          1
          1
          1
          1
          1
          1
          1
          1
          1
          1
          1
          1
          1
          1
          1
          1
          1
          1
          1
          1
          1
          1
          1
          1
          1
          1
          1
          1
          1
          1
          1
   0.999999
   0.999994
    0.99997
   0.999865
   0.999448
   0.998024
   0.993799
   0.983266
   0.961646
    0.92692
    0.88241
   0.841014
   0.815345
   0.815603
   0.840903
   0.882576
   0.926663
    0.96189
   0.983278
   0.993789
    0.99802
   0.999447
   0.999865
    0.99997
   0.999994
   0.999999
          1
          1
          1
          1
          1
          1
          1
          1
          1
          1
          1
          1
          1
          1
          1
          1
          1
          1
          1
          1
          1
          1
          1
          1
          1
          1
          1
          1
          1
          1
          1
          1
          1
   0.999998
   0.999986
   0.999914
   0.999539
   0.997743
   0.990364
   0.964123
   0.890512
   0.740173
   0.541214
   0.365521
     0.2527
   0.190717
   0.164485
   0.164406
   0.190692
   0.252358
   0.366338
   0.540852
   0.740773
   0.890561
   0.964282
   0.990354
    0.99775
   0.999539
   0.999914
   0.999986
   0.999998
          1
          1
          1
          1
          1
          1
          1
          1
          1
          1
          1
          1
          1
          1
          1
          1
          1
          1
          1
          1
          1
          1
          1
          1
          1
          1
          1
          1
          1
          1
          1
   0.999996
   0.999973
   0.999809
   0.998794
   0.993023
   0.965105
   0.856846
   0.600072
   0.303577
   0.131491
  0.0595619
  0.0314518
  0.0196792
  0.0145775
  0.0125942
  0.0125961
  0.0145756
  0.0196756
  0.0314212
  0.0596499
   0.131405
   0.303801
   0.599358
    0.85722
   0.964989
   0.993095
   0.998798
    0.99981
   0.999973
   0.999996
          1
          1
          1
          1
          1
          1
          1
          1
          1
          1
          1
          1
          1
          1
          1
          1
          1
          1
          1
          1
          1
          1
          1
          1
          1
          1
          1
          1
          1
   0.999996
    0.99996
    0.99968
   0.997604
   0.983831
   0.908545
   0.642422
    0.27442
  0.0866929
  0.0292676
  0.0123843
 0.00686937
 0.00479778
 0.00395175
 0.00359144
 0.00345933
  0.0034588
 0.00359119
 0.00395019
 0.00479959
 0.00687349
  0.0123843
  0.0292651
    0.08683
   0.274043
   0.642437
   0.907972
   0.983913
   0.997615
    0.99968
   0.999961
   0.999995
          1
          1
          1
          1
          1
          1
          1
          1
          1
          1
          1
          1
          1
          1
          1
          1
          1
          1
          1
          1
          1
          1
          1
          1
          1
          1
          1
   0.999996
   0.999955
   0.999588
   0.996421
   0.971975
   0.826797
   0.422508
     0.1177
  0.0303348
  0.0105646
 0.00560024
 0.00427176
 0.00404606
 0.00422453
 0.00451935
 0.00479381
 0.00495147
 0.00495235
 0.00479133
 0.00452076
 0.00422272
 0.00404626
 0.00427405
 0.00560315
  0.0105707
  0.0303484
   0.117897
   0.423669
   0.826592
   0.972061
   0.996451
    0.99959
   0.999956
   0.999996
          1
          1
          1
          1
          1
          1
          1
          1
          1
          1
          1
          1
          1
          1
          1
          1
          1
          1
          1
          1
          1
          1
          1
          1
          1
   0.999997
   0.999961
   0.999594
   0.995948
   0.963599
   0.755861
   0.289597
   0.062065
  0.0155087
  0.0066311
 0.00495358
 0.00517508
 0.00615676
  0.0075167
 0.00901235
  0.0104247
   0.011522
  0.0121317
    0.01213
  0.0115224
  0.0104197
 0.00901414
 0.00751514
 0.00615245
 0.00517168
 0.00495109
 0.00663269
  0.0154899
  0.0621876
   0.290361
   0.756005
   0.963673
    0.99597
   0.999596
   0.999961
   0.999997
          1
          1
          1
          1
          1
          1
          1
          1
          1
          1
          1
          1
          1
          1
          1
          1
          1
          1
          1
          1
          1
          1
          1
   0.999998
   0.999974
   0.999693
   0.996512
   0.964092
   0.729972
   0.235216
  0.0430235
  0.0109873
 0.00591318
  0.0058222
 0.00746838
  0.0102167
  0.0138407
  0.0181018
   0.022621
  0.0268649
    0.03021
  0.0320634
  0.0320559
  0.0302104
   0.026862
  0.0226178
  0.0180947
  0.0138414
  0.0102143
 0.00746611
 0.00582045
 0.00591252
  0.0109882
  0.0430114
   0.235647
   0.730379
    0.96408
    0.99653
   0.999691
   0.999974
   0.999998
          1
          1
          1
          1
          1
          1
          1
          1
          1
          1
          1
          1
          1
          1
          1
          1
          1
          1
          1
          1
          1
   0.999999
   0.999986
   0.999819
   0.997691
   0.972994
    0.75991
   0.237276
  0.0385059
 0.00964933
 0.00599262
 0.00704498
  0.0103406
  0.0156613
  0.0230988
  0.0326352
  0.0438846
  0.0560084
  0.0675092
  0.0766409
  0.0817108
  0.0817146
  0.0766242
   0.067511
  0.0559859
  0.0438856
  0.0326089
  0.0230933
  0.0156548
  0.0103376
 0.00704684
 0.00599664
 0.00965972
  0.0384958
   0.238002
   0.760629
   0.973037
   0.997717
   0.999818
   0.999986
   0.999999
          1
          1
          1
          1
          1
          1
          1
          1
          1
          1
          1
          1
          1
          1
          1
          1
          1
          1
          1
          1
   0.999994
    0.99992
   0.998852
    0.98473
   0.833204
   0.296907
  0.0437208
 0.00968858
  0.0060823
 0.00787419
  0.0127408
  0.0210185
  0.0334773
  0.0507284
  0.0728258
  0.0988251
   0.126349
   0.151963
   0.171742
    0.18252
   0.182511
    0.17174
   0.151948
   0.126358
  0.0987984
  0.0728237
  0.0507078
  0.0334702
  0.0210126
  0.0127361
 0.00787021
 0.00608706
 0.00968742
  0.0437412
   0.297165
   0.833119
   0.984724
   0.998864
   0.999919
   0.999994
          1
          1
          1
          1
          1
          1
          1
          1
          1
          1
          1
          1
          1
          1
          1
          1
          1
          1
          1
   0.999998
   0.999972
   0.999568
   0.993528
   0.913376
   0.436787
  0.0643854
  0.0111507
 0.00596628
 0.00783302
  0.0136263
  0.0243102
   0.041662
  0.0673926
   0.102361
   0.145651
   0.193858
   0.241534
   0.282585
   0.312266
   0.327711
   0.327697
   0.312261
   0.282575
   0.241505
   0.193834
   0.145629
   0.102341
  0.0673885
  0.0416471
  0.0243043
  0.0136206
 0.00782619
 0.00596999
  0.0111598
  0.0644881
   0.437142
   0.913363
   0.993526
   0.999572
   0.999972
   0.999998
          1
          1
          1
          1
          1
          1
          1
          1
          1
          1
          1
          1
          1
          1
          1
          1
          1
          1
   0.999993
   0.999875
    0.99794
   0.967542
   0.659691
   0.124119
   0.016031
 0.00588756
 0.00693675
  0.0125682
  0.0241259
  0.0445728
  0.0770901
   0.123657
   0.183349
   0.251207
    0.31938
   0.379745
   0.426875
   0.458411
   0.474059
   0.474057
   0.458403
   0.426858
   0.379722
   0.319336
   0.251171
   0.183319
   0.123615
  0.0770917
  0.0445552
  0.0241172
  0.0125667
 0.00693076
 0.00589359
  0.0160227
   0.124296
   0.659429
   0.967708
   0.997928
   0.999876
   0.999993
          1
          1
          1
          1
          1
          1
          1
          1
          1
          1
          1
          1
          1
          1
          1
          1
          1
   0.999998
   0.999973
     0.9995
   0.991215
   0.868329
   0.290468
  0.0321442
 0.00670535
 0.00569653
  0.0100671
  0.0205669
  0.0410695
  0.0765758
   0.130816
    0.20325
   0.287319
   0.372537
    0.44856
   0.509285
   0.552951
   0.580641
   0.593947
   0.593948
   0.580627
   0.552944
   0.509253
   0.448544
   0.372487
   0.287291
   0.203212
   0.130771
  0.0765634
  0.0410637
  0.0205579
  0.0100722
 0.00569078
 0.00670529
  0.0321846
   0.290704
   0.868472
   0.991309
   0.999496
   0.999973
   0.999998
          1
          1
          1
          1
          1
          1
          1
          1
          1
          1
          1
          1
          1
          1
          1
          1
   0.999995
   0.999907
   0.998221
   0.967977
   0.623715
  0.0939717
  0.0110444
 0.00488221
 0.00720019
  0.0151213
  0.0325488
  0.0660395
   0.122132
   0.202161
   0.298669
   0.398418
   0.488402
   0.560999
   0.614354
   0.650495
   0.672456
   0.682778
   0.682772
   0.672455
   0.650483
   0.614343
   0.560967
   0.488377
   0.398363
   0.298647
   0.202146
   0.122106
  0.0660237
  0.0325391
  0.0151119
 0.00720518
 0.00487926
  0.0110492
  0.0940376
   0.624444
   0.967902
   0.998245
   0.999906
   0.999995
          1
          1
          1
          1
          1
          1
          1
          1
          1
          1
          1
          1
          1
          1
          1
   0.999999
   0.999986
   0.999724
   0.994539
   0.901475
   0.328568
  0.0317652
 0.00571346
 0.00499197
 0.00976575
  0.0221529
  0.0490216
  0.0998083
   0.180348
   0.284768
   0.396979
   0.500534
   0.585212
   0.647875
   0.690806
   0.718262
   0.734264
    0.74157
   0.741573
   0.734257
   0.718255
   0.690788
   0.647857
   0.585179
    0.50051
   0.396922
   0.284729
   0.180322
  0.0997894
  0.0490145
  0.0221547
 0.00975832
 0.00499266
 0.00571897
  0.0317746
   0.328504
   0.902131
   0.994499
   0.999728
   0.999986
   0.999999
          1
          1
          1
          1
          1
          1
          1
          1
          1
          1
          1
          1
          1
          1
   0.999998
   0.999967
   0.999291
    0.98528
   0.765584
   0.145287
  0.0133491
 0.00423523
 0.00586975
  0.0131324
   0.031127
  0.0700521
   0.141502
   0.246484
   0.368345
   0.485509
   0.583847
   0.657692
   0.708333
   0.740693
   0.760156
   0.770899
   0.775624
    0.77562
   0.770896
    0.76015
   0.740681
   0.708315
   0.657672
   0.583809
   0.485479
   0.368283
   0.246419
   0.141481
  0.0700428
   0.031111
  0.0131389
 0.00586376
 0.00423594
    0.01337
   0.145514
   0.765755
   0.985391
   0.999286
   0.999967
   0.999998
          1
          1
          1
          1
          1
          1
          1
          1
          1
          1
          1
          1
          1
          1
   0.999997
   0.999928
   0.998422
   0.966725
   0.575135
  0.0667615
 0.00725837
 0.00392919
 0.00710067
  0.0170917
  0.0416609
  0.0946895
   0.187889
   0.312883
   0.442946
   0.556912
   0.645455
    0.70731
   0.746772
   0.770197
   0.783172
   0.789732
   0.792396
   0.792396
    0.78973
   0.783167
   0.770188
   0.746759
   0.707288
   0.645433
   0.556872
   0.442914
   0.312824
   0.187834
  0.0946723
  0.0416589
  0.0170774
 0.00710019
 0.00393013
 0.00725341
  0.0668891
    0.57548
   0.966747
   0.998428
   0.999928
   0.999997
          1
          1
          1
          1
          1
          1
          1
          1
          1
          1
          1
          1
          1
          1
   0.999994
   0.999868
   0.996989
   0.936166
   0.400721
  0.0351993
 0.00496309
 0.00404318
 0.00847266
  0.0212571
  0.0529624
   0.120742
   0.233761
   0.371802
   0.502572
   0.609425
   0.687652
   0.738962
   0.769477
    0.78602
   0.794053
   0.797383
   0.798449
   0.798449
    0.79738
   0.794051
   0.786012
   0.769465
   0.738945
   0.687627
   0.609399
   0.502517
   0.371745
   0.233697
   0.120702
  0.0529516
  0.0212549
  0.0084651
 0.00404051
 0.00496751
  0.0352066
   0.401096
   0.936382
   0.996982
   0.999868
   0.999994
          1
          1
          1
          1
          1
          1
          1
          1
          1
          1
          1
          1
          1
          1
   0.999991
   0.999788
   0.995068
   0.897855
   0.281204
  0.0219943
 0.00401303
 0.00429091
 0.00975198
    0.02517
  0.0636618
   0.144934
    0.27337
   0.417876
   0.545513
   0.645027
   0.714643
   0.757939
    0.78194
   0.793524
   0.797927
   0.798843
   0.798693
   0.798692
   0.798844
   0.797923
    0.79352
   0.781931
   0.757926
   0.714621
   0.644996
   0.545483
   0.417801
     0.2733
   0.144913
  0.0636364
  0.0251607
 0.00975077
 0.00428822
 0.00401577
  0.0219997
   0.281928
   0.897729
   0.995102
   0.999787
   0.999991
          1
          1
          1
          1
          1
          1
          1
          1
          1
          1
          1
          1
          1
   0.999999
   0.999988
   0.999707
   0.993185
   0.860581
   0.215736
  0.0162293
 0.00361078
 0.00452453
  0.0107566
  0.0282245
  0.0721217
   0.163639
   0.302051
    0.44877
   0.572763
   0.666678
   0.730353
   0.768368
   0.788154
   0.796487
   0.798466
   0.797739
   0.796751
   0.796752
   0.797737
   0.798465
   0.796481
   0.788147
   0.768356
   0.730332
    0.66665
   0.572724
   0.448711
   0.301967
   0.163585
  0.0721114
  0.0282212
  0.0107464
 0.00452486
 0.00361115
   0.016263
   0.215497
   0.861359
    0.99314
    0.99971
   0.999988
   0.999999
          1
          1
          1
          1
          1
          1
          1
          1
          1
          1
          1
          1
   0.999999
   0.999986
   0.999658
   0.991885
   0.839482
   0.186434
  0.0140449
 0.00345776
 0.00466617
  0.0113003
   0.029921
  0.0768132
   0.173806
   0.316985
   0.464097
   0.585866
   0.676845
   0.737522
   0.772933
   0.790639
   0.797357
   0.798112
   0.796544
   0.795128
   0.795126
   0.796544
   0.798109
   0.797354
   0.790631
    0.77292
   0.737503
   0.676815
   0.585836
   0.464025
   0.316914
   0.173781
  0.0767834
  0.0299076
  0.0113001
  0.0046616
 0.00346192
  0.0140407
    0.18709
   0.838985
   0.991953
   0.999656
   0.999986
   0.999999
          1
          1
          1
          1
          1
          1
          1
          1
          1
          1
          1
          1
   0.999999
   0.999986
   0.999656
   0.991955
   0.838306
   0.187147
  0.0140077
  0.0034611
 0.00466268
   0.011306
  0.0299152
  0.0768045
   0.173816
    0.31697
   0.464099
    0.58586
   0.676842
    0.73752
   0.772931
   0.790638
   0.797358
   0.798111
   0.796546
   0.795127
   0.795127
   0.796543
   0.798112
   0.797352
   0.790631
   0.772919
   0.737498
   0.676812
   0.585822
   0.464045
   0.316895
   0.173757
   0.076795
  0.0299143
  0.0112945
 0.00466386
 0.00346161
  0.0140421
    0.18709
   0.838958
   0.991914
   0.999658
   0.999985
   0.999999
          1
          1
          1
          1
          1
          1
          1
          1
          1
          1
          1
          1
   0.999999
   0.999988
   0.999708
   0.993146
   0.861336
    0.21491
  0.0162595
 0.00360788
 0.00452694
  0.0107484
  0.0282317
  0.0721124
   0.163622
   0.302046
    0.44874
   0.572748
   0.666668
   0.730346
   0.768365
    0.78815
   0.796486
   0.798468
   0.797741
   0.796754
   0.796753
   0.797742
   0.798464
   0.796482
   0.788142
   0.768351
   0.730324
   0.666633
    0.57271
   0.448673
   0.301954
   0.163589
  0.0720928
  0.0282131
  0.0107499
 0.00452319
 0.00361064
  0.0162725
   0.215401
    0.86131
   0.993169
   0.999707
   0.999988
   0.999999
          1
          1
          1
          1
          1
          1
          1
          1
          1
          1
          1
          1
          1
   0.999991
   0.999788
   0.995092
   0.897462
   0.281964
   0.021965
 0.00401476
 0.00428843
 0.00975688
    0.02516
  0.0636557
    0.14493
   0.273351
   0.417857
   0.545489
   0.645006
   0.714629
   0.757932
   0.781937
   0.793522
   0.797928
   0.798846
   0.798694
   0.798697
   0.798842
   0.797925
   0.793515
   0.781926
   0.757915
   0.714601
    0.64497
    0.54544
    0.41778
   0.273268
   0.144869
  0.0636376
  0.0251579
 0.00974573
 0.00428769
  0.0040166
  0.0219983
   0.282142
   0.897687
   0.995074
   0.999789
   0.999991
          1
          1
          1
          1
          1
          1
          1
          1
          1
          1
          1
          1
          1
          1
   0.999994
   0.999868
   0.996982
   0.936601
   0.399627
  0.0352356
 0.00496075
 0.00404129
 0.00846542
  0.0212619
   0.052951
   0.120731
   0.233735
   0.371762
   0.502537
   0.609398
   0.687631
   0.738946
   0.769464
   0.786016
   0.794052
   0.797383
   0.798451
   0.798449
   0.797381
   0.794047
   0.786009
   0.769452
   0.738924
   0.687601
   0.609355
   0.502483
   0.371682
   0.233666
   0.120692
  0.0529385
  0.0212459
 0.00846449
 0.00404089
 0.00496381
    0.03525
   0.400779
   0.936332
   0.997001
   0.999867
   0.999994
          1
          1
          1
          1
          1
          1
          1
          1
          1
          1
          1
          1
          1
          1
   0.999997
   0.999929
   0.998427
   0.966601
   0.576291
  0.0666521
 0.00725876
 0.00392798
 0.00710275
  0.0170811
  0.0416579
  0.0946812
   0.187868
    0.31285
   0.442904
   0.556867
   0.645422
   0.707283
   0.746755
   0.770182
   0.783166
   0.789727
   0.792394
   0.792393
   0.789723
    0.78316
   0.770173
   0.746735
   0.707259
   0.645383
   0.556824
   0.442833
   0.312777
   0.187801
  0.0946462
  0.0416461
  0.0170775
 0.00709753
 0.00392759
 0.00726315
  0.0668322
   0.576178
   0.966704
   0.998416
   0.999929
   0.999997
          1
          1
          1
          1
          1
          1
          1
          1
          1
          1
          1
          1
          1
          1
   0.999998
   0.999967
    0.99929
   0.985428
   0.764623
   0.145778
  0.0133476
 0.00423802
 0.00586324
  0.0131381
  0.0311147
  0.0700403
   0.141482
   0.246437
   0.368287
   0.485459
   0.583789
    0.65765
   0.708298
   0.740671
   0.760138
   0.770886
    0.77561
   0.775609
   0.770883
   0.760131
   0.740655
    0.70828
   0.657619
   0.583754
   0.485408
   0.368227
   0.246364
   0.141436
  0.0700166
  0.0311116
  0.0131261
 0.00586303
 0.00423868
  0.0133547
   0.145923
   0.765282
   0.985371
   0.999292
   0.999966
   0.999998
          1
          1
          1
          1
          1
          1
          1
          1
          1
          1
          1
          1
          1
          1
   0.999999
   0.999986
   0.999726
   0.994509
   0.902277
   0.327602
  0.0318201
  0.0057124
 0.00499516
 0.00975842
  0.0221465
    0.04902
  0.0997882
   0.180298
   0.284726
   0.396902
   0.500491
   0.585144
   0.647824
   0.690756
   0.718228
   0.734232
   0.741547
   0.741542
   0.734227
   0.718217
   0.690744
   0.647797
   0.585115
   0.500433
   0.396849
   0.284644
   0.180258
  0.0997546
  0.0489989
  0.0221371
 0.00975601
 0.00499436
 0.00571329
  0.0318515
   0.328409
   0.902265
   0.994512
   0.999725
   0.999987
   0.999999
          1
          1
          1
          1
          1
          1
          1
          1
          1
          1
          1
          1
          1
          1
          1
   0.999995
   0.999907
   0.998237
   0.967739
   0.624851
  0.0938081
  0.0110584
 0.00487469
 0.00720378
  0.0151126
  0.0325225
  0.0660266
   0.122103
   0.202102
   0.298622
   0.398326
   0.488355
   0.560927
     0.6143
   0.650436
   0.672412
   0.682728
   0.682726
   0.672402
   0.650427
   0.614274
   0.560897
   0.488286
   0.398271
   0.298551
   0.202065
   0.122082
  0.0659942
  0.0325133
  0.0151102
  0.0072009
 0.00487789
   0.011067
  0.0940791
   0.625103
   0.967829
   0.998236
   0.999907
   0.999995
          1
          1
          1
          1
          1
          1
          1
          1
          1
          1
          1
          1
          1
          1
          1
          1
   0.999998
   0.999972
   0.999501
   0.991286
   0.867942
   0.290841
   0.032156
 0.00671301
 0.00568362
  0.0100711
  0.0205601
   0.041043
  0.0765427
   0.130778
    0.20318
   0.287251
   0.372425
   0.448484
   0.509185
    0.55288
   0.580564
   0.593875
    0.59387
   0.580558
   0.552863
    0.50917
   0.448435
   0.372392
   0.287205
   0.203146
   0.130756
  0.0765114
   0.041034
  0.0205561
   0.010062
 0.00568754
  0.0067138
  0.0321954
   0.291252
   0.868239
   0.991313
   0.999498
   0.999972
   0.999999
          1
          1
          1
          1
          1
          1
          1
          1
          1
          1
          1
          1
          1
          1
          1
          1
          1
   0.999993
   0.999875
   0.997924
   0.967775
    0.65854
   0.124349
  0.0160107
 0.00589617
 0.00692508
  0.0125603
  0.0241161
  0.0445382
   0.077059
    0.12361
   0.183296
   0.251134
   0.319279
   0.379655
   0.426772
   0.458308
   0.473956
   0.473954
   0.458297
   0.426761
   0.379624
   0.319244
   0.251101
   0.183244
   0.123586
  0.0770211
  0.0445396
   0.024113
  0.0125547
 0.00692662
 0.00589718
  0.0160207
   0.124384
   0.659502
   0.967764
   0.997923
   0.999876
   0.999993
          1
          1
          1
          1
          1
          1
          1
          1
          1
          1
          1
          1
          1
          1
          1
          1
          1
          1
   0.999998
   0.999972
   0.999571
   0.993485
   0.913793
     0.4364
  0.0645918
   0.011135
 0.00597265
 0.00782374
  0.0136149
  0.0242961
  0.0416414
  0.0673581
   0.102309
    0.14559
   0.193782
    0.24144
   0.282499
   0.312181
   0.327603
   0.327592
   0.312164
   0.282482
   0.241414
   0.193761
   0.145549
   0.102287
   0.067344
   0.041632
  0.0242976
  0.0136095
 0.00782216
 0.00597274
  0.0111485
  0.0645349
   0.436937
   0.913754
   0.993485
   0.999573
   0.999973
   0.999998
          1
          1
          1
          1
          1
          1
          1
          1
          1
          1
          1
          1
          1
          1
          1
          1
          1
          1
          1
   0.999994
   0.999919
   0.998863
   0.984668
   0.833808
   0.296729
  0.0438311
 0.00968327
 0.00608296
  0.0078704
  0.0127322
  0.0210075
  0.0334605
  0.0506866
  0.0727823
  0.0987502
   0.126293
   0.151881
   0.171653
   0.182428
   0.182427
   0.171651
   0.151874
   0.126285
  0.0987505
  0.0727727
  0.0506919
   0.033449
  0.0210073
  0.0127261
 0.00787064
 0.00608878
 0.00969191
   0.043838
   0.296865
    0.83363
   0.984619
   0.998868
   0.999919
   0.999994
          1
          1
          1
          1
          1
          1
          1
          1
          1
          1
          1
          1
          1
          1
          1
          1
          1
          1
          1
          1
   0.999999
   0.999986
   0.999819
   0.997714
   0.972911
   0.760925
     0.2373
  0.0385581
 0.00965245
 0.00599115
 0.00704637
  0.0103304
  0.0156527
   0.023081
  0.0326037
  0.0438629
  0.0559564
  0.0674608
  0.0765867
  0.0816575
  0.0816529
  0.0765773
  0.0674563
  0.0559545
  0.0438478
  0.0326019
  0.0230703
  0.0156492
  0.0103282
 0.00704707
 0.00599825
 0.00965335
  0.0385375
   0.237757
   0.760928
   0.972943
   0.997724
   0.999818
   0.999986
   0.999999
          1
          1
          1
          1
          1
          1
          1
          1
          1
          1
          1
          1
          1
          1
          1
          1
          1
          1
          1
          1
          1
   0.999998
   0.999974
   0.999692
   0.996542
   0.963931
    0.73108
   0.235377
  0.0430584
  0.0109858
 0.00590953
 0.00582243
 0.00745853
  0.0102125
   0.013828
  0.0180838
  0.0225997
  0.0268488
  0.0301841
  0.0320332
  0.0320324
  0.0301841
  0.0268432
  0.0226001
  0.0180861
  0.0138247
  0.0102114
 0.00746301
 0.00582446
 0.00591539
  0.0109956
   0.043087
   0.235645
   0.730852
   0.964047
   0.996533
   0.999691
   0.999974
   0.999998
          1
          1
          1
          1
          1
          1
          1
          1
          1
          1
          1
          1
          1
          1
          1
          1
          1
          1
          1
          1
          1
          1
          1
   0.999997
   0.999961
   0.999593
   0.995984
   0.963542
   0.756369
    0.29003
  0.0622004
  0.0155025
 0.00663253
 0.00495383
 0.00516596
 0.00615365
 0.00750987
 0.00901064
  0.0104127
  0.0115174
  0.0121207
  0.0121227
  0.0115134
  0.0104151
 0.00900691
 0.00751125
 0.00615158
 0.00516938
 0.00494779
   0.006632
  0.0155107
  0.0622869
   0.290287
   0.756657
   0.963571
   0.995973
   0.999591
   0.999962
   0.999997
          1
          1
          1
          1
          1
          1
          1
          1
          1
          1
          1
          1
          1
          1
          1
          1
          1
          1
          1
          1
          1
          1
          1
          1
          1
   0.999996
   0.999956
   0.999587
   0.996441
   0.972026
   0.826852
   0.423589
   0.117877
  0.0303629
  0.0105712
 0.00560818
 0.00426868
 0.00404565
 0.00421962
  0.0045206
 0.00478983
 0.00495232
 0.00494851
 0.00479172
 0.00451689
 0.00422228
 0.00404515
 0.00427268
 0.00559927
  0.0105827
  0.0303553
   0.118034
   0.423717
   0.827441
   0.972008
   0.996451
   0.999587
   0.999956
   0.999996
          1
          1
          1
          1
          1
          1
          1
          1
          1
          1
          1
          1
          1
          1
          1
          1
          1
          1
          1
          1
          1
          1
          1
          1
          1
          1
          1
   0.999995
    0.99996
    0.99968
   0.997611
   0.983908
   0.908325
   0.643292
   0.274464
  0.0868424
  0.0292422
  0.0123998
 0.00686654
 0.00480094
 0.00394707
 0.00359136
 0.00345464
 0.00345948
 0.00358817
 0.00395136
 0.00479617
 0.00687804
  0.0123852
  0.0293506
  0.0867336
   0.275217
   0.642853
   0.908548
   0.983839
   0.997616
   0.999679
   0.999961
   0.999995
          1
          1
          1
          1
          1
          1
          1
          1
          1
          1
          1
          1
          1
          1
          1
          1
          1
          1
          1
          1
          1
          1
          1
          1
          1
          1
          1
          1
          1
   0.999996
   0.999973
    0.99981
   0.998795
   0.993074
   0.965028
   0.857503
   0.600191
   0.304299
   0.131478
  0.0597666
  0.0314528
  0.0197238
  0.0145824
  0.0126196
  0.0125937
  0.0146028
  0.0196859
  0.0315251
  0.0596667
   0.131974
   0.303486
     0.6011
   0.856749
   0.965101
   0.993059
     0.9988
    0.99981
   0.999973
   0.999996
          1
          1
          1
          1
          1
          1
          1
          1
          1
          1
          1
          1
          1
          1
          1
          1
          1
          1
          1
          1
          1
          1
          1
          1
          1
          1
          1
          1
          1
          1
          1
   0.999998
   0.999986
   0.999914
   0.999537
   0.997756
    0.99033
   0.964296
   0.890576
   0.741068
   0.540813
   0.366847
   0.252665
   0.191298
   0.164534
   0.165009
   0.190956
   0.253375
   0.366048
   0.542262
   0.740204
   0.891023
   0.964086
   0.990384
   0.997749
   0.999538
   0.999914
   0.999986
   0.999998
          1
          1
          1
          1
          1
          1
          1
          1
          1
          1
          1
          1
          1
          1
          1
          1
          1
          1
          1
          1
          1
          1
          1
          1
          1
          1
          1
          1
          1
          1
          1
          1
          1
   0.999999
   0.999994
    0.99997
   0.999864
   0.999451
   0.998014
   0.993816
   0.983251
   0.961924
   0.926581
     0.8829
   0.840671
   0.815891
   0.815182
   0.841203
   0.882169
   0.926959
   0.961627
   0.983327
   0.993764
   0.998023
   0.999447
   0.999865
    0.99997
   0.999994
   0.999999
          1
          1
          1
          1
          1
          1
          1
          1
          1
          1
          1
          1
          1
          1
          1
          1
          1
          1
          1
          1
          1
          1
          1
          1
          1
          1
          1
          1
          1
          1
          1
          1
          1
          1
          1
          1
   0.999998
   0.999992
   0.999969
   0.999897
   0.999687
   0.999193
   0.998182
   0.996534
   0.994278
   0.992036
    0.99051
   0.990567
   0.991987
   0.994319
   0.996511
   0.998202
   0.999189
   0.999688
   0.999895
    0.99997
   0.999992
   0.999998
          1
          1
          1
          1
          1
          1
          1
          1
          1
          1
          1
          1
          1
          1
          1
          1
          1
          1
          1
          1
          1
          1
          1
          1
          1
          1
          1
          1
          1
          1
          1
          1
          1
          1
          1
          1
          1
          1
          1
          1
   0.999998
   0.999995
   0.999985
   0.999962
   0.999918
   0.999846
   0.999753
   0.999657
   0.999598
   0.999596
   0.999659
   0.999751
   0.999847
   0.999918
   0.999962
   0.999985
   0.999995
   0.999998
          1
          1
          1
          1
          1
          1
          1
          1
          1
          1
          1
          1
          1
          1
          1
          1
          1
          1
          1
          1
          1
          1
          1
          1
          1
          1
          1
          1
          1
          1
          1
          1
          1
          1
          1
          1
          1
          1
          1
          1
          1
          1
          1
          1
   0.999999
   0.999998
   0.999996
   0.999993
   0.999989
   0.999985
   0.999983
   0.999983
   0.999985
   0.999989
   0.999993
   0.999996
   0.999998
   0.999999
          1
          1
          1
          1
          1
          1
          1
          1
          1
          1
          1
          1
          1
          1
          1
          1
          1
          1
          1
          1
          1
          1
          1
          1
          1
          1
          1
          1
          1
          1
          1
          1
          1
          1
          1
          1
          1
          1
          1
          1
          1
          1
          1
          1
          1
          1
          1
          1
          1
          1
          1
   0.999999
   0.999999
   0.999999
   0.999999
          1
          1
          1
          1
          1
          1
          1
          1
          1
          1
          1
          1
          1
          1
          1
          1
          1
          1
          1
          1
          1
          1
          1
          1
          1
          1
          1
          1
          1
          1
          1
          1
          1
          1
          1
          1
          1
          1
          1
          1
          1
          1
          1
          1
          1
          1
          1
          1
          1
          1
          1
          1
          1
          1
          1
          1
          1
          1
          1
          1
          1
          1
          1
          1
          1
          1
          1
          1
          1
          1
          1
          1
          1
          1
          1
          1
          1
          1
          1
          1
          1
          1
          1
          1
          1
          1
          1
          1
          1
          1
          1
          1
          1
          1
          1
          1
          1
          1
          1
          1
          1
          1
          1
          1
          1
          1
          1
          1
          1
          1
          1
          1
          1
          1
          1
          1
          1
          1
          1
          1
          1
          1
          1
          1
          1
          1
          1
          1
          1
          1
          1
          1
          1
          1
          1
          1
          1
          1
          1
          1
          1
          1
          1
          1
          1
          1
          1
          1
          1
          1
          1
          1
          1
          1
          1
          1
          1
          1
          1
          1
          1
          1
          1
          1
          1
          1
          1
          1
          1
          1
          1
          1
          1
          1
          1
          1
          1
          1
          1
          1
          1
          1
          1
          1
          1
          1
          1
          1
          1
          1
          1
          1
          1
          1
          1
          1
          1
          1
          1
          1
          1
          1
          1
          1
          1
          1
          1
          1
          1
          1
          1
          1
          1
          1
          1
          1
          1
          1
          1
          1
          1
          1
          1
          1
          1
          1
          1
          1
          1
          1
          1
          1
          1
          1
          1
          1
          1
          1
          1
          1
          1
          1
          1
          1
          1
          1
          1
          1
          1
          1
          1
          1
          1
          1
          1
          1
          1
          1
          1
          1
          1
          1
          1
          1
          1
          1
          1
          1
          1
          1
          1
          1
          1
          1
          1
          1
          1
          1
          1
          1
          1
          1
          1
          1
          1
          1
          1
          1
          1
          1
          1
          1
          1
          1
          1
          1
          1
          1
          1
          1
          1
          1
          1
          1
          1
          1
          1
          1
          1
          1
          1
          1
          1
          1
          1
          1
          1
          1
          1
          1
          1
          1
          1
          1
          1
          1
          1
          1
          1
          1
          1
          1
          1
          1
          1
          1
          1
          1
          1
          1
          1
          1
          1
          1
          1
          1
          1
          1
          1
          1
          1
          1
          1
          1
          1
          1
          1
          1
          1
          1
          1
          1
          1
          1
          1
          1
          1
          1
          1
          1
          1
          1
          1
          1
          1
          1
          1
          1
          1
          1
          1
          1
          1
          1
          1
          1
          1
          1
          1
          1
          1
          1
          1
          1
          1
          1
          1
          1
          1
          1
          1
          1
          1
          1
          1
          1
          1
          1
          1
          1
          1
          1
          1
          1
          1
          1
          1
          1
          1
          1
          1
          1
          1
          1
          1
          1
          1
          1
          1
          1
          1
          1
          1
          1
          1
          1
          1
          1
          1
          1
          1
          1
          1
          1
          1
          1
          1
          1
          1
          1
          1
          1
          1
          1
          1
          1
          1
          1
          1
          1
          1
          1
          1
          1
          1
          1
          1
          1
          1
          1
          1
          1
          1
          1
          1
          1
          1
          1
          1
          1
          1
          1
          1
          1
          1
          1
          1
          1
          1
          1
          1
          1
          1
          1
          1
          1
          1
          1
          1
          1
          1
          1
          1
          1
          1
          1
          1
          1
          1
          1
          1
          1
          1
          1
          1
          1
          1
          1
          1
          1
          1
          1
          1
          1
          1
          1
          1
          1
          1
          1
          1
          1
          1
          1
          1
          1
          1
          1
          1
          1
          1
          1
          1
          1
          1
          1
          1
          1
          1
          1
          1
          1
          1
          1
          1
          1
          1
          1
          1
          1
          1
          1
          1
          1
          1
          1
          1
          1
          1
          1
          1
          1
          1
          1
          1
          1
          1
          1
          1
          1
          1
          1
          1
          1
          1
          1
          1
          1
          1
          1
          1
          1
          1
          1
          1
          1
          1
          1
          1
          1
          1
          1
          1
          1
          1
          1
          1
          1
          1
          1
          1
          1
          1
          1
          1
          1
          1
          1
          1
          1
          1
          1
          1
          1
          1
          1
          1
          1
          1
          1
          1
          1
          1
          1
          1
          1
          1
          1
          1
          1
          1
          1
          1
          1
          1
          1
          1
          1
          1
          1
          1
          1
          1
          1
          1
          1
          1
          1
          1
          1
          1
          1
          1
          1
          1
          1
          1
          1
          1
          1
          1
          1
          1
          1
          1
          1
          1
          1
          1
          1
          1
          1
          1
          1
          1
          1
          1
          1
          1
          1
          1
          1
          1
          1
          1
          1
          1
          1
          1
          1
          1
          1
          1
          1
          1
          1
          1
          1
          1
          1
          1
          1
          1
          1
          1
          1
          1
          1
          1
          1
          1
          1
          1
          1
          1
          1
          1
          1
          1
          1
          1
          1
          1
          1
          1
          1
          1
          1
          1
          1
          1
          1
          1
          1
          1
          1
          1
          1
          1
          1
          1
          1
          1
          1
          1
          1
          1
          1
          1
          1
          1
          1
          1
          1
          1
          1
          1
          1
          1
          1
          1
          1
          1
          1
          1
          1
          1
          1
          1
          1
          1
          1
          1
          1
          1
          1
          1
          1
          1
          1
          1
          1
          1
          1
          1
          1
          1
          1
          1
          1
          1
          1
          1
          1
          1
          1
          1
          1
          1
          1
          1
          1
          1
          1
          1
          1
          1
          1
          1
          1
          1
          1
          1
          1
          1
          1
          1
          1
          1
          1
          1
          1
   0.999999
   0.999999
   0.999998
   0.999996
   0.999995
   0.999994
   0.999994
   0.999995
   0.999996
   0.999998
   0.999999
   0.999999
          1
          1
          1
          1
          1
          1
          1
          1
          1
          1
          1
          1
          1
          1
          1
          1
          1
          1
          1
          1
          1
          1
          1
          1
          1
          1
          1
          1
          1
          1
          1
          1
          1
          1
          1
          1
          1
          1
          1
          1
          1
          1
          1
          1
          1
   0.999999
   0.999998
   0.999995
   0.999988
   0.999974
   0.999951
   0.999923
   0.999893
   0.999874
   0.999874
   0.999894
   0.999923
   0.999951
   0.999974
   0.999988
   0.999995
   0.999998
   0.999999
          1
          1
          1
          1
          1
          1
          1
          1
          1
          1
          1
          1
          1
          1
          1
          1
          1
          1
          1
          1
          1
          1
          1
          1
          1
          1
          1
          1
          1
          1
          1
          1
          1
          1
          1
          1
          1
          1
          1
          1
   0.999999
   0.999997
    0.99999
   0.999966
   0.999902
   0.999751
   0.999454
   0.998974
   0.998323
   0.997673
   0.997241
   0.997249
   0.997675
   0.998322
    0.99897
   0.999456
   0.999752
   0.999902
   0.999967
    0.99999
   0.999997
   0.999999
          1
          1
          1
          1
          1
          1
          1
          1
          1
          1
          1
          1
          1
          1
          1
          1
          1
          1
          1
          1
          1
          1
          1
          1
          1
          1
          1
          1
          1
          1
          1
          1
          1
          1
          1
          1
          1
   0.999998
    0.99999
   0.999957
    0.99983
   0.999402
   0.998179
   0.995159
   0.989015
   0.978693
   0.965197
    0.95159
   0.943008
   0.942939
   0.951546
   0.965172
    0.97871
   0.988987
   0.995148
   0.998181
     0.9994
    0.99983
   0.999957
    0.99999
   0.999998
          1
          1
          1
          1
          1
          1
          1
          1
          1
          1
          1
          1
          1
          1
          1
          1
          1
          1
          1
          1
          1
          1
          1
          1
          1
          1
          1
          1
          1
          1
          1
          1
          1
          1
   0.999999
   0.999995
   0.999972
   0.999856
   0.999329
   0.997175
    0.98973
   0.967526
   0.914695
   0.817917
   0.691727
    0.56844
   0.480314
   0.435923
   0.436299
   0.480622
   0.568522
   0.691066
   0.818289
   0.914642
   0.967413
   0.989675
   0.997161
   0.999325
   0.999855
   0.999972
   0.999995
   0.999999
          1
          1
          1
          1
          1
          1
          1
          1
          1
          1
          1
          1
          1
          1
          1
          1
          1
          1
          1
          1
          1
          1
          1
          1
          1
          1
          1
          1
          1
          1
          1
   0.999999
   0.999991
    0.99994
   0.999628
    0.99796
   0.989804
    0.95665
    0.84925
   0.627254
   0.369042
   0.195552
    0.10767
  0.0673578
  0.0489657
  0.0417996
  0.0417873
  0.0489494
  0.0673524
   0.107765
   0.195424
   0.369156
   0.627056
   0.849576
   0.956644
   0.989839
   0.997964
   0.999629
   0.999939
   0.999991
   0.999999
          1
          1
          1
          1
          1
          1
          1
          1
          1
          1
          1
          1
          1
          1
          1
          1
          1
          1
          1
          1
          1
          1
          1
          1
          1
          1
          1
          1
          1
   0.999998
   0.999987
     0.9999
   0.999271
    0.99529
   0.972603
   0.870649
   0.589715
   0.265011
  0.0976248
  0.0387934
  0.0186086
   0.011072
 0.00790766
 0.00652284
 0.00598373
 0.00598339
 0.00652762
 0.00790338
   0.011067
  0.0185985
  0.0387919
  0.0974712
   0.264457
   0.589451
   0.870353
   0.972619
   0.995287
   0.999273
   0.999899
   0.999987
   0.999998
          1
          1
          1
          1
          1
          1
          1
          1
          1
          1
          1
          1
          1
          1
          1
          1
          1
          1
          1
          1
          1
          1
          1
          1
          1
          1
          1
   0.999998
   0.999986
   0.999871
   0.998921
   0.991829
   0.945352
   0.734072
   0.333253
  0.0987774
  0.0300771
  0.0121675
  0.0069254
 0.00523089
 0.00470861
 0.00462498
 0.00467799
 0.00473697
 0.00473751
 0.00467697
  0.0046259
 0.00471008
 0.00523897
 0.00692318
  0.0121777
  0.0300845
  0.0988734
   0.333259
   0.733667
   0.945264
   0.991845
   0.998931
   0.999872
   0.999985
   0.999998
          1
          1
          1
          1
          1
          1
          1
          1
          1
          1
          1
          1
          1
          1
          1
          1
          1
          1
          1
          1
          1
          1
          1
          1
          1
   0.999999
   0.999987
   0.999873
   0.998794
   0.989364
   0.919066
   0.605375
   0.193067
  0.0458703
  0.0142019
 0.00719137
  0.0056702
 0.00577089
 0.00649824
  0.0074688
 0.00843383
 0.00921009
 0.00963938
 0.00963635
 0.00920871
 0.00843415
 0.00746664
 0.00649346
 0.00577044
 0.00566611
 0.00719709
  0.0141925
  0.0459565
   0.193522
   0.604764
   0.918749
   0.989401
   0.998802
   0.999873
   0.999987
   0.999999
          1
          1
          1
          1
          1
          1
          1
          1
          1
          1
          1
          1
          1
          1
          1
          1
          1
          1
          1
          1
          1
          1
          1
   0.999999
   0.999991
   0.999902
   0.998962
    0.98949
   0.908579
   0.535734
    0.13511
  0.0287303
  0.0098416
 0.00652173
  0.0067596
 0.00839669
  0.0108683
  0.0138457
  0.0170123
    0.01997
  0.0222766
  0.0235537
  0.0235567
  0.0222717
  0.0199679
  0.0170077
  0.0138466
  0.0108619
 0.00839491
 0.00675693
 0.00652625
  0.0098365
  0.0287296
   0.135693
   0.535003
   0.908341
   0.989534
   0.998963
   0.999902
   0.999991
   0.999999
          1
          1
          1
          1
          1
          1
          1
          1
          1
          1
          1
          1
          1
          1
          1
          1
          1
          1
          1
          1
          1
          1
   0.999995
   0.999942
   0.999303
   0.992089
   0.920785
   0.538048
   0.120785
  0.0233669
 0.00859339
 0.00691565
 0.00857236
  0.0121101
  0.0172802
  0.0238859
  0.0316059
  0.0397686
  0.0474426
  0.0534772
  0.0568256
  0.0568006
  0.0534732
  0.0474299
  0.0397766
  0.0315857
  0.0238866
  0.0172723
  0.0121127
  0.0085712
 0.00691805
  0.0085947
  0.0233296
   0.121097
   0.538256
    0.92043
   0.992111
   0.999309
   0.999942
   0.999995
          1
          1
          1
          1
          1
          1
          1
          1
          1
          1
          1
          1
          1
          1
          1
          1
          1
          1
          1
          1
          1
   0.999998
   0.999974
   0.999651
   0.995496
   0.947971
   0.612662
   0.137611
  0.0235222
  0.0083408
 0.00732909
  0.0101573
   0.015778
  0.0243887
  0.0362212
  0.0512397
  0.0687191
  0.0872142
   0.104445
   0.117873
    0.12523
   0.125233
   0.117851
   0.104448
   0.087178
  0.0687208
  0.0512064
  0.0362167
  0.0243726
  0.0157761
  0.0101583
 0.00733124
 0.00834513
  0.0234612
    0.13818
    0.61343
    0.94761
   0.995529
    0.99965
   0.999974
   0.999998
          1
          1
          1
          1
          1
          1
          1
          1
          1
          1
          1
          1
          1
          1
          1
          1
          1
          1
          1
   0.999999
   0.999991
   0.999866
   0.998079
   0.974261
   0.743727
   0.199799
  0.0293491
 0.00862429
 0.00730281
  0.0107484
  0.0180331
  0.0299641
  0.0475632
  0.0714799
   0.101261
   0.135101
   0.169564
   0.200423
   0.223535
   0.235865
   0.235851
   0.223513
   0.200402
   0.169568
   0.135071
   0.101251
  0.0714503
  0.0475574
  0.0299425
  0.0180257
  0.0107458
 0.00730751
 0.00862067
  0.0293506
   0.199909
   0.743774
   0.974205
   0.998086
   0.999865
   0.999991
   0.999999
          1
          1
          1
          1
          1
          1
          1
          1
          1
          1
          1
          1
          1
          1
          1
          1
          1
          1
   0.999998
    0.99996
   0.999373
   0.990622
   0.877261
   0.347287
  0.0478424
 0.00994324
 0.00684895
  0.0100436
  0.0179129
  0.0319373
  0.0541955
  0.0863672
   0.128597
    0.17875
   0.232086
    0.28257
    0.32451
   0.354001
   0.369117
   0.369107
   0.354005
   0.324493
    0.28254
    0.23206
   0.178718
   0.128566
  0.0863603
  0.0541873
  0.0319186
  0.0178997
  0.0100355
  0.0068476
 0.00996165
  0.0478073
   0.346337
   0.878002
   0.990541
   0.999379
    0.99996
   0.999998
          1
          1
          1
          1
          1
          1
          1
          1
          1
          1
          1
          1
          1
          1
          1
          1
          1
   0.999999
   0.999991
   0.999844
   0.997428
   0.959983
   0.607976
   0.104468
  0.0146365
 0.00645314
 0.00838427
  0.0154756
  0.0295437
  0.0538425
  0.0914644
   0.143567
   0.207848
   0.278144
   0.346352
   0.405105
   0.450087
   0.479814
   0.494482
   0.494474
   0.479803
   0.450065
    0.40509
   0.346313
   0.278108
   0.207798
   0.143524
  0.0914537
  0.0538489
   0.029531
  0.0154724
 0.00837575
 0.00646317
  0.0146434
   0.104369
   0.607897
   0.960195
   0.997412
   0.999846
   0.999991
   0.999999
          1
          1
          1
          1
          1
          1
          1
          1
          1
          1
          1
          1
          1
          1
          1
          1
   0.999998
    0.99997
   0.999464
   0.990644
   0.862117
   0.280813
   0.031883
 0.00725162
 0.00656922
  0.0117406
  0.0237328
  0.0466376
  0.0853234
   0.142757
   0.217258
   0.301468
    0.38499
   0.458276
   0.516116
   0.557384
   0.583411
   0.595892
   0.595892
   0.583401
   0.557374
   0.516095
   0.458251
   0.384936
   0.301437
   0.217234
   0.142732
  0.0853084
  0.0466367
   0.023723
  0.0117376
 0.00657243
 0.00725253
  0.0318714
   0.281466
   0.861529
   0.990746
   0.999458
   0.999971
   0.999998
          1
          1
          1
          1
          1
          1
          1
          1
          1
          1
          1
          1
          1
          1
          1
          1
   0.999995
   0.999914
   0.998366
   0.971022
   0.651118
   0.105745
  0.0127345
 0.00557476
 0.00806694
  0.0166185
   0.035056
   0.069733
   0.126453
   0.205797
   0.300248
   0.397013
    0.48382
   0.553536
    0.60462
    0.63916
   0.660127
   0.669982
   0.669976
   0.660128
    0.63915
   0.604609
   0.553505
   0.483788
   0.396964
   0.300219
   0.205775
   0.126436
  0.0696987
  0.0350504
  0.0166044
 0.00807101
 0.00557968
  0.0127291
   0.105881
   0.651898
   0.970878
   0.998383
   0.999913
   0.999996
          1
          1
          1
          1
          1
          1
          1
          1
          1
          1
          1
          1
          1
          1
          1
   0.999999
   0.999989
   0.999782
   0.995734
   0.923509
   0.397488
  0.0421607
   0.007093
 0.00557017
   0.010358
  0.0228517
  0.0493464
  0.0983856
   0.175151
   0.274632
   0.382333
    0.48247
   0.564817
   0.626144
   0.668492
   0.695801
   0.711824
   0.719175
   0.719175
   0.711818
   0.695795
   0.668477
   0.626131
   0.564795
   0.482434
   0.382286
   0.274579
   0.175132
  0.0983618
  0.0493322
  0.0228487
  0.0103518
 0.00557173
 0.00709489
  0.0422262
   0.396308
   0.924074
     0.9957
   0.999783
   0.999989
   0.999999
          1
          1
          1
          1
          1
          1
          1
          1
          1
          1
          1
          1
          1
          1
   0.999999
   0.999977
    0.99952
   0.990323
    0.83765
   0.214636
  0.0201456
 0.00523229
  0.0061991
  0.0131214
  0.0300977
  0.0659229
   0.130835
   0.226904
   0.341329
    0.45431
   0.551014
   0.625031
   0.676944
   0.710937
   0.731873
   0.743666
   0.748932
   0.748929
   0.743665
   0.731868
   0.710931
   0.676925
   0.625017
   0.550987
   0.454271
   0.341263
   0.226855
   0.130798
  0.0659188
  0.0300754
  0.0131207
 0.00620117
 0.00522866
  0.0201727
   0.214714
   0.837212
   0.990376
   0.999518
   0.999977
   0.999999
          1
          1
          1
          1
          1
          1
          1
          1
          1
          1
          1
          1
          1
          1
   0.999998
   0.999958
   0.999101
   0.981427
   0.719431
   0.120016
  0.0118266
 0.00462288
  0.0070701
  0.0160621
  0.0377252
  0.0834065
    0.16385
   0.275866
   0.398815
   0.511122
   0.601237
   0.666567
   0.710132
    0.73729
   0.753152
   0.761632
   0.765253
   0.765252
    0.76163
   0.753145
    0.73728
   0.710119
   0.666548
   0.601212
   0.511083
   0.398746
   0.275828
   0.163794
  0.0833838
  0.0377274
  0.0160416
 0.00707268
 0.00462509
  0.0118271
    0.11996
   0.720222
     0.9814
   0.999101
   0.999957
   0.999998
          1
          1
          1
          1
          1
          1
          1
          1
          1
          1
          1
          1
          1
          1
   0.999997
   0.999934
   0.998543
   0.969576
   0.603826
  0.0752102
 0.00835027
 0.00448342
 0.00794752
  0.0187787
   0.044881
  0.0996579
    0.19338
   0.316588
   0.442855
   0.551682
   0.635189
   0.693325
    0.73051
   0.752584
   0.764729
   0.770762
   0.773172
   0.773171
   0.770758
   0.764725
   0.752577
   0.730498
   0.693308
   0.635165
    0.55165
   0.442793
   0.316527
   0.193363
  0.0996199
  0.0448739
  0.0187749
  0.0079472
 0.00448262
 0.00835232
  0.0753117
   0.603445
   0.969721
   0.998534
   0.999934
   0.999997
          1
          1
          1
          1
          1
          1
          1
          1
          1
          1
          1
          1
          1
          1
   0.999996
   0.999909
   0.997985
   0.958065
   0.516281
  0.0550392
 0.00681823
 0.00450061
 0.00864271
  0.0209048
  0.0504824
   0.112277
   0.215536
   0.345255
   0.471993
   0.577275
   0.655806
   0.708999
   0.741945
   0.760694
   0.770385
   0.774799
   0.776398
   0.776397
   0.774799
    0.77038
   0.760688
   0.741932
   0.708981
   0.655784
   0.577244
   0.471925
   0.345213
   0.215453
   0.112272
  0.0504693
  0.0208875
 0.00864535
 0.00450028
 0.00682719
  0.0549074
   0.517735
   0.957895
   0.997993
   0.999908
   0.999996
          1
          1
          1
          1
          1
          1
          1
          1
          1
          1
          1
          1
          1
          1
   0.999995
   0.999893
   0.997639
   0.950366
   0.474393
  0.0468741
 0.00623832
 0.00453693
  0.0090333
  0.0220686
  0.0535596
   0.119228
   0.227303
   0.359977
    0.48636
   0.589544
   0.665481
   0.716182
    0.74703
   0.764124
   0.772597
   0.776203
   0.777395
   0.777395
   0.776199
   0.772593
   0.764118
   0.747018
   0.716165
   0.665456
   0.589513
   0.486299
   0.359893
   0.227281
   0.119168
  0.0535616
  0.0220616
 0.00902654
 0.00454037
 0.00623208
  0.0470104
   0.473634
   0.950698
   0.997626
   0.999893
   0.999995
          1
          1
          1
          1
          1
          1
          1
          1
          1
          1
          1
          1
          1
          1
   0.999995
   0.999893
   0.997621
   0.950805
   0.472661
  0.0470543
 0.00623198
 0.00454017
 0.00903053
  0.0220705
  0.0535642
   0.119201
   0.227337
   0.359953
   0.486364
   0.589537
   0.665478
    0.71618
   0.747028
   0.764125
   0.772598
   0.776201
   0.777397
   0.777394
     0.7762
   0.772591
   0.764117
   0.747018
   0.716161
   0.665454
   0.589507
   0.486292
   0.359887
   0.227254
   0.119184
  0.0535642
  0.0220476
  0.0090328
  0.0045389
 0.00623748
  0.0469664
    0.47411
   0.950632
   0.997637
   0.999893
   0.999995
          1
          1
          1
          1
          1
          1
          1
          1
          1
          1
          1
          1
          1
          1
   0.999996
   0.999909
   0.997996
   0.957739
   0.518145
  0.0548764
 0.00682532
 0.00450015
 0.00864394
  0.0208992
  0.0504748
   0.112285
     0.2155
   0.345273
   0.471976
   0.577267
   0.655799
   0.708993
   0.741944
   0.760692
   0.770386
   0.774803
     0.7764
   0.776401
   0.774798
    0.77038
   0.760684
   0.741929
   0.708975
   0.655772
   0.577227
   0.471912
   0.345188
   0.215459
   0.112247
  0.0504617
  0.0208944
  0.0086403
 0.00450061
 0.00682663
  0.0549834
   0.517592
   0.958002
   0.997983
   0.999909
   0.999996
          1
          1
          1
          1
          1
          1
          1
          1
          1
          1
          1
          1
          1
          1
   0.999997
   0.999933
   0.998541
   0.969771
   0.602539
  0.0753862
 0.00834668
  0.0044828
 0.00794376
  0.0187814
  0.0448717
  0.0996381
   0.193393
   0.316548
   0.442841
   0.551659
   0.635177
   0.693315
   0.730502
   0.752583
   0.764728
   0.770763
   0.773174
   0.773171
   0.770761
   0.764722
   0.752573
   0.730487
   0.693293
   0.635147
   0.551623
   0.442767
   0.316512
   0.193316
  0.0996157
  0.0448719
  0.0187626
 0.00794674
 0.00448304
 0.00835256
   0.075335
     0.6036
   0.969677
   0.998544
   0.999933
   0.999997
          1
          1
          1
          1
          1
          1
          1
          1
          1
          1
          1
          1
          1
          1
   0.999998
   0.999958
   0.999104
   0.981329
   0.720556
   0.119703
  0.0118175
 0.00462422
 0.00706802
  0.0160486
  0.0377266
  0.0833849
   0.163832
   0.275839
   0.398775
   0.511098
   0.601211
    0.66655
   0.710121
   0.737277
   0.753147
    0.76163
   0.765253
   0.765251
   0.761623
   0.753139
   0.737267
   0.710101
   0.666523
   0.601178
   0.511044
    0.39871
   0.275774
   0.163788
  0.0833623
   0.037705
  0.0160474
 0.00706809
 0.00462408
  0.0118311
   0.120006
   0.720178
   0.981449
   0.999095
   0.999958
   0.999998
          1
          1
          1
          1
          1
          1
          1
          1
          1
          1
          1
          1
          1
          1
   0.999999
   0.999977
   0.999521
   0.990386
   0.836724
   0.215064
  0.0201445
 0.00522912
 0.00619795
   0.013122
  0.0300769
  0.0659166
    0.13082
   0.226864
   0.341291
   0.454265
    0.55098
   0.625011
   0.676921
   0.710925
   0.731858
   0.743657
   0.748921
    0.74892
   0.743653
   0.731851
   0.710907
   0.676898
   0.624977
   0.550941
    0.45421
   0.341216
   0.226819
   0.130763
  0.0658907
  0.0300823
  0.0131107
 0.00619771
 0.00523334
  0.0201752
   0.214875
   0.837565
    0.99033
   0.999523
   0.999977
   0.999999
          1
          1
          1
          1
          1
          1
          1
          1
          1
          1
          1
          1
          1
          1
   0.999999
   0.999989
   0.999782
   0.995704
   0.924242
   0.396315
  0.0422117
 0.00709226
 0.00556888
  0.0103558
  0.0228435
  0.0493268
  0.0983674
    0.17511
   0.274582
   0.382277
   0.482428
   0.564771
    0.62611
   0.668461
   0.695776
   0.711799
   0.719158
   0.719152
   0.711793
   0.695765
   0.668445
   0.626085
   0.564738
    0.48238
   0.382214
   0.274528
   0.175065
  0.0983244
  0.0493254
  0.0228303
    0.01035
 0.00557445
 0.00709398
  0.0422559
   0.396961
   0.923912
   0.995743
    0.99978
   0.999989
   0.999999
          1
          1
          1
          1
          1
          1
          1
          1
          1
          1
          1
          1
          1
          1
          1
   0.999995
   0.999914
   0.998373
   0.970853
   0.652497
   0.105619
  0.0127422
 0.00557383
 0.00806683
  0.0166119
  0.0350393
  0.0697093
   0.126423
   0.205748
   0.300212
   0.396934
   0.483785
   0.553479
   0.604581
   0.639116
     0.6601
   0.669942
   0.669943
   0.660086
   0.639103
   0.604552
   0.553446
   0.483723
   0.396876
   0.300138
   0.205719
   0.126395
  0.0696859
   0.035029
  0.0166039
 0.00806631
 0.00557511
  0.0127516
   0.105949
   0.651913
    0.97093
   0.998375
   0.999914
   0.999995
          1
          1
          1
          1
          1
          1
          1
          1
          1
          1
          1
          1
          1
          1
          1
          1
   0.999998
    0.99997
    0.99946
   0.990716
     0.8616
   0.281054
  0.0318878
 0.00725217
 0.00656774
  0.0117327
  0.0237189
  0.0466252
  0.0852855
   0.142725
   0.217207
    0.30142
   0.384901
   0.458227
   0.516047
   0.557331
   0.583351
   0.595846
   0.595835
   0.583344
   0.557308
   0.516027
   0.458171
   0.384859
   0.301362
   0.217177
   0.142704
  0.0852637
    0.04661
  0.0237182
  0.0117286
 0.00656655
 0.00725892
  0.0319331
   0.281815
   0.861716
    0.99073
   0.999462
    0.99997
   0.999998
          1
          1
          1
          1
          1
          1
          1
          1
          1
          1
          1
          1
          1
          1
          1
          1
   0.999999
   0.999991
   0.999845
   0.997418
   0.960176
   0.607665
   0.104407
  0.0146473
 0.00645743
 0.00837448
   0.015466
  0.0295299
  0.0538252
  0.0914097
   0.143514
   0.207785
   0.278083
   0.346256
   0.405046
   0.450004
   0.479745
   0.494399
   0.494397
   0.479724
   0.449997
   0.404998
   0.346232
   0.278043
    0.20773
   0.143489
  0.0913894
  0.0538168
  0.0295289
  0.0154613
 0.00837326
 0.00646288
  0.0146543
   0.104545
   0.608149
   0.960129
   0.997425
   0.999844
   0.999991
   0.999999
          1
          1
          1
          1
          1
          1
          1
          1
          1
          1
          1
          1
          1
          1
          1
          1
          1
   0.999998
    0.99996
   0.999375
   0.990579
   0.877663
   0.347065
  0.0478317
  0.0099454
  0.0068523
   0.010029
  0.0178992
  0.0319174
  0.0541686
   0.086323
   0.128534
   0.178684
   0.232028
   0.282488
   0.324432
   0.353927
   0.369044
   0.369035
   0.353927
     0.3244
   0.282457
   0.231986
   0.178638
   0.128521
  0.0863186
  0.0541742
  0.0319175
  0.0178931
  0.0100281
 0.00685333
 0.00995669
  0.0478317
   0.346801
   0.878078
   0.990542
   0.999375
    0.99996
   0.999998
          1
          1
          1
          1
          1
          1
          1
          1
          1
          1
          1
          1
          1
          1
          1
          1
          1
          1
   0.999999
   0.999991
   0.999865
    0.99809
   0.974167
   0.744113
   0.200052
  0.0293811
 0.00861994
 0.00730475
  0.0107397
  0.0180239
   0.029937
  0.0475502
  0.0714367
   0.101219
   0.135027
   0.169503
   0.200342
   0.223437
   0.235763
   0.235769
   0.223435
   0.200335
    0.16948
   0.135021
   0.101198
   0.071432
  0.0475328
  0.0299398
  0.0180176
  0.0107381
 0.00730774
 0.00862444
  0.0293856
   0.200056
   0.744659
   0.974131
   0.998089
   0.999867
   0.999991
   0.999999
          1
          1
          1
          1
          1
          1
          1
          1
          1
          1
          1
          1
          1
          1
          1
          1
          1
          1
          1
   0.999998
   0.999974
   0.999648
   0.995539
   0.947739
   0.613184
   0.137945
  0.0235011
 0.00834676
 0.00732532
  0.0101514
  0.0157666
  0.0243664
  0.0362073
   0.051192
  0.0686879
  0.0871507
   0.104384
   0.117793
   0.125165
   0.125151
   0.117801
   0.104376
  0.0871543
   0.068668
  0.0512035
   0.036182
    0.02437
   0.015763
  0.0101543
 0.00733399
 0.00834746
  0.0235275
   0.138047
   0.613457
   0.947559
   0.995542
    0.99965
   0.999974
   0.999998
          1
          1
          1
          1
          1
          1
          1
          1
          1
          1
          1
          1
          1
          1
          1
          1
          1
          1
          1
          1
          1
   0.999995
   0.999942
   0.999304
   0.992129
   0.920659
   0.538459
   0.120909
   0.023335
 0.00859589
 0.00691113
 0.00856882
  0.0120986
  0.0172672
  0.0238738
  0.0315775
   0.039745
  0.0474115
  0.0534429
  0.0567777
  0.0567809
  0.0534334
  0.0474104
  0.0397367
  0.0315867
  0.0238629
  0.0172669
  0.0120995
 0.00856906
 0.00691719
  0.0085965
  0.0233748
   0.121037
   0.538641
   0.920561
   0.992136
   0.999305
   0.999942
   0.999996
          1
          1
          1
          1
          1
          1
          1
          1
          1
          1
          1
          1
          1
          1
          1
          1
          1
          1
          1
          1
          1
          1
   0.999999
   0.999991
   0.999902
   0.998958
   0.989504
   0.908675
   0.535568
    0.13556
  0.0287295
 0.00984405
 0.00651642
 0.00675616
 0.00838493
  0.0108586
   0.013834
  0.0170002
  0.0199542
   0.022263
  0.0235406
  0.0235338
  0.0222608
  0.0199521
  0.0170012
  0.0138293
  0.0108581
  0.0083889
 0.00675544
  0.0065197
 0.00984897
  0.0287715
    0.13569
   0.535579
   0.908413
   0.989519
   0.998953
   0.999903
   0.999991
   0.999999
          1
          1
          1
          1
          1
          1
          1
          1
          1
          1
          1
          1
          1
          1
          1
          1
          1
          1
          1
          1
          1
          1
          1
   0.999999
   0.999987
   0.999873
   0.998794
   0.989373
   0.919063
   0.605128
    0.19351
  0.0459156
  0.0142165
 0.00718942
 0.00566901
 0.00576361
 0.00649422
  0.0074607
 0.00842874
 0.00920054
 0.00963208
 0.00963005
 0.00920189
 0.00842724
 0.00746052
 0.00649377
 0.00576591
 0.00566479
 0.00719339
  0.0142179
  0.0459932
   0.193736
    0.60589
   0.918824
   0.989403
   0.998791
   0.999874
   0.999987
   0.999999
          1
          1
          1
          1
          1
          1
          1
          1
          1
          1
          1
          1
          1
          1
          1
          1
          1
          1
          1
          1
          1
          1
          1
          1
          1
   0.999998
   0.999986
   0.999872
   0.998928
   0.991832
   0.945403
   0.733582
   0.334041
  0.0987819
    0.03013
  0.0121708
 0.00693218
 0.00523022
 0.00470891
 0.00462133
 0.00467756
 0.00473309
  0.0047356
 0.00467345
 0.00462335
 0.00470792
 0.00523556
 0.00692756
  0.0121932
  0.0301178
  0.0989681
   0.333959
   0.734638
   0.945368
   0.991861
   0.998927
   0.999872
   0.999986
   0.999998
          1
          1
          1
          1
          1
          1
          1
          1
          1
          1
          1
          1
          1
          1
          1
          1
          1
          1
          1
          1
          1
          1
          1
          1
          1
          1
          1
   0.999998
   0.999987
   0.999899
   0.999276
   0.995288
   0.972732
   0.870225
   0.590785
   0.264795
  0.0977919
  0.0387688
  0.0186344
  0.0110671
 0.00791554
 0.00652006
 0.00599069
 0.00598122
 0.00653377
 0.00790954
  0.0110893
  0.0186272
  0.0388989
  0.0975972
   0.265613
   0.589928
   0.870608
   0.972609
   0.995303
   0.999273
   0.999899
   0.999987
   0.999998
          1
          1
          1
          1
          1
          1
          1
          1
          1
          1
          1
          1
          1
          1
          1
          1
          1
          1
          1
          1
          1
          1
          1
          1
          1
          1
          1
          1
          1
   0.999999
   0.999991
    0.99994
   0.999628
   0.997953
   0.989893
   0.956498
   0.850079
     0.6273
   0.370266
   0.195757
   0.108078
  0.0674261
  0.0491678
  0.0418331
  0.0419669
  0.0490338
  0.0675572
   0.107797
   0.196184
   0.369302
   0.628245
   0.849114
   0.956604
   0.989841
   0.997968
    0.99963
    0.99994
   0.999991
   0.999999
          1
          1
          1
          1
          1
          1
          1
          1
          1
          1
          1
          1
          1
          1
          1
          1
          1
          1
          1
          1
          1
          1
          1
          1
          1
          1
          1
          1
          1
          1
          1
   0.999999
   0.999995
   0.999972
   0.999855
   0.999323
   0.997182
   0.989671
    0.96764
   0.914482
   0.818426
   0.691148
   0.569451
   0.480391
   0.437059
   0.436087
   0.481277
   0.568644
   0.692113
   0.817808
   0.914899
    0.96738
   0.989742
   0.997175
   0.999327
   0.999856
   0.999973
   0.999995
   0.999999
          1
          1
          1
          1
          1
          1
          1
          1
          1
          1
          1
          1
          1
          1
          1
          1
          1
          1
          1
          1
          1
          1
          1
          1
          1
          1
          1
          1
          1
          1
          1
          1
          1
          1
   0.999998
    0.99999
   0.999957
    0.99983
   0.999408
   0.998174
   0.995193
   0.989008
    0.97881
   0.965125
   0.951774
   0.942862
   0.943156
   0.951559
   0.965336
   0.978678
   0.989067
   0.995155
    0.99819
   0.999399
    0.99983
   0.999957
    0.99999
   0.999998
          1
          1
          1
          1
          1
          1
          1
          1
          1
          1
          1
          1
          1
          1
          1
          1
          1
          1
          1
          1
          1
          1
          1
          1
          1
          1
          1
          1
          1
          1
          1
          1
          1
          1
          1
          1
          1
   0.999999
   0.999997
    0.99999
   0.999966
   0.999903
   0.999751
   0.999457
   0.998971
   0.998337
   0.997673
   0.997261
   0.997244
   0.997684
   0.998326
   0.998982
   0.999454
   0.999753
   0.999901
   0.999967
    0.99999
   0.999997
   0.999999
          1
          1
          1
          1
          1
          1
          1
          1
          1
          1
          1
          1
          1
          1
          1
          1
          1
          1
          1
          1
          1
          1
          1
          1
          1
          1
          1
          1
          1
          1
          1
          1
          1
          1
          1
          1
          1
          1
          1
          1
   0.999999
   0.999998
   0.999995
   0.999988
   0.999974
   0.999951
   0.999922
   0.999894
   0.999874
   0.999875
   0.999893
   0.999923
   0.999951
   0.999974
   0.999987
   0.999995
   0.999998
   0.999999
          1
          1
          1
          1
          1
          1
          1
          1
          1
          1
          1
          1
          1
          1
          1
          1
          1
          1
          1
          1
          1
          1
          1
          1
          1
          1
          1
          1
          1
          1
          1
          1
          1
          1
          1
          1
          1
          1
          1
          1
          1
          1
          1
          1
          1
   0.999999
   0.999999
   0.999998
   0.999996
   0.999995
   0.999994
   0.999994
   0.999995
   0.999996
   0.999998
   0.999999
   0.999999
          1
          1
          1
          1
          1
          1
          1
          1
          1
          1
          1
          1
          1
          1
          1
          1
          1
          1
          1
          1
          1
          1
          1
          1
          1
          1
          1
          1
          1
          1
          1
          1
          1
          1
          1
          1
          1
          1
          1
          1
          1
          1
          1
          1
          1
          1
          1
          1
          1
          1
          1
          1
          1
          1
          1
          1
          1
          1
          1
          1
          1
          1
          1
          1
          1
          1
          1
          1
          1
          1
          1
          1
          1
          1
          1
          1
          1
          1
          1
          1
          1
          1
          1
          1
          1
          1
          1
          1
          1
          1
          1
          1
          1
          1
          1
          1
          1
          1
          1
          1
          1
          1
          1
          1
          1
          1
          1
          1
          1
          1
          1
          1
          1
          1
          1
          1
          1
          1
          1
          1
          1
          1
          1
          1
          1
          1
          1
          1
          1
          1
          1
          1
          1
          1
          1
          1
          1
          1
          1
          1
          1
          1
          1
          1
          1
          1
          1
          1
          1
          1
          1
          1
          1
          1
          1
          1
          1
          1
          1
          1
          1
          1
          1
          1
          1
          1
          1
          1
          1
          1
          1
          1
          1
          1
          1
          1
          1
          1
          1
          1
          1
          1
          1
          1
          1
          1
          1
          1
          1
          1
          1
          1
          1
          1
          1
          1
          1
          1
          1
          1
          1
          1
          1
          1
          1
          1
          1
          1
          1
          1
          1
          1
          1
          1
          1
          1
          1
          1
          1
          1
          1
          1
          1
          1
          1
          1
          1
          1
          1
          1
          1
          1
          1
          1
          1
          1
          1
          1
          1
          1
          1
          1
          1
          1
          1
          1
          1
          1
          1
          1
          1
          1
          1
          1
          1
          1
          1
          1
          1
          1
          1
          1
          1
          1
          1
          1
          1
          1
          1
          1
          1
          1
          1
          1
          1
          1
          1
          1
          1
          1
          1
          1
          1
          1
          1
          1
          1
          1
          1
          1
          1
          1
          1
          1
          1
          1
          1
          1
          1
          1
          1
          1
          1
          1
          1
          1
          1
          1
          1
          1
          1
          1
          1
          1
          1
          1
          1
          1
          1
          1
          1
          1
          1
          1
          1
          1
          1
          1
          1
          1
          1
          1
          1
          1
          1
          1
          1
          1
          1
          1
          1
          1
          1
          1
          1
          1
          1
          1
          1
          1
          1
          1
          1
          1
          1
          1
          1
          1
          1
          1
          1
          1
          1
          1
          1
          1
          1
          1
          1
          1
          1
          1
          1
          1
          1
          1
          1
          1
          1
          1
          1
          1
          1
          1
          1
          1
          1
          1
          1
          1
          1
          1
          1
          1
          1
          1
          1
          1
          1
          1
          1
          1
          1
          1
          1
          1
          1
          1
          1
          1
          1
          1
          1
          1
          1
          1
          1
          1
          1
          1
          1
          1
          1
          1
          1
          1
          1
          1
          1
          1
          1
          1
          1
          1
          1
          1
          1
          1
          1
          1
          1
          1
          1
          1
          1
          1
          1
          1
          1
          1
          1
          1
          1
          1
          1
          1
          1
          1
          1
          1
          1
          1
          1
          1
          1
          1
          1
          1
          1
          1
          1
          1
          1
          1
          1
          1
          1
          1
          1
          1
          1
          1
          1
          1
          1
          1
          1
          1
          1
          1
          1
          1
          1
          1
          1
          1
          1
          1
          1
          1
          1
          1
          1
          1
          1
          1
          1
          1
          1
          1
          1
          1
          1
          1
          1
          1
          1
          1
          1
          1
          1
          1
          1
          1
          1
          1
          1
          1
          1
          1
          1
          1
          1
          1
          1
          1
          1
          1
          1
          1
          1
          1
          1
          1
          1
          1
          1
          1
          1
          1
          1
          1
          1
          1
          1
          1
          1
          1
          1
          1
          1
          1
          1
          1
          1
          1
          1
          1
          1
          1
          1
          1
          1
          1
          1
          1
          1
          1
          1
          1
          1
          1
          1
          1
          1
          1
          1
          1
          1
          1
          1
          1
          1
          1
          1
          1
          1
          1
          1
          1
          1
          1
          1
          1
          1
          1
          1
          1
          1
          1
          1
          1
          1
          1
          1
          1
          1
          1
          1
          1
          1
          1
          1
          1
          1
          1
          1
          1
          1
          1
          1
          1
          1
          1
          1
          1
          1
          1
          1
          1
          1
          1
          1
          1
          1
          1
          1
          1
          1
          1
          1
          1
          1
          1
          1
          1
          1
          1
          1
          1
          1
          1
          1
          1
          1
          1
          1
          1
          1
          1
          1
          1
          1
          1
          1
          1
          1
          1
          1
          1
          1
          1
          1
          1
          1
          1
          1
          1
          1
          1
          1
          1
          1
          1
          1
          1
          1
          1
          1
          1
          1
          1
          1
          1
          1
          1
          1
          1
          1
          1
          1
          1
          1
          1
          1
          1
          1
          1
          1
          1
          1
          1
          1
          1
          1
          1
          1
          1
          1
          1
          1
          1
          1
          1
          1
          1
          1
          1
          1
          1
          1
          1
          1
          1
          1
          1
          1
          1
          1
          1
          1
          1
          1
          1
          1
          1
          1
          1
          1
          1
          1
          1
          1
          1
          1
          1
          1
          1
          1
          1
          1
          1
          1
          1
          1
          1
          1
          1
          1
          1
          1
          1
          1
          1
          1
          1
          1
          1
          1
          1
          1
          1
          1
          1
          1
          1
          1
          1
          1
          1
          1
          1
          1
          1
          1
          1
          1
          1
          1
          1
          1
          1
          1
          1
          1
          1
          1
          1
          1
          1
          1
          1
          1
          1
          1
          1
          1
          1
          1
          1
          1
          1
          1
          1
          1
          1
          1
          1
          1
          1
          1
          1
          1
          1
          1
          1
          1
          1
          1
          1
          1
          1
          1
          1
          1
          1
          1
          1
          1
          1
          1
          1
          1
          1
          1
          1
          1
          1
          1
          1
          1
          1
          1
          1
          1
          1
          1
          1
          1
          1
          1
          1
          1
          1
          1
          1
          1
          1
          1
          1
   0.999999
   0.999999
   0.999999
   0.999998
   0.999998
   0.999999
   0.999999
   0.999999
          1
          1
          1
          1
          1
          1
          1
          1
          1
          1
          1
          1
          1
          1
          1
          1
          1
          1
          1
          1
          1
          1
          1
          1
          1
          1
          1
          1
          1
          1
          1
          1
          1
          1
          1
          1
          1
          1
          1
          1
          1
          1
          1
          1
          1
          1
          1
          1
   0.999999
   0.999998
   0.999996
   0.999992
   0.999986
   0.999978
    0.99997
   0.999965
   0.999965
    0.99997
   0.999978
   0.999986
   0.999992
   0.999996
   0.999998
   0.999999
          1
          1
          1
          1
          1
          1
          1
          1
          1
          1
          1
          1
          1
          1
          1
          1
          1
          1
          1
          1
          1
          1
          1
          1
          1
          1
          1
          1
          1
          1
          1
          1
          1
          1
          1
          1
          1
          1
          1
          1
          1
          1
   0.999999
   0.999997
    0.99999
   0.999973
   0.999932
   0.999855
   0.999729
   0.999567
   0.999403
   0.999299
   0.999298
   0.999405
   0.999566
    0.99973
   0.999855
   0.999932
   0.999973
    0.99999
   0.999997
   0.999999
          1
          1
          1
          1
          1
          1
          1
          1
          1
          1
          1
          1
          1
          1
          1
          1
          1
          1
          1
          1
          1
          1
          1
          1
          1
          1
          1
          1
          1
          1
          1
          1
          1
          1
          1
          1
          1
          1
   0.999999
   0.999997
   0.999988
   0.999953
    0.99984
   0.999525
   0.998773
   0.997242
   0.994753
   0.991417
   0.988092
   0.985946
   0.985972
   0.988095
   0.991434
    0.99475
   0.997245
   0.998778
   0.999524
   0.999841
   0.999953
   0.999988
   0.999997
   0.999999
          1
          1
          1
          1
          1
          1
          1
          1
          1
          1
          1
          1
          1
          1
          1
          1
          1
          1
          1
          1
          1
          1
          1
          1
          1
          1
          1
          1
          1
          1
          1
          1
          1
          1
          1
   0.999999
   0.999992
    0.99996
   0.999818
   0.999273
   0.997414
   0.991997
   0.978473
   0.951713
   0.908385
   0.855868
   0.807309
   0.779153
    0.77879
   0.807469
   0.855773
   0.908485
   0.951594
   0.978511
   0.991983
   0.997404
   0.999272
   0.999819
    0.99996
   0.999992
   0.999999
          1
          1
          1
          1
          1
          1
          1
          1
          1
          1
          1
          1
          1
          1
          1
          1
          1
          1
          1
          1
          1
          1
          1
          1
          1
          1
          1
          1
          1
          1
          1
          1
          1
   0.999997
   0.999983
   0.999899
   0.999459
   0.997448
    0.98914
   0.960605
   0.881275
   0.726223
   0.524455
   0.355451
   0.245256
   0.186796
   0.161783
   0.162036
   0.186872
   0.245754
   0.355068
   0.525336
   0.726024
   0.881315
   0.960461
   0.989161
   0.997421
   0.999463
   0.999898
   0.999983
   0.999997
          1
          1
          1
          1
          1
          1
          1
          1
          1
          1
          1
          1
          1
          1
          1
          1
          1
          1
          1
          1
          1
          1
          1
          1
          1
          1
          1
          1
          1
          1
          1
   0.999996
   0.999971
   0.999805
   0.998771
   0.993113
   0.965771
   0.863516
   0.615749
   0.324393
   0.145746
  0.0689936
   0.037547
  0.0243194
   0.018443
  0.0161726
  0.0161571
  0.0184433
  0.0243187
  0.0375699
  0.0689991
   0.145757
   0.323865
   0.615962
   0.863227
    0.96597
   0.993078
   0.998781
   0.999803
   0.999971
   0.999996
          1
          1
          1
          1
          1
          1
          1
          1
          1
          1
          1
          1
          1
          1
          1
          1
          1
          1
          1
          1
          1
          1
          1
          1
          1
          1
          1
          1
          1
   0.999996
   0.999964
   0.999717
   0.997886
    0.98611
   0.921488
   0.687848
   0.321872
   0.110322
  0.0392313
  0.0174842
  0.0100999
 0.00730812
 0.00615263
 0.00568384
 0.00552074
 0.00551803
 0.00568545
 0.00615441
 0.00731035
  0.0100902
  0.0175046
  0.0391791
   0.110338
    0.32204
   0.687484
   0.921805
   0.986085
   0.997903
   0.999713
   0.999965
   0.999996
          1
          1
          1
          1
          1
          1
          1
          1
          1
          1
          1
          1
          1
          1
          1
          1
          1
          1
          1
          1
          1
          1
          1
          1
          1
          1
          1
   0.999996
   0.999965
   0.999683
   0.997258
   0.979127
   0.867878
   0.510089
    0.16294
  0.0449863
  0.0160718
 0.00861867
 0.00657217
  0.0062158
 0.00647886
 0.00694398
 0.00737123
 0.00762239
 0.00762399
 0.00736985
 0.00694631
 0.00648156
  0.0062244
 0.00656807
 0.00862957
  0.0160794
  0.0450052
   0.163099
   0.509923
   0.868226
   0.979065
   0.997298
   0.999679
   0.999965
   0.999996
          1
          1
          1
          1
          1
          1
          1
          1
          1
          1
          1
          1
          1
          1
          1
          1
          1
          1
          1
          1
          1
          1
          1
          1
          1
   0.999997
   0.999972
   0.999725
   0.997307
   0.976404
     0.8322
    0.40217
  0.0992395
   0.025278
  0.0103246
 0.00727353
 0.00730287
 0.00850932
   0.010299
  0.0122989
  0.0141931
  0.0156856
  0.0165127
  0.0165027
  0.0156854
  0.0141953
  0.0123011
  0.0102922
  0.0085135
 0.00729965
  0.0072827
  0.0103279
  0.0253028
  0.0995261
   0.401433
   0.832302
   0.976281
   0.997348
    0.99972
   0.999972
   0.999997
          1
          1
          1
          1
          1
          1
          1
          1
          1
          1
          1
          1
          1
          1
          1
          1
          1
          1
          1
          1
          1
          1
          1
   0.999999
   0.999984
   0.999814
    0.99797
    0.97965
   0.833515
   0.369498
  0.0777289
  0.0188863
 0.00880506
 0.00772529
 0.00933951
   0.012425
  0.0166167
  0.0215056
   0.026686
  0.0314934
  0.0352448
  0.0373154
  0.0373245
  0.0352336
  0.0314982
  0.0266772
  0.0215185
  0.0166085
  0.0124347
 0.00933761
   0.007732
  0.0088136
  0.0188889
  0.0780333
   0.368863
   0.833598
    0.97955
   0.997995
   0.999813
   0.999983
   0.999999
          1
          1
          1
          1
          1
          1
          1
          1
          1
          1
          1
          1
          1
          1
          1
          1
          1
          1
          1
          1
          1
   0.999999
   0.999993
   0.999904
   0.998837
    0.98677
   0.871558
   0.406728
  0.0784716
  0.0174254
 0.00847255
 0.00844585
   0.011514
  0.0168186
  0.0243128
  0.0337329
  0.0446708
  0.0561096
  0.0667709
  0.0750555
  0.0796276
  0.0796005
  0.0750619
  0.0667492
  0.0561297
  0.0446473
  0.0337436
  0.0242969
  0.0168355
   0.011511
 0.00845465
 0.00847997
  0.0173847
  0.0787249
   0.406357
   0.871607
   0.986686
   0.998843
   0.999904
   0.999993
   0.999999
          1
          1
          1
          1
          1
          1
          1
          1
          1
          1
          1
          1
          1
          1
          1
          1
          1
          1
          1
          1
   0.999997
   0.999963
   0.999493
   0.993563
   0.925208
   0.520026
   0.101812
  0.0191101
 0.00847181
  0.0087375
  0.0128663
  0.0202629
  0.0313514
   0.046316
  0.0650449
  0.0863859
    0.10853
    0.12871
   0.144175
    0.15256
   0.152569
   0.144156
   0.128721
   0.108482
  0.0864005
  0.0650147
  0.0463242
   0.031329
  0.0202786
  0.0128592
 0.00874748
 0.00847199
  0.0190861
   0.101996
   0.519871
   0.925337
   0.993516
   0.999494
   0.999963
   0.999997
          1
          1
          1
          1
          1
          1
          1
          1
          1
          1
          1
          1
          1
          1
          1
          1
          1
          1
          1
   0.999999
   0.999989
   0.999832
   0.997606
   0.968041
   0.698806
   0.169284
  0.0259399
 0.00880483
 0.00838019
  0.0127925
  0.0214859
  0.0354647
  0.0556431
  0.0825487
   0.115257
   0.151543
   0.187607
   0.219242
   0.242546
   0.254867
   0.254858
   0.242535
   0.219208
   0.187619
   0.151507
   0.115243
  0.0825178
  0.0556472
  0.0354397
   0.021494
  0.0127891
 0.00838726
 0.00881481
  0.0258996
   0.169203
   0.699521
   0.968038
    0.99761
   0.999833
   0.999989
   0.999999
          1
          1
          1
          1
          1
          1
          1
          1
          1
          1
          1
          1
          1
          1
          1
          1
          1
          1
   0.999997
   0.999957
   0.999327
   0.989961
   0.871466
   0.335066
  0.0469146
  0.0104088
 0.00761056
  0.0113221
  0.0200103
  0.0352367
  0.0588568
  0.0923603
   0.135409
   0.185604
   0.238133
   0.287244
    0.32765
   0.355927
   0.370355
   0.370347
   0.355904
   0.327642
   0.287205
   0.238127
   0.185556
   0.135398
  0.0923477
  0.0588728
  0.0352095
  0.0200181
  0.0113083
 0.00761743
  0.0104262
  0.0467705
    0.33502
   0.871761
   0.989912
   0.999338
   0.999957
   0.999997
          1
          1
          1
          1
          1
          1
          1
          1
          1
          1
          1
          1
          1
          1
          1
          1
          1
          1
   0.999991
   0.999857
   0.997633
   0.963664
   0.635239
   0.116325
   0.016586
 0.00718699
 0.00909002
  0.0164247
  0.0307612
  0.0549937
  0.0918706
   0.142144
   0.203695
   0.270859
   0.336112
   0.392441
   0.435643
   0.464226
   0.478338
   0.478343
   0.464214
   0.435618
    0.39241
   0.336076
   0.270822
   0.203668
   0.142121
  0.0918614
  0.0549976
  0.0307515
  0.0164238
 0.00908406
 0.00718893
  0.0165863
   0.116508
   0.634634
   0.963849
   0.997634
   0.999858
   0.999991
          1
          1
          1
          1
          1
          1
          1
          1
          1
          1
          1
          1
          1
          1
          1
          1
          1
   0.999999
   0.999976
   0.999578
   0.992707
   0.891492
   0.343441
  0.0416043
 0.00872417
 0.00708967
  0.0120015
  0.0235824
  0.0452215
  0.0812056
   0.134056
   0.202779
    0.28141
     0.3607
   0.431268
   0.487522
   0.527861
   0.553349
   0.565586
   0.565585
   0.553331
   0.527841
   0.487487
   0.431236
   0.360636
     0.2814
   0.202751
   0.134047
  0.0811777
  0.0452263
   0.023567
  0.0120048
 0.00709387
 0.00870457
  0.0416684
   0.344273
   0.891302
   0.992818
   0.999572
   0.999976
   0.999999
          1
          1
          1
          1
          1
          1
          1
          1
          1
          1
          1
          1
          1
          1
          1
          1
   0.999997
   0.999941
   0.998916
   0.980724
    0.74683
   0.157964
  0.0183932
 0.00650672
  0.0081692
  0.0159483
  0.0325695
  0.0632395
   0.112923
   0.183073
   0.268738
   0.359511
   0.443354
   0.512092
   0.563083
   0.597797
   0.618982
   0.628965
   0.628957
   0.618971
   0.597782
   0.563059
   0.512062
   0.443305
   0.359465
   0.268714
   0.183074
   0.112909
  0.0632185
  0.0325665
  0.0159294
 0.00817898
 0.00650322
   0.018393
   0.158172
   0.747087
   0.980814
   0.998912
   0.999941
   0.999997
          1
          1
          1
          1
          1
          1
          1
          1
          1
          1
          1
          1
          1
          1
          1
          1
   0.999993
   0.999873
   0.997576
   0.956687
   0.554182
  0.0751121
  0.0104724
 0.00604709
 0.00981725
  0.0205556
   0.042951
  0.0836935
   0.148025
   0.234295
   0.332688
   0.428867
   0.510953
   0.573616
   0.617676
    0.64652
   0.663667
   0.671611
   0.671615
   0.663659
    0.64651
   0.617651
   0.573596
   0.510908
   0.428823
   0.332647
   0.234265
   0.148001
  0.0836784
  0.0429361
  0.0205462
 0.00981907
 0.00604545
   0.010465
  0.0752045
   0.553893
   0.956963
   0.997558
   0.999873
   0.999993
          1
          1
          1
          1
          1
          1
          1
          1
          1
          1
          1
          1
          1
          1
          1
   0.999999
   0.999988
   0.999762
   0.995387
   0.918559
   0.381838
  0.0409918
 0.00744172
 0.00623173
  0.0116652
  0.0254143
  0.0537789
    0.10487
   0.182857
   0.282115
   0.387858
   0.484117
   0.561025
   0.616785
   0.654456
   0.678391
   0.692279
   0.698614
   0.698613
   0.692273
   0.678383
   0.654445
   0.616761
   0.560993
   0.484078
   0.387802
   0.282087
   0.182821
   0.104837
  0.0537782
   0.025392
  0.0116695
 0.00623514
 0.00743036
  0.0409833
   0.382477
   0.918755
   0.995377
   0.999762
   0.999988
   0.999999
          1
          1
          1
          1
          1
          1
          1
          1
          1
          1
          1
          1
          1
          1
   0.999999
   0.999981
   0.999624
   0.992491
   0.870812
   0.268904
  0.0263681
 0.00617701
  0.0066259
  0.0134193
  0.0299048
  0.0638477
    0.12414
   0.213377
   0.321467
   0.430187
   0.523729
     0.5951
   0.645007
   0.677769
   0.698038
   0.709528
   0.714671
   0.714668
   0.709523
   0.698032
   0.677756
   0.644989
    0.59507
   0.523682
   0.430126
   0.321402
   0.213358
   0.124086
  0.0638478
  0.0298804
  0.0134198
  0.0066241
 0.00617175
  0.0264063
    0.26869
   0.871715
   0.992441
   0.999625
   0.999981
   0.999999
          1
          1
          1
          1
          1
          1
          1
          1
          1
          1
          1
          1
          1
          1
   0.999999
   0.999975
   0.999482
   0.989591
   0.827985
   0.205971
  0.0199471
 0.00564947
 0.00699504
  0.0147795
  0.0333993
  0.0716596
   0.138863
   0.235872
      0.349
   0.458182
   0.548753
   0.615875
   0.661751
   0.691246
   0.709115
   0.719019
   0.723373
   0.723375
   0.719016
   0.709113
   0.691238
   0.661735
   0.615846
   0.548717
   0.458109
   0.348946
   0.235796
   0.138855
  0.0716257
  0.0333727
  0.0147791
 0.00699431
  0.0056395
  0.0199422
   0.206544
   0.828128
   0.989605
   0.999483
   0.999975
   0.999999
          1
          1
          1
          1
          1
          1
          1
          1
          1
          1
          1
          1
          1
          1
   0.999999
    0.99997
   0.999397
   0.987828
   0.801578
   0.180114
  0.0174341
 0.00545868
 0.00721558
  0.0155373
  0.0353171
  0.0759299
   0.146875
   0.247716
   0.363048
   0.471998
   0.560762
   0.625647
   0.669494
    0.69738
   0.714052
   0.723164
   0.727129
   0.727128
   0.723168
   0.714047
    0.69737
   0.669479
    0.62562
   0.560716
   0.471938
   0.362964
   0.247699
   0.146793
  0.0759288
   0.035288
  0.0155335
 0.00721636
 0.00545007
  0.0174714
   0.179837
   0.802893
   0.987784
   0.999402
   0.999971
   0.999999
          1
          1
          1
          1
          1
          1
          1
          1
          1
          1
          1
          1
          1
          1
   0.999999
   0.999971
   0.999398
   0.987761
   0.802885
    0.17962
  0.0174468
 0.00545843
 0.00721492
  0.0155344
  0.0353169
  0.0759378
   0.146843
   0.247736
   0.363028
   0.472001
   0.560753
    0.62564
   0.669494
   0.697375
    0.71405
   0.723166
   0.727126
   0.727129
   0.723165
   0.714048
   0.697366
   0.669479
   0.625618
   0.560719
   0.471916
   0.362981
   0.247664
   0.146817
  0.0759078
  0.0352847
  0.0155376
 0.00721589
 0.00545091
  0.0174534
   0.180003
    0.80283
   0.987806
   0.999399
   0.999971
   0.999999
          1
          1
          1
          1
          1
          1
          1
          1
          1
          1
          1
          1
          1
          1
   0.999999
   0.999975
   0.999483
   0.989627
   0.827372
   0.206627
  0.0199403
 0.00564651
 0.00699521
  0.0147823
  0.0333949
  0.0716554
   0.138871
   0.235849
   0.349008
    0.45817
   0.548746
   0.615869
   0.661746
   0.691248
   0.709115
   0.719021
   0.723378
   0.723376
   0.719021
   0.709112
   0.691238
   0.661728
   0.615843
   0.548702
    0.45811
   0.348906
   0.235812
   0.138811
  0.0716285
  0.0333727
  0.0147732
 0.00699654
 0.00563666
  0.0199692
   0.206419
   0.828263
    0.98961
   0.999484
   0.999975
   0.999999
          1
          1
          1
          1
          1
          1
          1
          1
          1
          1
          1
          1
          1
          1
   0.999999
   0.999981
   0.999621
   0.992468
   0.871387
   0.268539
  0.0263801
 0.00618164
 0.00662553
  0.0134152
  0.0299063
  0.0638362
   0.124141
   0.213384
   0.321445
   0.430179
   0.523709
   0.595086
      0.645
   0.677758
   0.698035
   0.709524
   0.714671
   0.714671
   0.709521
    0.69803
   0.677748
   0.644981
   0.595055
   0.523671
   0.430089
   0.321399
    0.21329
   0.124096
  0.0638251
  0.0298708
  0.0134164
 0.00662351
  0.0061728
  0.0263839
   0.268921
   0.871598
   0.992458
   0.999624
   0.999981
   0.999999
          1
          1
          1
          1
          1
          1
          1
          1
          1
          1
          1
          1
          1
          1
   0.999999
   0.999988
   0.999764
   0.995388
   0.918191
   0.382598
  0.0409765
 0.00744004
 0.00623468
  0.0116678
  0.0254027
  0.0537889
   0.104836
   0.182858
   0.282103
   0.387832
   0.484094
   0.561009
   0.616763
   0.654449
   0.678379
   0.692274
   0.698608
   0.698607
   0.692269
   0.678373
   0.654429
    0.61674
   0.560966
   0.484027
   0.387769
   0.282023
   0.182803
   0.104797
  0.0537629
  0.0253838
  0.0116634
 0.00623271
 0.00742899
  0.0410608
   0.382203
   0.918832
   0.995369
   0.999764
   0.999988
   0.999999
          1
          1
          1
          1
          1
          1
          1
          1
          1
          1
          1
          1
          1
          1
          1
   0.999993
   0.999872
   0.997569
   0.956913
   0.553374
  0.0751276
  0.0104832
 0.00604597
 0.00981825
  0.0205581
  0.0429292
  0.0837023
   0.147995
   0.234272
   0.332666
   0.428836
   0.510912
   0.573598
   0.617647
   0.646506
    0.66365
   0.671598
   0.671596
   0.663642
   0.646488
   0.617633
   0.573562
   0.510861
   0.428783
   0.332589
   0.234234
   0.147931
  0.0836723
  0.0429164
  0.0205351
 0.00981377
 0.00604606
  0.0104722
   0.075117
   0.554493
   0.956831
   0.997579
   0.999873
   0.999993
          1
          1
          1
          1
          1
          1
          1
          1
          1
          1
          1
          1
          1
          1
          1
          1
   0.999997
   0.999941
   0.998917
   0.980648
   0.747526
   0.157948
  0.0183916
 0.00650757
 0.00817353
  0.0159437
  0.0325665
  0.0632028
   0.112921
   0.183028
   0.268713
   0.359459
   0.443319
   0.512047
   0.563056
   0.597766
   0.618961
   0.628937
   0.628936
   0.618944
   0.597751
    0.56302
   0.512005
   0.443259
   0.359377
   0.268653
   0.182982
   0.112886
  0.0631855
  0.0325506
   0.015925
 0.00817231
 0.00650191
  0.0183905
   0.158419
   0.747044
   0.980842
   0.998909
   0.999941
   0.999997
          1
          1
          1
          1
          1
          1
          1
          1
          1
          1
          1
          1
          1
          1
          1
          1
   0.999999
   0.999976
   0.999578
   0.992754
   0.891206
   0.343728
  0.0416535
 0.00871157
 0.00709206
  0.0120024
  0.0235639
   0.045224
  0.0811642
   0.134052
   0.202725
   0.281395
   0.360624
   0.431242
   0.487464
   0.527824
   0.553299
   0.565557
   0.565542
   0.553293
   0.527791
   0.487429
   0.431177
   0.360576
    0.28134
     0.2027
   0.134024
  0.0811386
  0.0452177
  0.0235574
  0.0119938
   0.007089
 0.00871764
  0.0416555
   0.344171
    0.89142
   0.992796
   0.999576
   0.999976
   0.999999
          1
          1
          1
          1
          1
          1
          1
          1
          1
          1
          1
          1
          1
          1
          1
          1
   0.999999
   0.999992
   0.999856
   0.997629
   0.963741
   0.635135
   0.116275
   0.016602
 0.00718681
 0.00909302
  0.0164209
  0.0307341
  0.0550079
   0.091828
   0.142118
   0.203649
   0.270831
   0.336052
   0.392401
   0.435581
   0.464192
   0.478295
   0.478293
   0.464162
    0.43557
   0.392358
   0.336013
    0.27077
   0.203602
   0.142099
  0.0917739
  0.0549794
  0.0307325
  0.0164114
 0.00907878
 0.00718849
  0.0165966
   0.116483
   0.635302
   0.963784
   0.997641
   0.999857
   0.999992
          1
          1
          1
          1
          1
          1
          1
          1
          1
          1
          1
          1
          1
          1
          1
          1
          1
          1
   0.999997
   0.999958
   0.999328
   0.989954
   0.871608
   0.335416
  0.0468115
  0.0104197
 0.00761772
  0.0113118
  0.0200226
  0.0352001
  0.0588656
   0.092317
    0.13538
   0.185536
   0.238092
   0.287179
   0.327612
   0.355858
   0.370304
   0.370288
   0.355847
   0.327564
   0.287147
    0.23805
   0.185474
   0.135358
  0.0922863
  0.0588622
  0.0352076
  0.0200072
  0.0113004
 0.00761015
  0.0104291
  0.0468436
   0.335387
   0.871535
   0.989928
   0.999336
   0.999957
   0.999997
          1
          1
          1
          1
          1
          1
          1
          1
          1
          1
          1
          1
          1
          1
          1
          1
          1
          1
   0.999999
   0.999989
   0.999833
   0.997606
   0.968053
   0.699058
   0.169551
  0.0259135
 0.00881609
 0.00838292
  0.0127749
  0.0214992
  0.0354323
  0.0556458
  0.0825036
   0.115226
   0.151475
   0.187556
   0.219186
    0.24249
   0.254797
   0.254797
   0.242469
   0.219161
   0.187554
   0.151467
   0.115227
  0.0824967
   0.055633
  0.0354277
  0.0214834
  0.0127743
 0.00838509
  0.0088146
  0.0259045
   0.169351
   0.699432
   0.968026
    0.99761
   0.999834
   0.999989
   0.999999
          1
          1
          1
          1
          1
          1
          1
          1
          1
          1
          1
          1
          1
          1
          1
          1
          1
          1
          1
   0.999997
   0.999963
   0.999494
   0.993573
   0.925182
   0.520177
   0.102065
  0.0191006
 0.00847962
  0.0087447
    0.01285
   0.020269
  0.0313181
  0.0463191
  0.0649929
   0.086363
   0.108468
   0.128659
   0.144113
   0.152503
   0.152501
   0.144101
   0.128648
   0.108466
  0.0863546
  0.0649893
  0.0462866
  0.0313158
  0.0202594
  0.0128528
 0.00874781
 0.00848279
  0.0190888
   0.102115
   0.520553
   0.925138
   0.993546
   0.999493
   0.999963
   0.999997
          1
          1
          1
          1
          1
          1
          1
          1
          1
          1
          1
          1
          1
          1
          1
          1
          1
          1
          1
          1
   0.999999
   0.999993
   0.999904
   0.998844
   0.986748
   0.871652
   0.406267
  0.0786667
  0.0173919
 0.00847965
 0.00844709
   0.011506
  0.0168238
  0.0242838
  0.0337316
  0.0446296
  0.0560916
  0.0667359
  0.0750239
  0.0795745
   0.079574
  0.0750134
  0.0667299
  0.0560771
  0.0446375
  0.0337137
   0.024291
  0.0168146
  0.0115066
 0.00844965
 0.00847621
  0.0173846
  0.0787157
   0.406898
   0.871348
   0.986799
   0.998833
   0.999905
   0.999993
   0.999999
          1
          1
          1
          1
          1
          1
          1
          1
          1
          1
          1
          1
          1
          1
          1
          1
          1
          1
          1
          1
          1
   0.999999
   0.999984
   0.999814
   0.997977
   0.979547
   0.834212
   0.368639
  0.0779784
  0.0188765
  0.0088158
  0.0077201
 0.00933442
  0.0124246
  0.0166001
  0.0214986
  0.0266614
  0.0314676
  0.0352217
  0.0372967
  0.0372883
  0.0352121
  0.0314682
  0.0266692
  0.0214907
  0.0165962
   0.012416
 0.00932865
 0.00771757
 0.00880933
  0.0188799
  0.0781084
   0.369203
   0.833415
   0.979688
   0.997966
   0.999814
   0.999984
   0.999999
          1
          1
          1
          1
          1
          1
          1
          1
          1
          1
          1
          1
          1
          1
          1
          1
          1
          1
          1
          1
          1
          1
          1
   0.999997
   0.999973
   0.999722
   0.997323
   0.976308
   0.832664
   0.401994
  0.0995392
  0.0252871
  0.0103444
 0.00727243
 0.00729783
 0.00850442
  0.0102868
  0.0122848
  0.0141812
  0.0156674
  0.0164895
  0.0164886
  0.0156637
  0.0141796
  0.0122813
  0.0102881
 0.00849992
 0.00729547
 0.00727081
  0.0103428
  0.0252865
  0.0996275
   0.401806
   0.831912
   0.976405
   0.997306
   0.999723
   0.999972
   0.999997
          1
          1
          1
          1
          1
          1
          1
          1
          1
          1
          1
          1
          1
          1
          1
          1
          1
          1
          1
          1
          1
          1
          1
          1
          1
   0.999996
   0.999965
    0.99968
   0.997284
   0.979047
   0.868014
   0.510045
   0.163241
  0.0449425
   0.016105
 0.00862203
  0.0065769
  0.0062157
 0.00647996
 0.00693988
 0.00736832
 0.00761859
  0.0076184
 0.00736516
  0.0069398
 0.00648191
 0.00621517
 0.00657323
 0.00862455
  0.0161043
  0.0449563
   0.163341
   0.510382
   0.868099
   0.979204
   0.997276
   0.999683
   0.999964
   0.999996
          1
          1
          1
          1
          1
          1
          1
          1
          1
          1
          1
          1
          1
          1
          1
          1
          1
          1
          1
          1
          1
          1
          1
          1
          1
          1
          1
   0.999996
   0.999965
   0.999715
   0.997899
   0.986108
   0.921799
   0.687289
   0.322651
   0.110194
  0.0392715
  0.0174762
  0.0101028
 0.00729911
 0.00615513
 0.00568022
 0.00551951
 0.00551233
 0.00568425
 0.00615191
 0.00730727
  0.0101103
  0.0174849
  0.0392224
   0.110297
   0.322387
   0.687918
   0.921627
   0.986191
   0.997894
   0.999715
   0.999964
   0.999996
          1
          1
          1
          1
          1
          1
          1
          1
          1
          1
          1
          1
          1
          1
          1
          1
          1
          1
          1
          1
          1
          1
          1
          1
          1
          1
          1
          1
          1
   0.999996
   0.999971
   0.999804
   0.998777
    0.99309
   0.966093
   0.863195
   0.617241
   0.324465
   0.146269
  0.0690002
  0.0376863
  0.0243281
  0.0184839
   0.016174
  0.0162107
  0.0184472
  0.0243722
  0.0376205
  0.0691234
   0.146112
   0.324854
   0.616184
   0.863753
   0.965848
   0.993136
   0.998775
   0.999804
   0.999971
   0.999996
          1
          1
          1
          1
          1
          1
          1
          1
          1
          1
          1
          1
          1
          1
          1
          1
          1
          1
          1
          1
          1
          1
          1
          1
          1
          1
          1
          1
          1
          1
          1
   0.999997
   0.999983
   0.999898
   0.999462
    0.99742
   0.989209
   0.960452
   0.881799
   0.725853
   0.526088
   0.355199
   0.246303
   0.187033
   0.162391
    0.16185
   0.187453
   0.245694
   0.356009
   0.525405
   0.726687
   0.881114
   0.960739
    0.98914
    0.99745
    0.99946
   0.999899
   0.999983
   0.999997
          1
          1
          1
          1
          1
          1
          1
          1
          1
          1
          1
          1
          1
          1
          1
          1
          1
          1
          1
          1
          1
          1
          1
          1
          1
          1
          1
          1
          1
          1
          1
          1
          1
   0.999999
   0.999992
    0.99996
    0.99982
   0.999271
   0.997426
   0.991973
   0.978585
   0.951457
   0.908857
   0.855586
   0.807892
   0.779178
   0.779754
   0.807358
   0.856499
   0.908395
   0.951775
   0.978528
   0.992035
   0.997401
   0.999278
   0.999819
    0.99996
   0.999992
   0.999999
          1
          1
          1
          1
          1
          1
          1
          1
          1
          1
          1
          1
          1
          1
          1
          1
          1
          1
          1
          1
          1
          1
          1
          1
          1
          1
          1
          1
          1
          1
          1
          1
          1
          1
          1
   0.999999
   0.999997
   0.999988
   0.999953
   0.999841
   0.999529
   0.998773
   0.997275
   0.994747
   0.991487
    0.98812
   0.986038
   0.985965
   0.988188
   0.991422
   0.994784
    0.99725
   0.998781
   0.999523
   0.999841
   0.999953
   0.999988
   0.999997
   0.999999
          1
          1
          1
          1
          1
          1
          1
          1
          1
          1
          1
          1
          1
          1
          1
          1
          1
          1
          1
          1
          1
          1
          1
          1
          1
          1
          1
          1
          1
          1
          1
          1
          1
          1
          1
          1
          1
          1
   0.999999
   0.999997
    0.99999
   0.999973
   0.999932
   0.999854
   0.999732
   0.999565
   0.999407
   0.999296
   0.999301
   0.999401
   0.999571
   0.999729
   0.999855
   0.999932
   0.999973
    0.99999
   0.999997
   0.999999
          1
          1
          1
          1
          1
          1
          1
          1
          1
          1
          1
          1
          1
          1
          1
          1
          1
          1
          1
          1
          1
          1
          1
          1
          1
          1
          1
          1
          1
          1
          1
          1
          1
          1
          1
          1
          1
          1
          1
          1
          1
          1
   0.999999
   0.999998
   0.999996
   0.999992
   0.999986
   0.999978
    0.99997
   0.999965
   0.999965
   0.999971
   0.999978
   0.999986
   0.999992
   0.999996
   0.999998
   0.999999
          1
          1
          1
          1
          1
          1
          1
          1
          1
          1
          1
          1
          1
          1
          1
          1
          1
          1
          1
          1
          1
          1
          1
          1
          1
          1
          1
          1
          1
          1
          1
          1
          1
          1
          1
          1
          1
          1
          1
          1
          1
          1
          1
          1
          1
          1
          1
          1
   0.999999
   0.999999
   0.999999
   0.999998
   0.999998
   0.999999
   0.999999
   0.999999
          1
          1
          1
          1
          1
          1
          1
          1
          1
          1
          1
          1
          1
          1
          1
          1
          1
          1
          1
          1
          1
          1
          1
          1
          1
          1
          1
          1
          1
          1
          1
          1
          1
          1
          1
          1
          1
          1
          1
          1
          1
          1
          1
          1
          1
          1
          1
          1
          1
          1
          1
          1
          1
          1
          1
          1
          1
          1
          1
          1
          1
          1
          1
          1
          1
          1
          1
          1
          1
          1
          1
          1
          1
          1
          1
          1
          1
          1
          1
          1
          1
          1
          1
          1
          1
          1
          1
          1
          1
          1
          1
          1
          1
          1
          1
          1
          1
          1
          1
          1
          1
          1
          1
          1
          1
          1
          1
          1
          1
          1
          1
          1
          1
          1
          1
          1
          1
          1
          1
          1
          1
          1
          1
          1
          1
          1
          1
          1
          1
          1
          1
          1
          1
          1
          1
          1
          1
          1
          1
          1
          1
          1
          1
          1
          1
          1
          1
          1
          1
          1
          1
          1
          1
          1
          1
          1
          1
          1
          1
          1
          1
          1
          1
          1
          1
          1
          1
          1
          1
          1
          1
          1
          1
          1
          1
          1
          1
          1
          1
          1
          1
          1
          1
          1
          1
          1
          1
          1
          1
          1
          1
          1
          1
          1
          1
          1
          1
          1
          1
          1
          1
          1
          1
          1
          1
          1
          1
          1
          1
          1
          1
          1
          1
          1
          1
          1
          1
          1
          1
          1
          1
          1
          1
          1
          1
          1
          1
          1
          1
          1
          1
          1
          1
          1
          1
          1
          1
          1
          1
          1
          1
          1
          1
          1
          1
          1
          1
          1
          1
          1
          1
          1
          1
          1
          1
          1
          1
          1
          1
          1
          1
          1
          1
          1
          1
          1
          1
          1
          1
          1
          1
          1
          1
          1
          1
          1
          1
          1
          1
          1
          1
          1
          1
          1
          1
          1
          1
          1
          1
          1
          1
          1
          1
          1
          1
          1
          1
          1
          1
          1
          1
          1
          1
          1
          1
          1
          1
          1
          1
          1
          1
          1
          1
          1
          1
          1
          1
          1
          1
          1
          1
          1
          1
          1
          1
          1
          1
          1
          1
          1
          1
          1
          1
          1
          1
          1
          1
          1
          1
          1
          1
          1
          1
          1
          1
          1
          1
          1
          1
          1
          1
          1
          1
          1
          1
          1
          1
          1
          1
          1
          1
          1
          1
          1
          1
          1
          1
          1
          1
          1
          1
          1
          1
          1
          1
          1
          1
          1
          1
          1
          1
          1
          1
          1
          1
          1
          1
          1
          1
          1
          1
          1
          1
          1
          1
          1
          1
          1
          1
          1
          1
          1
          1
          1
          1
          1
          1
          1
          1
          1
          1
          1
          1
          1
          1
          1
          1
          1
          1
          1
          1
          1
          1
          1
          1
          1
          1
          1
          1
          1
          1
          1
          1
          1
          1
          1
          1
          1
          1
          1
          1
          1
          1
          1
          1
          1
          1
          1
          1
          1
          1
          1
          1
          1
          1
          1
          1
          1
          1
          1
          1
          1
          1
          1
          1
          1
          1
          1
          1
          1
          1
          1
          1
          1
          1
          1
          1
          1
          1
          1
          1
          1
          1
          1
          1
          1
          1
          1
          1
          1
          1
          1
          1
          1
          1
          1
          1
          1
          1
          1
          1
          1
          1
          1
          1
          1
          1
          1
          1
          1
          1
          1
          1
          1
          1
          1
          1
          1
          1
          1
          1
          1
          1
          1
          1
          1
          1
          1
          1
          1
          1
          1
          1
          1
          1
          1
          1
          1
          1
          1
          1
          1
          1
          1
          1
          1
          1
          1
          1
          1
          1
          1
          1
          1
          1
          1
          1
          1
          1
          1
          1
          1
          1
          1
          1
          1
          1
          1
          1
          1
          1
          1
          1
          1
          1
          1
          1
          1
          1
          1
          1
          1
          1
          1
          1
          1
          1
          1
          1
          1
          1
          1
          1
          1
          1
          1
          1
          1
          1
          1
          1
          1
          1
          1
          1
          1
          1
          1
          1
          1
          1
          1
          1
          1
          1
          1
          1
          1
          1
          1
          1
          1
          1
          1
          1
          1
          1
          1
          1
          1
          1
          1
          1
          1
          1
          1
          1
          1
          1
          1
          1
          1
          1
          1
          1
          1
          1
          1
          1
          1
          1
          1
          1
          1
          1
          1
          1
          1
          1
          1
          1
          1
          1
          1
          1
          1
          1
          1
          1
          1
          1
          1
          1
          1
          1
          1
          1
          1
          1
          1
          1
          1
          1
          1
          1
          1
          1
          1
          1
          1
          1
          1
          1
          1
          1
          1
          1
          1
          1
          1
          1
          1
          1
          1
          1
          1
          1
          1
          1
          1
          1
          1
          1
          1
          1
          1
          1
          1
          1
          1
          1
          1
          1
          1
          1
          1
          1
          1
          1
          1
          1
          1
          1
          1
          1
          1
          1
          1
          1
          1
          1
          1
          1
          1
          1
          1
          1
          1
          1
          1
          1
          1
          1
          1
          1
          1
          1
          1
          1
          1
          1
          1
          1
          1
          1
          1
          1
          1
          1
          1
          1
          1
          1
          1
          1
          1
          1
          1
          1
          1
          1
          1
          1
          1
          1
          1
          1
          1
          1
          1
          1
          1
          1
          1
          1
          1
          1
          1
          1
          1
          1
          1
          1
          1
          1
          1
          1
          1
          1
          1
          1
          1
          1
          1
          1
          1
          1
          1
          1
          1
          1
          1
          1
          1
          1
          1
          1
          1
          1
          1
          1
          1
          1
          1
          1
          1
          1
          1
          1
          1
          1
          1
          1
          1
          1
          1
          1
          1
          1
          1
          1
          1
          1
          1
          1
          1
          1
          1
          1
          1
          1
          1
          1
          1
          1
          1
          1
          1
          1
          1
          1
          1
          1
          1
          1
          1
          1
          1
          1
          1
          1
          1
          1
          1
          1
          1
          1
          1
          1
          1
          1
          1
          1
          1
          1
          1
          1
          1
          1
          1
          1
          1
          1
          1
          1
          1
          1
          1
          1
          1
          1
          1
          1
          1
          1
          1
          1
          1
          1
          1
          1
          1
          1
          1
          1
          1
          1
          1
          1
          1
          1
          1
          1
          1
          1
          1
          1
          1
          1
          1
          1
          1
          1
          1
          1
          1
          1
          1
          1
          1
   0.999999
   0.999998
   0.999997
   0.999995
   0.999993
   0.999992
   0.999992
   0.999993
   0.999995
   0.999997
   0.999998
   0.999999
          1
          1
          1
          1
          1
          1
          1
          1
          1
          1
          1
          1
          1
          1
          1
          1
          1
          1
          1
          1
          1
          1
          1
          1
          1
          1
          1
          1
          1
          1
          1
          1
          1
          1
          1
          1
          1
          1
          1
          1
          1
          1
          1
          1
          1
   0.999999
   0.999998
   0.999993
   0.999984
   0.999965
   0.999937
   0.999901
   0.999865
   0.999843
   0.999843
   0.999865
   0.999901
   0.999937
   0.999965
   0.999984
   0.999993
   0.999998
   0.999999
          1
          1
          1
          1
          1
          1
          1
          1
          1
          1
          1
          1
          1
          1
          1
          1
          1
          1
          1
          1
          1
          1
          1
          1
          1
          1
          1
          1
          1
          1
          1
          1
          1
          1
          1
          1
          1
          1
          1
          1
   0.999999
   0.999997
   0.999989
   0.999962
   0.999891
   0.999723
   0.999399
   0.998868
   0.998177
   0.997497
   0.997053
   0.997051
   0.997497
   0.998178
   0.998869
     0.9994
   0.999723
   0.999891
   0.999962
   0.999989
   0.999997
   0.999999
          1
          1
          1
          1
          1
          1
          1
          1
          1
          1
          1
          1
          1
          1
          1
          1
          1
          1
          1
          1
          1
          1
          1
          1
          1
          1
          1
          1
          1
          1
          1
          1
          1
          1
          1
          1
          1
   0.999998
    0.99999
   0.999957
   0.999834
   0.999427
   0.998274
   0.995474
    0.98975
   0.980486
   0.968112
   0.955929
   0.948172
    0.94832
   0.955947
    0.96822
   0.980491
   0.989782
   0.995476
   0.998277
    0.99943
   0.999833
   0.999957
    0.99999
   0.999998
          1
          1
          1
          1
          1
          1
          1
          1
          1
          1
          1
          1
          1
          1
          1
          1
          1
          1
          1
          1
          1
          1
          1
          1
          1
          1
          1
          1
          1
          1
          1
          1
          1
          1
   0.999999
   0.999996
   0.999975
   0.999874
   0.999425
   0.997668
   0.991577
   0.973855
   0.931442
   0.853842
    0.74553
    0.63711
   0.552436
   0.509747
   0.509146
   0.553222
   0.636595
   0.746062
    0.85339
   0.931592
   0.973799
   0.991607
   0.997669
   0.999429
   0.999875
   0.999975
   0.999996
   0.999999
          1
          1
          1
          1
          1
          1
          1
          1
          1
          1
          1
          1
          1
          1
          1
          1
          1
          1
          1
          1
          1
          1
          1
          1
          1
          1
          1
          1
          1
          1
          1
   0.999999
   0.999993
   0.999952
   0.999718
   0.998477
   0.992672
   0.969138
   0.892044
   0.714774
   0.472525
    0.27443
   0.161476
      0.104
  0.0771664
  0.0662533
  0.0663723
  0.0772081
   0.104188
   0.161389
   0.274895
    0.47223
   0.715188
   0.891912
   0.969169
   0.992656
   0.998487
   0.999718
   0.999953
   0.999993
   0.999999
          1
          1
          1
          1
          1
          1
          1
          1
          1
          1
          1
          1
          1
          1
          1
          1
          1
          1
          1
          1
          1
          1
          1
          1
          1
          1
          1
          1
          1
   0.999999
   0.999991
   0.999932
   0.999523
   0.996953
   0.982632
   0.916975
   0.709853
   0.385214
   0.161433
  0.0676714
  0.0330582
  0.0195289
  0.0138474
   0.011286
  0.0102948
  0.0103019
   0.011283
  0.0138496
  0.0195354
  0.0330882
  0.0676458
    0.16162
   0.385351
   0.709814
   0.917109
   0.982679
   0.996966
   0.999517
   0.999932
   0.999991
   0.999999
          1
          1
          1
          1
          1
          1
          1
          1
          1
          1
          1
          1
          1
          1
          1
          1
          1
          1
          1
          1
          1
          1
          1
          1
          1
          1
          1
   0.999999
   0.999991
   0.999924
   0.999388
   0.995374
   0.969555
   0.839428
   0.495314
   0.179124
  0.0577539
  0.0226479
  0.0120148
 0.00842421
 0.00718289
 0.00679133
 0.00673077
 0.00674505
 0.00674416
 0.00673415
 0.00678618
 0.00718445
 0.00841718
  0.0120107
  0.0225853
   0.057728
   0.178971
   0.495124
   0.839799
   0.969482
    0.99542
   0.999379
   0.999925
   0.999991
   0.999999
          1
          1
          1
          1
          1
          1
          1
          1
          1
          1
          1
          1
          1
          1
          1
          1
          1
          1
          1
          1
          1
          1
          1
          1
          1
   0.999999
   0.999993
   0.999933
   0.999399
   0.994774
    0.96027
   0.771177
   0.350548
  0.0959269
  0.0282601
  0.0123102
 0.00830867
  0.0075955
 0.00805639
 0.00897516
 0.00998427
  0.0107998
  0.0112633
  0.0112692
  0.0107986
 0.00998667
 0.00897389
 0.00806371
 0.00758939
 0.00831704
  0.0123111
  0.0282302
  0.0959033
   0.350157
   0.771835
   0.960097
   0.994832
   0.999386
   0.999933
   0.999993
   0.999999
          1
          1
          1
          1
          1
          1
          1
          1
          1
          1
          1
          1
          1
          1
          1
          1
          1
          1
          1
          1
          1
          1
          1
          1
   0.999996
   0.999955
   0.999539
   0.995485
   0.960729
    0.74514
   0.287099
  0.0657667
  0.0189594
 0.00963404
 0.00821552
 0.00921022
  0.0113294
  0.0140771
  0.0170534
  0.0198328
  0.0219959
   0.023182
  0.0231753
  0.0219951
  0.0198261
  0.0170526
  0.0140643
  0.0113267
 0.00919865
  0.0082185
 0.00963622
  0.0189263
  0.0659039
   0.286516
   0.745812
   0.960583
   0.995551
   0.999535
   0.999955
   0.999996
          1
          1
          1
          1
          1
          1
          1
          1
          1
          1
          1
          1
          1
          1
          1
          1
          1
          1
          1
          1
          1
          1
          1
   0.999998
   0.999976
   0.999732
   0.997078
   0.970616
   0.774764
   0.289359
  0.0584836
  0.0160874
 0.00901323
  0.0089766
  0.0114823
  0.0155914
  0.0209872
  0.0272122
  0.0337632
   0.039806
  0.0444802
   0.047036
  0.0470431
  0.0444641
  0.0398112
   0.033754
  0.0272255
   0.020968
  0.0156038
  0.0114669
 0.00897411
 0.00901686
  0.0160621
  0.0587338
   0.288758
   0.775165
   0.970455
   0.997089
   0.999732
   0.999977
   0.999998
          1
          1
          1
          1
          1
          1
          1
          1
          1
          1
          1
          1
          1
          1
          1
          1
          1
          1
          1
          1
          1
   0.999999
   0.999991
   0.999881
    0.99856
   0.983558
   0.844446
   0.356956
  0.0669346
  0.0161504
 0.00891481
 0.00955194
   0.013325
  0.0195023
   0.028076
  0.0386973
  0.0508798
  0.0634626
  0.0750644
  0.0839736
  0.0888648
   0.088839
  0.0839826
  0.0750395
  0.0634628
  0.0508347
  0.0387104
  0.0280525
  0.0195312
  0.0133011
 0.00955565
  0.0089086
  0.0161296
  0.0669918
   0.356985
   0.844964
   0.983437
   0.998561
   0.999882
   0.999991
   0.999999
          1
          1
          1
          1
          1
          1
          1
          1
          1
          1
          1
          1
          1
          1
          1
          1
          1
          1
          1
          1
   0.999997
    0.99996
   0.999453
   0.993107
   0.920921
   0.505726
  0.0987996
  0.0192231
 0.00898382
 0.00950976
  0.0139833
  0.0217997
  0.0333363
  0.0486419
  0.0675049
  0.0886735
   0.110395
   0.129976
   0.144881
   0.152913
   0.152923
   0.144872
   0.129983
   0.110352
  0.0886654
  0.0674585
  0.0486453
  0.0333088
  0.0218193
  0.0139722
 0.00951629
 0.00898679
  0.0191935
  0.0988851
   0.506414
    0.92072
   0.993079
   0.999455
    0.99996
   0.999997
          1
          1
          1
          1
          1
          1
          1
          1
          1
          1
          1
          1
          1
          1
          1
          1
          1
          1
          1
   0.999999
   0.999989
   0.999846
   0.997788
   0.970929
   0.721681
   0.186005
  0.0290683
 0.00962596
 0.00885982
  0.0131852
  0.0216649
  0.0351535
  0.0542442
  0.0793535
   0.109535
   0.142858
    0.17594
   0.204984
     0.2264
   0.237772
    0.23776
   0.226411
   0.204948
   0.175928
    0.14279
   0.109531
   0.079314
  0.0542619
  0.0351153
  0.0216931
   0.013174
 0.00886673
 0.00963901
    0.02899
    0.18626
   0.721496
    0.97082
   0.997798
   0.999844
   0.999989
   0.999999
          1
          1
          1
          1
          1
          1
          1
          1
          1
          1
          1
          1
          1
          1
          1
          1
          1
          1
   0.999998
   0.999965
   0.999468
   0.992137
    0.89876
   0.400697
  0.0602948
  0.0124729
 0.00809075
  0.0112415
  0.0191827
  0.0329727
   0.053964
  0.0834052
   0.121065
   0.165225
   0.212086
    0.25665
   0.293915
   0.320348
   0.333961
   0.333943
   0.320339
   0.293899
   0.256624
   0.212051
   0.165189
   0.121036
  0.0833764
  0.0539699
  0.0329423
  0.0191928
  0.0112254
 0.00808897
  0.0124815
   0.060284
   0.400823
   0.898764
   0.992117
   0.999472
   0.999965
   0.999998
          1
          1
          1
          1
          1
          1
          1
          1
          1
          1
          1
          1
          1
          1
          1
          1
          1
          1
   0.999994
   0.999901
   0.998425
   0.975912
   0.732156
   0.171119
   0.023536
 0.00826546
 0.00896463
  0.0151684
  0.0274724
  0.0478624
  0.0785862
   0.120508
   0.172724
   0.231375
   0.290431
   0.343123
   0.384671
   0.412674
   0.426645
   0.426634
   0.412661
   0.384663
   0.343112
   0.290388
   0.231355
   0.172685
   0.120497
  0.0785675
  0.0478688
  0.0274585
  0.0151757
  0.0089581
 0.00825718
  0.0235595
    0.17148
   0.731752
   0.975893
   0.998414
   0.999902
   0.999994
          1
          1
          1
          1
          1
          1
          1
          1
          1
          1
          1
          1
          1
          1
          1
          1
          1
   0.999999
   0.999985
   0.999752
   0.995895
    0.93751
   0.495833
  0.0724038
   0.012322
 0.00744153
  0.0109401
  0.0203251
  0.0376948
  0.0661804
   0.108047
   0.163845
    0.23051
   0.301482
   0.368085
   0.423464
     0.4643
   0.490512
   0.503216
   0.503206
   0.490511
   0.464278
   0.423434
   0.368051
   0.301451
   0.230496
   0.163813
   0.108029
  0.0661397
   0.037699
    0.02031
  0.0109549
 0.00742924
  0.0123172
  0.0725402
   0.495592
    0.93748
    0.99589
   0.999752
   0.999985
   0.999999
          1
          1
          1
          1
          1
          1
          1
          1
          1
          1
          1
          1
          1
          1
          1
          1
   0.999998
   0.999969
   0.999461
   0.990815
   0.865882
   0.294631
  0.0352594
 0.00849709
 0.00779846
  0.0135334
  0.0262474
  0.0493966
  0.0866323
   0.140485
   0.209702
    0.28854
    0.36707
   0.435636
   0.488664
   0.525642
   0.548449
    0.55925
   0.559243
   0.548443
   0.525625
   0.488637
   0.435594
   0.367041
   0.288513
   0.209674
   0.140464
  0.0866166
  0.0493779
    0.02625
  0.0135243
 0.00779471
 0.00848924
  0.0352861
   0.294622
   0.865863
   0.990824
   0.999461
   0.999969
   0.999998
          1
          1
          1
          1
          1
          1
          1
          1
          1
          1
          1
          1
          1
          1
          1
          1
   0.999997
   0.999944
   0.998988
   0.982427
   0.765864
   0.174512
  0.0206983
 0.00712042
 0.00861943
  0.0163134
  0.0324718
  0.0614222
   0.107592
   0.172599
   0.253236
   0.340227
   0.421511
   0.487766
   0.536188
    0.56852
    0.58793
   0.596983
   0.596975
   0.587922
   0.568512
   0.536159
   0.487724
   0.421463
   0.340187
   0.253205
   0.172561
   0.107554
  0.0614068
  0.0324538
  0.0163194
 0.00861301
 0.00710852
  0.0207279
   0.174754
    0.76591
   0.982464
   0.998992
   0.999944
   0.999997
          1
          1
          1
          1
          1
          1
          1
          1
          1
          1
          1
          1
          1
          1
          1
          1
   0.999995
   0.999911
   0.998378
   0.971518
   0.661212
   0.113437
  0.0144959
 0.00665548
 0.00952352
  0.0189277
  0.0381738
  0.0725153
   0.126443
   0.200759
   0.289586
   0.380958
   0.461607
   0.524052
   0.567841
   0.596281
    0.61305
   0.620787
   0.620784
    0.61304
   0.596276
    0.56782
   0.524021
    0.46155
   0.380913
   0.289543
   0.200753
   0.126396
  0.0725022
  0.0381479
  0.0189232
  0.0095245
 0.00664854
   0.014513
   0.113468
   0.661926
   0.971465
    0.99838
   0.999911
   0.999995
          1
          1
          1
          1
          1
          1
          1
          1
          1
          1
          1
          1
          1
          1
          1
          1
   0.999994
   0.999881
   0.997772
   0.960604
   0.581643
  0.0841683
  0.0117444
  0.0065414
  0.0102744
  0.0209364
  0.0425945
  0.0810083
    0.14076
   0.221507
   0.315367
    0.40838
   0.487332
   0.546403
   0.586807
   0.612604
   0.627646
   0.634534
    0.63453
   0.627643
   0.612595
   0.586789
   0.546367
    0.48729
   0.408302
   0.315331
   0.221462
   0.140756
  0.0809688
  0.0425817
  0.0209411
  0.0102729
  0.0065349
  0.0117547
  0.0844166
   0.581357
   0.960645
   0.997775
    0.99988
   0.999994
          1
          1
          1
          1
          1
          1
          1
          1
          1
          1
          1
          1
          1
          1
          1
          1
   0.999993
   0.999861
   0.997388
   0.954183
   0.538981
  0.0726775
  0.0106719
 0.00653752
  0.0106977
  0.0220436
  0.0449937
  0.0856479
   0.148474
   0.232482
   0.328602
   0.422019
   0.499754
   0.556955
   0.595612
   0.620104
   0.634298
    0.64078
   0.640777
   0.634293
   0.620101
   0.595589
   0.556921
   0.499709
   0.421984
   0.328537
   0.232472
   0.148417
  0.0856406
   0.044972
  0.0220382
  0.0107001
 0.00652537
  0.0106867
  0.0727724
   0.539143
   0.954203
   0.997391
   0.999861
   0.999993
          1
          1
          1
          1
          1
          1
          1
          1
          1
          1
          1
          1
          1
          1
          1
          1
   0.999993
   0.999862
   0.997399
   0.953899
    0.53995
  0.0726056
  0.0106742
 0.00653589
  0.0106999
  0.0220397
  0.0449918
  0.0856437
   0.148472
   0.232495
   0.328592
   0.422032
   0.499748
   0.556948
   0.595621
   0.620102
   0.634299
   0.640779
   0.640778
   0.634297
   0.620091
   0.595594
   0.556912
   0.499713
   0.421951
   0.328556
   0.232414
   0.148456
  0.0856023
  0.0449803
  0.0220429
  0.0106925
 0.00653319
  0.0106742
   0.072789
   0.539624
   0.953948
   0.997408
   0.999861
   0.999993
          1
          1
          1
          1
          1
          1
          1
          1
          1
          1
          1
          1
          1
          1
          1
          1
   0.999994
    0.99988
   0.997768
   0.960808
   0.581153
  0.0842643
  0.0117445
 0.00653821
  0.0102717
  0.0209374
  0.0425888
  0.0810114
   0.140761
   0.221502
   0.315371
   0.408362
   0.487328
   0.546403
   0.586795
   0.612607
    0.62764
   0.634531
    0.63453
   0.627634
   0.612591
   0.586769
   0.546366
   0.487268
    0.40832
   0.315294
   0.221495
   0.140698
  0.0809927
  0.0425632
  0.0209344
  0.0102779
 0.00653104
  0.0117629
  0.0842607
   0.581129
   0.960786
    0.99777
    0.99988
   0.999994
          1
          1
          1
          1
          1
          1
          1
          1
          1
          1
          1
          1
          1
          1
          1
          1
   0.999995
   0.999912
   0.998379
   0.971417
   0.661976
   0.113465
  0.0144862
 0.00665347
 0.00952584
  0.0189178
  0.0381772
  0.0724946
   0.126436
   0.200757
   0.289581
   0.380961
   0.461594
   0.524042
   0.567844
   0.596276
   0.613053
   0.620786
   0.620778
   0.613039
   0.596265
   0.567813
   0.523994
   0.461549
   0.380866
    0.28955
   0.200681
   0.126425
  0.0724663
  0.0381513
  0.0189216
 0.00952073
 0.00665113
  0.0144998
   0.113631
   0.661589
   0.971441
   0.998381
   0.999911
   0.999995
          1
          1
          1
          1
          1
          1
          1
          1
          1
          1
          1
          1
          1
          1
          1
          1
   0.999997
   0.999944
   0.998989
   0.982508
   0.765612
   0.174606
   0.020716
 0.00711725
 0.00861727
  0.0163216
  0.0324547
  0.0614398
    0.10754
   0.172605
   0.253222
   0.340228
   0.421488
   0.487761
   0.536171
   0.568514
   0.587918
   0.596975
   0.596961
   0.587906
   0.568491
   0.536134
    0.48771
    0.42143
   0.340184
   0.253152
   0.172582
   0.107513
   0.061426
  0.0324388
  0.0163092
 0.00862032
 0.00710275
  0.0207564
   0.174565
   0.765814
   0.982504
    0.99899
   0.999944
   0.999997
          1
          1
          1
          1
          1
          1
          1
          1
          1
          1
          1
          1
          1
          1
          1
          1
   0.999998
   0.999969
    0.99946
   0.990789
   0.866211
   0.294493
  0.0352639
 0.00849443
 0.00779619
  0.0135261
  0.0262546
  0.0493636
  0.0866403
   0.140445
   0.209688
   0.288538
   0.367067
   0.435615
   0.488674
   0.525636
   0.548451
    0.55924
   0.559238
   0.548428
   0.525611
   0.488628
   0.435561
   0.367025
    0.28846
   0.209659
   0.140397
   0.086638
  0.0493526
  0.0262491
  0.0135337
 0.00779128
  0.0084977
  0.0352865
   0.295277
   0.865821
   0.990813
   0.999461
   0.999969
   0.999998
          1
          1
          1
          1
          1
          1
          1
          1
          1
          1
          1
          1
          1
          1
          1
          1
   0.999999
   0.999985
   0.999753
   0.995905
   0.937395
   0.495996
  0.0723847
  0.0123152
  0.0074341
  0.0109458
  0.0203088
   0.037709
  0.0661103
    0.10806
   0.163794
   0.230502
   0.301455
   0.368087
   0.423424
   0.464286
   0.490497
   0.503204
   0.503174
    0.49048
   0.464256
   0.423386
   0.368019
   0.301382
   0.230467
   0.163771
   0.108044
  0.0661192
  0.0376998
  0.0203047
    0.01094
 0.00744012
  0.0123138
  0.0726432
   0.495481
   0.937398
   0.995902
   0.999753
   0.999985
   0.999999
          1
          1
          1
          1
          1
          1
          1
          1
          1
          1
          1
          1
          1
          1
          1
          1
          1
   0.999994
     0.9999
   0.998422
   0.975936
   0.731872
   0.171291
  0.0235308
 0.00826132
 0.00896468
  0.0151699
  0.0274408
  0.0478751
  0.0785408
   0.120503
   0.172685
   0.231367
   0.290395
   0.343135
   0.384645
   0.412667
   0.426625
   0.426616
   0.412636
   0.384624
    0.34309
   0.290353
   0.231334
   0.172633
   0.120478
  0.0785092
  0.0478668
  0.0274404
    0.01516
 0.00896403
 0.00825916
  0.0235379
   0.171522
    0.73179
   0.975955
    0.99842
   0.999901
   0.999994
          1
          1
          1
          1
          1
          1
          1
          1
          1
          1
          1
          1
          1
          1
          1
          1
          1
          1
   0.999998
   0.999966
   0.999467
   0.992154
   0.898814
   0.400912
   0.060267
  0.0124705
 0.00809423
  0.0112334
  0.0191935
   0.032929
   0.053975
  0.0833582
    0.12104
   0.165179
   0.212045
   0.256608
   0.293887
    0.32031
   0.333927
   0.333915
   0.320298
   0.293864
   0.256561
   0.212011
   0.165121
   0.121015
  0.0833235
  0.0539748
  0.0329364
  0.0191825
  0.0112315
 0.00808357
  0.0124987
  0.0602874
   0.400986
   0.898746
   0.992099
   0.999474
   0.999965
   0.999998
          1
          1
          1
          1
          1
          1
          1
          1
          1
          1
          1
          1
          1
          1
          1
          1
          1
          1
   0.999999
   0.999989
   0.999847
    0.99778
   0.970953
   0.721546
   0.186274
  0.0289984
 0.00963637
 0.00886379
  0.0131654
  0.0216917
  0.0351057
  0.0542583
  0.0793145
   0.109528
   0.142807
   0.175909
   0.204941
   0.226379
    0.23773
   0.237719
   0.226377
   0.204927
   0.175902
   0.142779
   0.109531
  0.0793053
  0.0542588
  0.0351167
   0.021675
  0.0131687
 0.00885602
 0.00965353
  0.0290233
   0.186098
   0.721691
   0.970762
   0.997804
   0.999845
   0.999989
   0.999999
          1
          1
          1
          1
          1
          1
          1
          1
          1
          1
          1
          1
          1
          1
          1
          1
          1
          1
          1
   0.999997
    0.99996
   0.999461
   0.993092
   0.920748
   0.506473
  0.0988805
  0.0192148
 0.00899076
 0.00951534
   0.013962
  0.0218146
  0.0332941
   0.048642
  0.0674455
  0.0886472
   0.110346
   0.129948
   0.144857
   0.152893
   0.152893
   0.144833
   0.129945
   0.110323
  0.0886464
  0.0674422
  0.0486154
  0.0332981
  0.0217951
  0.0139724
 0.00951785
 0.00900111
  0.0191886
  0.0989534
   0.506512
   0.920636
   0.993094
   0.999454
    0.99996
   0.999997
          1
          1
          1
          1
          1
          1
          1
          1
          1
          1
          1
          1
          1
          1
          1
          1
          1
          1
          1
          1
   0.999999
   0.999991
    0.99988
   0.998571
   0.983558
   0.844486
   0.357277
  0.0670012
  0.0161347
 0.00890776
 0.00955937
  0.0133061
  0.0195242
  0.0280519
  0.0387054
   0.050837
  0.0634491
  0.0750383
  0.0839492
  0.0888251
  0.0888132
  0.0839441
  0.0750229
    0.06343
  0.0508262
   0.038681
  0.0280577
  0.0195102
  0.0133179
 0.00955551
 0.00891746
  0.0161202
  0.0671435
   0.357575
   0.844261
   0.983564
   0.998549
   0.999882
   0.999991
   0.999999
          1
          1
          1
          1
          1
          1
          1
          1
          1
          1
          1
          1
          1
          1
          1
          1
          1
          1
          1
          1
          1
   0.999998
   0.999977
   0.999732
   0.997091
    0.97055
   0.775163
   0.288833
  0.0586419
  0.0160619
  0.0090134
 0.00897572
  0.0114662
  0.0155948
  0.0209604
  0.0272105
  0.0337398
  0.0397811
  0.0444564
  0.0470178
  0.0470107
  0.0444497
  0.0397844
  0.0337393
  0.0271978
  0.0209685
  0.0155802
  0.0114719
 0.00896307
 0.00900938
  0.0160683
  0.0588209
   0.289316
   0.774362
   0.970743
   0.997055
   0.999733
   0.999977
   0.999998
          1
          1
          1
          1
          1
          1
          1
          1
          1
          1
          1
          1
          1
          1
          1
          1
          1
          1
          1
          1
          1
          1
          1
   0.999996
   0.999956
   0.999538
   0.995536
   0.960643
   0.746204
   0.286799
  0.0659191
  0.0189511
 0.00965459
 0.00821673
 0.00920373
  0.0113258
  0.0140603
  0.0170402
  0.0198213
  0.0219756
  0.0231585
  0.0231586
  0.0219704
  0.0198147
  0.0170342
  0.0140689
   0.011314
 0.00920253
 0.00821009
 0.00965156
  0.0189538
  0.0660973
   0.287169
   0.745039
   0.960864
   0.995496
    0.99954
   0.999955
   0.999996
          1
          1
          1
          1
          1
          1
          1
          1
          1
          1
          1
          1
          1
          1
          1
          1
          1
          1
          1
          1
          1
          1
          1
          1
   0.999999
   0.999993
   0.999934
   0.999389
   0.994838
   0.960176
   0.771122
   0.350606
  0.0959257
  0.0281972
  0.0123159
  0.0083104
 0.00759319
 0.00805812
 0.00897401
 0.00997916
  0.0107969
  0.0112601
  0.0112553
  0.0107985
 0.00997494
 0.00897925
 0.00804947
  0.0075964
 0.00830685
  0.0123395
   0.028221
  0.0959558
   0.350133
   0.770783
   0.960317
   0.994803
   0.999396
   0.999932
   0.999993
   0.999999
          1
          1
          1
          1
          1
          1
          1
          1
          1
          1
          1
          1
          1
          1
          1
          1
          1
          1
          1
          1
          1
          1
          1
          1
          1
   0.999999
   0.999991
   0.999925
   0.999381
   0.995428
   0.969559
   0.839341
   0.495899
   0.179501
  0.0576983
  0.0226124
  0.0120136
 0.00842339
 0.00717646
 0.00679262
 0.00673024
 0.00674487
  0.0067476
 0.00672867
 0.00679212
 0.00717287
 0.00843351
  0.0120028
  0.0226393
  0.0576686
   0.179178
   0.495585
   0.839651
   0.969838
   0.995405
   0.999384
   0.999924
   0.999991
   0.999999
          1
          1
          1
          1
          1
          1
          1
          1
          1
          1
          1
          1
          1
          1
          1
          1
          1
          1
          1
          1
          1
          1
          1
          1
          1
          1
          1
   0.999999
   0.999991
   0.999933
    0.99952
   0.996958
   0.982702
    0.91714
   0.709759
   0.385957
     0.1618
  0.0677056
  0.0330418
  0.0195697
  0.0138403
  0.0112933
  0.0102945
  0.0102993
  0.0112903
  0.0138482
  0.0195663
  0.0330531
  0.0677138
   0.161559
   0.385682
   0.710209
   0.916974
   0.982746
   0.996944
   0.999518
   0.999932
   0.999991
   0.999999
          1
          1
          1
          1
          1
          1
          1
          1
          1
          1
          1
          1
          1
          1
          1
          1
          1
          1
          1
          1
          1
          1
          1
          1
          1
          1
          1
          1
          1
   0.999999
   0.999993
   0.999953
   0.999718
    0.99849
   0.992665
   0.969257
   0.891903
   0.715309
   0.472804
   0.275618
   0.161335
    0.10436
  0.0772073
  0.0664488
  0.0663284
  0.0773301
   0.104197
   0.161612
   0.275149
   0.473175
   0.714922
    0.89256
    0.96915
   0.992698
    0.99848
    0.99972
   0.999952
   0.999993
   0.999999
          1
          1
          1
          1
          1
          1
          1
          1
          1
          1
          1
          1
          1
          1
          1
          1
          1
          1
          1
          1
          1
          1
          1
          1
          1
          1
          1
          1
          1
          1
          1
   0.999999
   0.999996
   0.999975
   0.999875
   0.999431
   0.997653
   0.991614
   0.973818
   0.931708
   0.853229
   0.746927
   0.636927
   0.553704
    0.50945
   0.510557
   0.553189
    0.63804
   0.746197
   0.854059
    0.93145
   0.973999
   0.991565
   0.997677
   0.999426
   0.999876
   0.999975
   0.999996
   0.999999
          1
          1
          1
          1
          1
          1
          1
          1
          1
          1
          1
          1
          1
          1
          1
          1
          1
          1
          1
          1
          1
          1
          1
          1
          1
          1
          1
          1
          1
          1
          1
          1
          1
          1
   0.999998
    0.99999
   0.999957
   0.999835
    0.99943
    0.99828
   0.995462
   0.989844
   0.980423
    0.96827
   0.955953
   0.948422
   0.948208
   0.956145
   0.968138
   0.980545
   0.989785
   0.995496
   0.998269
   0.999433
   0.999834
   0.999958
    0.99999
   0.999998
          1
          1
          1
          1
          1
          1
          1
          1
          1
          1
          1
          1
          1
          1
          1
          1
          1
          1
          1
          1
          1
          1
          1
          1
          1
          1
          1
          1
          1
          1
          1
          1
          1
          1
          1
          1
          1
   0.999999
   0.999997
   0.999989
   0.999962
   0.999891
   0.999726
   0.999396
   0.998878
   0.998181
   0.997504
   0.997051
    0.99707
   0.997495
   0.998189
   0.998869
     0.9994
   0.999725
   0.999892
   0.999962
   0.999989
   0.999997
   0.999999
          1
          1
          1
          1
          1
          1
          1
          1
          1
          1
          1
          1
          1
          1
          1
          1
          1
          1
          1
          1
          1
          1
          1
          1
          1
          1
          1
          1
          1
          1
          1
          1
          1
          1
          1
          1
          1
          1
          1
          1
   0.999999
   0.999998
   0.999993
   0.999984
   0.999966
   0.999937
   0.999901
   0.999865
   0.999843
   0.999843
   0.999866
   0.999901
   0.999937
   0.999966
   0.999984
   0.999993
   0.999998
   0.999999
          1
          1
          1
          1
          1
          1
          1
          1
          1
          1
          1
          1
          1
          1
          1
          1
          1
          1
          1
          1
          1
          1
          1
          1
          1
          1
          1
          1
          1
          1
          1
          1
          1
          1
          1
          1
          1
          1
          1
          1
          1
          1
          1
          1
          1
   0.999999
   0.999998
   0.999997
   0.999995
   0.999993
   0.999992
   0.999992
   0.999993
   0.999995
   0.999997
   0.999998
   0.999999
          1
          1
          1
          1
          1
          1
          1
          1
          1
          1
          1
          1
          1
          1
          1
          1
          1
          1
          1
          1
          1
          1
          1
          1
          1
          1
          1
          1
          1
          1
          1
          1
          1
          1
          1
          1
          1
          1
          1
          1
          1
          1
          1
          1
          1
          1
          1
          1
          1
          1
          1
          1
          1
          1
          1
          1
          1
          1
          1
          1
          1
          1
          1
          1
          1
          1
          1
          1
          1
          1
          1
          1
          1
          1
          1
          1
          1
          1
          1
          1
          1
          1
          1
          1
          1
          1
          1
          1
          1
          1
          1
          1
          1
          1
          1
          1
          1
          1
          1
          1
          1
          1
          1
          1
          1
          1
          1
          1
          1
          1
          1
          1
          1
          1
          1
          1
          1
          1
          1
          1
          1
          1
          1
          1
          1
          1
          1
          1
          1
          1
          1
          1
          1
          1
          1
          1
          1
          1
          1
          1
          1
          1
          1
          1
          1
          1
          1
          1
          1
          1
          1
          1
          1
          1
          1
          1
          1
          1
          1
          1
          1
          1
          1
          1
          1
          1
          1
          1
          1
          1
          1
          1
          1
          1
          1
          1
          1
          1
          1
          1
          1
          1
          1
          1
          1
          1
          1
          1
          1
          1
          1
          1
          1
          1
          1
          1
          1
          1
          1
          1
          1
          1
          1
          1
          1
          1
          1
          1
          1
          1
          1
          1
          1
          1
          1
          1
          1
          1
          1
          1
          1
          1
          1
          1
          1
          1
          1
          1
          1
          1
          1
          1
          1
          1
          1
          1
          1
          1
          1
          1
          1
          1
          1
          1
          1
          1
          1
          1
          1
          1
          1
          1
          1
          1
          1
          1
          1
          1
          1
          1
          1
          1
          1
          1
          1
          1
          1
          1
          1
          1
          1
          1
          1
          1
          1
          1
          1
          1
          1
          1
          1
          1
          1
          1
          1
          1
          1
          1
          1
          1
          1
          1
          1
          1
          1
          1
          1
          1
          1
          1
          1
          1
          1
          1
          1
          1
          1
          1
          1
          1
          1
          1
          1
          1
          1
          1
          1
          1
          1
          1
          1
          1
          1
          1
          1
          1
          1
          1
          1
          1
          1
          1
          1
          1
          1
          1
          1
          1
          1
          1
          1
          1
          1
          1
          1
          1
          1
          1
          1
          1
          1
          1
          1
          1
          1
          1
          1
          1
          1
          1
          1
          1
          1
          1
          1
          1
          1
          1
          1
          1
          1
          1
          1
          1
          1
          1
          1
          1
          1
          1
          1
          1
          1
          1
          1
          1
          1
          1
          1
          1
          1
          1
          1
          1
          1
          1
          1
          1
          1
          1
          1
          1
          1
          1
          1
          1
          1
          1
          1
          1
          1
          1
          1
          1
          1
          1
          1
          1
          1
          1
          1
          1
          1
          1
          1
          1
          1
          1
          1
          1
          1
          1
          1
          1
          1
          1
          1
          1
          1
          1
          1
          1
          1
          1
          1
          1
          1
          1
          1
          1
          1
          1
          1
          1
          1
          1
          1
          1
          1
          1
          1
          1
          1
          1
          1
          1
          1
          1
          1
          1
          1
          1
          1
          1
          1
          1
          1
          1
          1
          1
          1
          1
          1
          1
          1
          1
          1
          1
          1
          1
          1
          1
          1
          1
          1
          1
          1
          1
          1
          1
          1
          1
          1
          1
          1
          1
          1
          1
          1
          1
          1
          1
          1
          1
          1
          1
          1
          1
          1
          1
          1
          1
          1
          1
          1
          1
          1
          1
          1
          1
          1
          1
          1
          1
          1
          1
          1
          1
          1
          1
          1
          1
          1
          1
          1
          1
          1
          1
          1
          1
          1
          1
          1
          1
          1
          1
          1
          1
          1
          1
          1
          1
          1
          1
          1
          1
          1
          1
          1
          1
          1
          1
          1
          1
          1
          1
          1
          1
          1
          1
          1
          1
          1
          1
          1
          1
          1
          1
          1
          1
          1
          1
          1
          1
          1
          1
          1
          1
          1
          1
          1
          1
          1
          1
          1
          1
          1
          1
          1
          1
          1
          1
          1
          1
          1
          1
          1
          1
          1
          1
          1
          1
          1
          1
          1
          1
          1
          1
          1
          1
          1
          1
          1
          1
          1
          1
          1
          1
          1
          1
          1
          1
          1
          1
          1
          1
          1
          1
          1
          1
          1
          1
          1
          1
          1
          1
          1
          1
          1
          1
          1
          1
          1
          1
          1
          1
          1
          1
          1
          1
          1
          1
          1
          1
          1
          1
          1
          1
          1
          1
          1
          1
          1
          1
          1
          1
          1
          1
          1
          1
          1
          1
          1
          1
          1
          1
          1
          1
          1
          1
          1
          1
          1
          1
          1
          1
          1
          1
          1
          1
          1
          1
          1
          1
          1
          1
          1
          1
          1
          1
          1
          1
          1
          1
          1
          1
          1
          1
          1
          1
          1
          1
          1
          1
          1
          1
          1
          1
          1
          1
          1
          1
          1
          1
          1
          1
          1
          1
          1
          1
          1
          1
          1
          1
          1
          1
          1
          1
          1
          1
          1
          1
          1
          1
          1
          1
          1
          1
          1
          1
          1
          1
          1
          1
          1
          1
          1
          1
          1
          1
          1
          1
          1
          1
          1
          1
          1
          1
          1
          1
          1
          1
          1
          1
          1
          1
          1
          1
          1
          1
          1
          1
          1
          1
          1
          1
          1
          1
          1
          1
          1
          1
          1
          1
          1
          1
          1
          1
          1
          1
          1
          1
          1
          1
          1
          1
          1
          1
          1
          1
          1
          1
          1
          1
          1
          1
          1
          1
          1
          1
          1
          1
          1
          1
          1
          1
          1
          1
          1
          1
          1
          1
          1
          1
          1
          1
          1
          1
          1
          1
          1
          1
          1
          1
          1
          1
          1
          1
          1
          1
          1
          1
          1
          1
          1
          1
          1
          1
          1
          1
          1
          1
          1
          1
          1
          1
          1
          1
          1
          1
          1
          1
          1
          1
          1
          1
          1
          1
          1
          1
          1
          1
          1
          1
          1
          1
          1
          1
          1
          1
          1
          1
          1
          1
          1
          1
          1
          1
          1
          1
          1
          1
          1
          1
          1
          1
          1
          1
          1
          1
          1
          1
          1
          1
          1
          1
          1
          1
          1
          1
          1
          1
          1
          1
          1
          1
          1
          1
          1
          1
          1
          1
          1
          1
          1
          1
          1
          1
          1
          1
          1
          1
          1
          1
          1
          1
          1
          1
          1
          1
          1
          1
          1
          1
          1
          1
          1
          1
          1
          1
          1
          1
          1
          1
          1
          1
          1
          1
          1
          1
          1
          1
          1
          1
          1
          1
          1
          1
          1
          1
          1
          1
          1
          1
          1
          1
          1
          1
          1
          1
   0.999999
   0.999999
   0.999998
   0.999998
   0.999998
   0.999998
   0.999999
   0.999999
          1
          1
          1
          1
          1
          1
          1
          1
          1
          1
          1
          1
          1
          1
          1
          1
          1
          1
          1
          1
          1
          1
          1
          1
          1
          1
          1
          1
          1
          1
          1
          1
          1
          1
          1
          1
          1
          1
          1
          1
          1
          1
          1
          1
          1
          1
          1
          1
   0.999999
   0.999999
   0.999996
   0.999993
   0.999987
    0.99998
   0.999973
   0.999968
   0.999968
   0.999973
    0.99998
   0.999987
   0.999993
   0.999996
   0.999999
   0.999999
          1
          1
          1
          1
          1
          1
          1
          1
          1
          1
          1
          1
          1
          1
          1
          1
          1
          1
          1
          1
          1
          1
          1
          1
          1
          1
          1
          1
          1
          1
          1
          1
          1
          1
          1
          1
          1
          1
          1
          1
          1
          1
   0.999999
   0.999997
   0.999992
   0.999977
   0.999945
   0.999881
   0.999781
   0.999655
   0.999529
   0.999449
   0.999447
    0.99953
   0.999654
   0.999783
   0.999881
   0.999945
   0.999977
   0.999992
   0.999997
   0.999999
          1
          1
          1
          1
          1
          1
          1
          1
          1
          1
          1
          1
          1
          1
          1
          1
          1
          1
          1
          1
          1
          1
          1
          1
          1
          1
          1
          1
          1
          1
          1
          1
          1
          1
          1
          1
          1
          1
          1
   0.999998
   0.999991
   0.999966
   0.999887
   0.999668
   0.999151
   0.998131
   0.996462
   0.994266
   0.992099
   0.990707
   0.990712
   0.992096
   0.994272
    0.99645
   0.998136
   0.999148
   0.999668
   0.999886
   0.999966
   0.999991
   0.999998
          1
          1
          1
          1
          1
          1
          1
          1
          1
          1
          1
          1
          1
          1
          1
          1
          1
          1
          1
          1
          1
          1
          1
          1
          1
          1
          1
          1
          1
          1
          1
          1
          1
          1
          1
          1
   0.999999
   0.999995
   0.999974
   0.999885
   0.999545
   0.998424
   0.995198
   0.987388
   0.971679
   0.946603
   0.914694
   0.884702
   0.865624
   0.865854
   0.884316
   0.914728
   0.946671
   0.971767
   0.987388
   0.995184
   0.998418
   0.999544
   0.999883
   0.999974
   0.999995
   0.999999
          1
          1
          1
          1
          1
          1
          1
          1
          1
          1
          1
          1
          1
          1
          1
          1
          1
          1
          1
          1
          1
          1
          1
          1
          1
          1
          1
          1
          1
          1
          1
          1
          1
   0.999998
    0.99999
   0.999941
     0.9997
    0.99861
   0.994287
   0.979455
   0.937389
   0.845508
   0.701172
   0.542267
   0.415953
   0.335303
    0.29858
   0.298356
     0.3356
   0.415784
   0.542363
   0.701138
   0.845382
   0.937352
   0.979474
   0.994292
   0.998622
     0.9997
   0.999942
    0.99999
   0.999998
          1
          1
          1
          1
          1
          1
          1
          1
          1
          1
          1
          1
          1
          1
          1
          1
          1
          1
          1
          1
          1
          1
          1
          1
          1
          1
          1
          1
          1
          1
          1
   0.999998
   0.999985
   0.999901
   0.999406
   0.996772
   0.984274
   0.935028
   0.790163
   0.535935
   0.294669
   0.153498
  0.0867401
  0.0561372
  0.0422756
   0.036773
  0.0367352
  0.0423183
  0.0561221
  0.0869524
   0.153505
   0.295038
   0.535106
   0.790033
   0.934838
   0.984245
   0.996766
   0.999402
   0.999902
   0.999985
   0.999998
          1
          1
          1
          1
          1
          1
          1
          1
          1
          1
          1
          1
          1
          1
          1
          1
          1
          1
          1
          1
          1
          1
          1
          1
          1
          1
          1
          1
          1
   0.999998
   0.999983
   0.999872
   0.999113
   0.994272
   0.967616
    0.85295
    0.56222
   0.251929
  0.0973517
  0.0418277
  0.0220593
  0.0143599
  0.0111062
 0.00965439
 0.00909059
 0.00909716
 0.00964542
  0.0111184
  0.0143553
  0.0221091
  0.0417778
  0.0975817
   0.252388
   0.562711
   0.853075
   0.967584
   0.994298
   0.999096
   0.999874
   0.999983
   0.999998
          1
          1
          1
          1
          1
          1
          1
          1
          1
          1
          1
          1
          1
          1
          1
          1
          1
          1
          1
          1
          1
          1
          1
          1
          1
          1
          1
   0.999998
   0.999986
   0.999874
    0.99899
   0.992381
   0.950539
   0.760314
   0.374753
     0.1213
  0.0400808
  0.0174901
  0.0106649
 0.00848425
 0.00791984
 0.00793795
 0.00812722
 0.00826806
 0.00826265
 0.00813239
 0.00793699
 0.00792875
 0.00847836
  0.0106802
    0.01747
  0.0400948
    0.12153
   0.375018
   0.760531
   0.950554
    0.99248
    0.99897
   0.999876
   0.999986
   0.999998
          1
          1
          1
          1
          1
          1
          1
          1
          1
          1
          1
          1
          1
          1
          1
          1
          1
          1
          1
          1
          1
          1
          1
          1
          1
   0.999999
    0.99999
   0.999904
   0.999121
   0.992434
   0.943761
   0.702017
   0.276005
  0.0727641
  0.0230195
  0.0113984
 0.00867924
 0.00858662
 0.00952657
  0.0108629
  0.0122236
  0.0133058
  0.0139039
   0.013907
  0.0133062
  0.0122294
  0.0108619
 0.00953888
 0.00858687
 0.00869033
  0.0114178
  0.0230411
   0.072793
   0.276046
   0.701049
   0.943565
   0.992532
   0.999114
   0.999904
    0.99999
   0.999999
          1
          1
          1
          1
          1
          1
          1
          1
          1
          1
          1
          1
          1
          1
          1
          1
          1
          1
          1
          1
          1
          1
          1
          1
   0.999995
   0.999944
   0.999429
   0.994401
   0.951574
    0.70384
   0.247986
  0.0567086
  0.0174825
 0.00975241
 0.00887986
  0.0102485
  0.0127569
  0.0158875
   0.019228
  0.0223214
  0.0247132
  0.0260154
  0.0260143
  0.0247162
  0.0223232
  0.0192275
  0.0158715
  0.0127528
  0.0102399
  0.0088836
 0.00977802
  0.0174826
  0.0569177
   0.248039
   0.703354
    0.95148
   0.994461
   0.999424
   0.999944
   0.999995
          1
          1
          1
          1
          1
          1
          1
          1
          1
          1
          1
          1
          1
          1
          1
          1
          1
          1
          1
          1
          1
          1
          1
   0.999998
   0.999975
   0.999714
   0.996907
    0.96879
   0.764709
   0.279473
   0.057022
  0.0161941
 0.00938476
 0.00944539
  0.0120517
  0.0162481
  0.0216643
  0.0278593
  0.0342923
  0.0401632
   0.044687
  0.0471496
   0.047155
  0.0446841
  0.0401742
  0.0342794
   0.027878
  0.0216498
   0.016259
  0.0120358
 0.00945353
 0.00937093
  0.0161927
  0.0572029
   0.279427
   0.764789
   0.968675
   0.996902
   0.999711
   0.999975
   0.999998
          1
          1
          1
          1
          1
          1
          1
          1
          1
          1
          1
          1
          1
          1
          1
          1
          1
          1
          1
          1
          1
   0.999999
   0.999991
   0.999891
   0.998678
    0.98503
   0.858213
   0.381942
  0.0741532
  0.0176088
 0.00935875
 0.00967136
  0.0131347
   0.018864
  0.0266851
  0.0362658
  0.0470993
  0.0581756
  0.0682986
  0.0760298
  0.0802456
  0.0802402
  0.0760311
  0.0682884
  0.0581692
  0.0470655
  0.0362742
  0.0266751
  0.0188827
  0.0131241
 0.00967641
 0.00935626
  0.0176274
  0.0742907
   0.382809
   0.857985
   0.984983
   0.998673
   0.999889
   0.999991
   0.999999
          1
          1
          1
          1
          1
          1
          1
          1
          1
          1
          1
          1
          1
          1
          1
          1
          1
          1
          1
          1
   0.999998
   0.999968
   0.999572
   0.994576
   0.938513
   0.574153
   0.125026
  0.0234251
 0.00972609
 0.00936698
  0.0130706
  0.0197759
  0.0295485
  0.0423011
   0.057827
  0.0751489
  0.0928595
   0.108835
   0.121023
   0.127623
   0.127617
    0.12102
   0.108845
  0.0928252
  0.0751622
  0.0577905
  0.0423131
  0.0295237
  0.0197904
  0.0130646
 0.00937754
 0.00974805
  0.0234035
   0.125481
    0.57473
   0.938383
   0.994563
   0.999572
   0.999968
   0.999998
          1
          1
          1
          1
          1
          1
          1
          1
          1
          1
          1
          1
          1
          1
          1
          1
          1
          1
          1
   0.999999
   0.999992
   0.999893
   0.998516
   0.980764
   0.800759
    0.26251
  0.0413697
  0.0114646
  0.0087726
  0.0118783
  0.0186745
  0.0294131
  0.0443592
    0.06381
  0.0871827
   0.113154
   0.139318
   0.162657
   0.180197
   0.189586
   0.189596
   0.180172
   0.162647
    0.13929
   0.113128
   0.087181
   0.063792
  0.0443763
  0.0293867
  0.0186887
  0.0118769
 0.00877585
  0.0114808
  0.0414163
   0.262464
   0.800861
   0.980623
   0.998515
   0.999894
   0.999992
   0.999999
          1
          1
          1
          1
          1
          1
          1
          1
          1
          1
          1
          1
          1
          1
          1
          1
          1
          1
   0.999999
   0.999979
   0.999688
   0.995584
   0.941484
   0.554725
    0.10246
   0.017916
 0.00860569
   0.010044
  0.0159288
  0.0263197
  0.0419154
  0.0635533
  0.0913162
   0.124453
   0.160694
   0.196449
   0.227505
   0.250241
   0.262207
   0.262204
   0.250254
   0.227486
   0.196417
   0.160671
   0.124437
  0.0912949
   0.063543
  0.0419173
  0.0263033
  0.0159359
  0.0100385
  0.0086007
  0.0179877
   0.102538
   0.553907
    0.94146
   0.995558
   0.999693
   0.999979
   0.999999
          1
          1
          1
          1
          1
          1
          1
          1
          1
          1
          1
          1
          1
          1
          1
          1
          1
          1
   0.999997
   0.999949
   0.999219
   0.988474
   0.856241
   0.311611
  0.0441333
  0.0107708
 0.00842631
  0.0124109
   0.021169
  0.0355987
  0.0570994
  0.0864969
    0.12399
   0.167998
    0.21499
   0.259629
   0.296878
    0.32312
   0.336547
   0.336562
   0.323114
   0.296874
   0.259595
   0.214949
   0.167995
   0.123968
  0.0864887
  0.0570719
  0.0356068
  0.0211631
  0.0124247
 0.00840803
  0.0107969
   0.044125
    0.31142
   0.856154
   0.988426
   0.999227
   0.999949
   0.999997
          1
          1
          1
          1
          1
          1
          1
          1
          1
          1
          1
          1
          1
          1
          1
          1
          1
          1
   0.999993
   0.999891
   0.998292
   0.974314
   0.719333
   0.164645
  0.0230885
 0.00845549
 0.00925619
  0.0154053
  0.0271014
  0.0460987
  0.0739444
   0.111907
   0.159589
   0.214327
   0.270456
    0.32132
    0.36156
   0.388694
   0.402191
   0.402185
   0.388693
   0.361539
   0.321297
   0.270438
   0.214305
   0.159568
   0.111898
  0.0739417
  0.0460763
  0.0271093
  0.0153955
 0.00925494
 0.00845352
  0.0231374
   0.164391
   0.719111
   0.974385
   0.998294
   0.999893
   0.999993
          1
          1
          1
          1
          1
          1
          1
          1
          1
          1
          1
          1
          1
          1
          1
          1
          1
   0.999999
   0.999988
   0.999801
   0.996785
     0.9515
   0.565515
  0.0931235
   0.014886
 0.00778252
   0.010494
  0.0185566
  0.0332797
   0.056765
  0.0911422
   0.137397
   0.194621
   0.258212
   0.320573
   0.373999
   0.414175
   0.440146
   0.452735
    0.45274
   0.440141
   0.414162
    0.37398
    0.32054
     0.2582
   0.194608
   0.137398
  0.0911343
  0.0567668
  0.0332781
  0.0185731
  0.0104771
 0.00779099
  0.0148876
  0.0932606
   0.565367
   0.951345
   0.996823
   0.999801
   0.999988
   0.999999
          1
          1
          1
          1
          1
          1
          1
          1
          1
          1
          1
          1
          1
          1
          1
          1
   0.999999
   0.999982
   0.999685
   0.994795
   0.922808
    0.43794
  0.0603163
  0.0113621
 0.00773733
  0.0117441
  0.0215035
   0.038876
  0.0665317
   0.106615
   0.160134
   0.224994
   0.294779
   0.360143
   0.413531
   0.451918
   0.475934
   0.487349
   0.487347
   0.475944
   0.451904
   0.413517
   0.360116
   0.294762
   0.224974
   0.160131
   0.106583
  0.0665197
  0.0388764
  0.0215135
  0.0117443
 0.00773371
   0.011375
   0.060274
   0.438426
   0.922569
   0.994824
   0.999689
   0.999981
   0.999999
          1
          1
          1
          1
          1
          1
          1
          1
          1
          1
          1
          1
          1
          1
          1
          1
   0.999999
   0.999975
    0.99957
   0.992902
   0.894769
   0.357647
  0.0452866
 0.00980746
 0.00787275
  0.0127604
  0.0237581
  0.0432173
  0.0739554
   0.118397
   0.177177
   0.247207
   0.320486
   0.386795
   0.439028
   0.475478
    0.49777
   0.508227
   0.508223
   0.497771
   0.475482
   0.439007
   0.386761
   0.320456
   0.247201
   0.177139
   0.118387
  0.0739346
  0.0432189
  0.0237674
   0.012748
 0.00787122
 0.00980276
  0.0453241
   0.357162
   0.894784
   0.992913
   0.999575
   0.999975
   0.999999
          1
          1
          1
          1
          1
          1
          1
          1
          1
          1
          1
          1
          1
          1
          1
          1
   0.999998
   0.999971
   0.999504
   0.991634
   0.879096
   0.319198
  0.0394352
 0.00919793
 0.00799151
  0.0133098
  0.0249977
   0.045544
  0.0780047
   0.124751
   0.186272
   0.258871
   0.333632
   0.400014
   0.451372
   0.486633
    0.50798
   0.517913
   0.517911
   0.507979
   0.486632
   0.451356
   0.399985
   0.333612
    0.25882
   0.186265
     0.1247
  0.0780074
  0.0455381
  0.0250023
  0.0133142
   0.007983
 0.00920306
  0.0394097
   0.319201
   0.878524
   0.991666
   0.999507
   0.999971
   0.999998
          1
          1
          1
          1
          1
          1
          1
          1
          1
          1
          1
          1
          1
          1
          1
          1
   0.999998
   0.999971
   0.999502
   0.991706
   0.878344
   0.320068
  0.0393592
 0.00920561
 0.00798467
  0.0133173
  0.0249925
  0.0455544
  0.0779946
   0.124739
    0.18628
   0.258839
   0.333639
   0.400015
   0.451358
   0.486655
   0.507973
   0.517913
   0.517914
   0.507971
   0.486638
   0.451338
   0.399993
   0.333589
   0.258842
   0.186234
   0.124757
  0.0779638
  0.0455611
  0.0249985
  0.0133007
  0.0079938
 0.00918973
  0.0394126
   0.319671
   0.877906
    0.99175
   0.999503
   0.999971
   0.999998
          1
          1
          1
          1
          1
          1
          1
          1
          1
          1
          1
          1
          1
          1
          1
          1
   0.999999
   0.999975
   0.999572
   0.992875
   0.895298
   0.357005
  0.0453588
 0.00980187
 0.00787731
   0.012756
  0.0237601
  0.0432089
  0.0739684
    0.11839
   0.177154
   0.247206
   0.320479
   0.386788
    0.43904
    0.47548
   0.497788
   0.508226
   0.508228
    0.49778
   0.475471
    0.43903
   0.386749
   0.320465
    0.24716
   0.177164
   0.118336
  0.0739665
  0.0431869
  0.0237674
  0.0127586
 0.00785988
 0.00981379
  0.0452801
   0.356806
   0.895356
   0.992854
   0.999578
   0.999975
   0.999999
          1
          1
          1
          1
          1
          1
          1
          1
          1
          1
          1
          1
          1
          1
          1
          1
   0.999999
   0.999982
   0.999685
   0.994821
   0.922577
   0.438364
  0.0602767
  0.0113721
 0.00773433
   0.011751
  0.0214974
  0.0388868
  0.0665137
   0.106607
   0.160127
   0.224968
   0.294776
   0.360145
   0.413534
   0.451927
   0.475942
   0.487363
   0.487357
   0.475933
   0.451922
   0.413497
   0.360114
   0.294731
   0.224987
   0.160087
   0.106632
  0.0664922
  0.0388952
  0.0215071
  0.0117326
  0.0077415
  0.0113548
   0.060365
   0.438205
   0.922322
   0.994854
   0.999687
   0.999981
   0.999999
          1
          1
          1
          1
          1
          1
          1
          1
          1
          1
          1
          1
          1
          1
          1
          1
   0.999999
   0.999988
   0.999801
   0.996788
   0.951662
   0.565167
  0.0932544
   0.014889
  0.0077828
  0.0104906
  0.0185615
  0.0332636
  0.0567737
  0.0911066
   0.137399
   0.194611
   0.258203
   0.320551
   0.374017
   0.414182
   0.440163
    0.45274
   0.452747
   0.440162
   0.414164
   0.373991
   0.320535
   0.258206
   0.194575
   0.137415
  0.0910961
   0.056787
   0.033261
  0.0185674
  0.0104934
 0.00777888
  0.0149182
  0.0931278
   0.565849
   0.951461
   0.996802
   0.999802
   0.999988
   0.999999
          1
          1
          1
          1
          1
          1
          1
          1
          1
          1
          1
          1
          1
          1
          1
          1
          1
   0.999993
   0.999891
   0.998298
    0.97432
   0.719495
   0.164517
   0.023143
 0.00845103
 0.00925943
  0.0153965
  0.0271163
  0.0460613
    0.07395
   0.111883
   0.159556
   0.214298
   0.270441
    0.32129
   0.361558
   0.388692
   0.402188
    0.40219
   0.388683
   0.361541
   0.321265
   0.270428
   0.214268
   0.159561
   0.111861
  0.0739664
  0.0460628
  0.0271136
  0.0154003
  0.0092411
 0.00846453
  0.0230846
   0.164723
   0.718947
   0.974339
   0.998297
   0.999893
   0.999993
          1
          1
          1
          1
          1
          1
          1
          1
          1
          1
          1
          1
          1
          1
          1
          1
          1
          1
   0.999997
   0.999949
   0.999221
   0.988484
   0.856214
   0.311875
  0.0441369
  0.0107889
 0.00841737
  0.0124187
  0.0211501
  0.0356205
   0.057044
  0.0864994
   0.123954
   0.167988
   0.214938
   0.259618
   0.296849
    0.32311
   0.336537
   0.336542
   0.323089
    0.29684
   0.259603
   0.214933
   0.167991
   0.123944
  0.0864953
  0.0570492
  0.0356022
  0.0211504
  0.0124077
  0.0084292
  0.0107739
   0.044111
    0.31117
   0.856081
   0.988478
   0.999226
   0.999949
   0.999997
          1
          1
          1
          1
          1
          1
          1
          1
          1
          1
          1
          1
          1
          1
          1
          1
          1
          1
   0.999999
   0.999979
   0.999689
   0.995569
   0.941693
   0.554335
   0.102764
  0.0179073
 0.00860918
  0.0100397
  0.0159318
  0.0262976
  0.0419163
  0.0635193
    0.09128
   0.124422
   0.160657
   0.196396
   0.227486
   0.250225
    0.26218
   0.262191
   0.250216
   0.227478
   0.196381
   0.160653
   0.124391
  0.0912843
  0.0635094
   0.041926
  0.0262956
   0.015933
  0.0100517
 0.00859453
  0.0179548
   0.102507
   0.553906
   0.941655
   0.995555
   0.999692
   0.999979
   0.999999
          1
          1
          1
          1
          1
          1
          1
          1
          1
          1
          1
          1
          1
          1
          1
          1
          1
          1
   0.999999
   0.999992
   0.999894
   0.998515
   0.980701
   0.801166
   0.262696
  0.0414347
  0.0114609
 0.00877638
  0.0118702
  0.0186945
  0.0293818
  0.0443733
  0.0637846
  0.0871671
   0.113126
   0.139279
   0.162619
   0.180146
   0.189556
    0.18954
   0.180166
    0.16261
   0.139283
   0.113107
  0.0871716
  0.0637755
  0.0443803
  0.0293852
  0.0186802
  0.0118774
 0.00876168
  0.0114884
  0.0414756
   0.262348
   0.801048
   0.980593
   0.998526
   0.999894
   0.999992
   0.999999
          1
          1
          1
          1
          1
          1
          1
          1
          1
          1
          1
          1
          1
          1
          1
          1
          1
          1
          1
   0.999998
   0.999967
   0.999571
   0.994583
   0.938372
   0.575384
   0.125283
  0.0234128
  0.0097431
 0.00937488
  0.0130579
    0.01979
    0.02952
  0.0423014
  0.0577891
  0.0751338
  0.0928333
   0.108823
   0.121004
   0.127595
   0.127607
   0.120991
   0.108835
  0.0928112
   0.075134
  0.0577752
  0.0422881
  0.0295092
  0.0197723
  0.0130634
 0.00936792
 0.00975645
  0.0234217
   0.125154
   0.574494
   0.938221
   0.994607
    0.99957
   0.999968
   0.999998
          1
          1
          1
          1
          1
          1
          1
          1
          1
          1
          1
          1
          1
          1
          1
          1
          1
          1
          1
          1
   0.999999
   0.999991
   0.999889
   0.998682
   0.985055
   0.857997
   0.383372
  0.0741499
   0.017615
 0.00935369
 0.00968485
  0.0131248
  0.0188795
  0.0266728
  0.0362669
  0.0470621
  0.0581398
  0.0682675
  0.0759971
  0.0802154
  0.0802035
  0.0760074
  0.0682486
  0.0581542
  0.0470562
  0.0362513
  0.0266737
  0.0188676
  0.0131361
 0.00967327
 0.00936835
  0.0175884
  0.0742349
    0.38294
   0.857879
   0.985079
   0.998668
    0.99989
   0.999992
   0.999999
          1
          1
          1
          1
          1
          1
          1
          1
          1
          1
          1
          1
          1
          1
          1
          1
          1
          1
          1
          1
          1
   0.999998
   0.999975
   0.999712
   0.996909
   0.968813
   0.764985
   0.279706
  0.0572255
  0.0161971
 0.00936965
 0.00945536
  0.0120419
  0.0162522
  0.0216517
  0.0278697
  0.0342813
    0.04015
  0.0446762
  0.0471358
  0.0471382
  0.0446651
  0.0401681
  0.0342751
  0.0278571
  0.0216587
  0.0162466
  0.0120478
 0.00943892
 0.00937539
  0.0161695
  0.0572738
   0.280184
   0.763907
   0.968826
   0.996873
   0.999714
   0.999975
   0.999998
          1
          1
          1
          1
          1
          1
          1
          1
          1
          1
          1
          1
          1
          1
          1
          1
          1
          1
          1
          1
          1
          1
          1
   0.999995
   0.999944
   0.999428
   0.994437
   0.951558
   0.703644
   0.248236
  0.0569162
   0.017496
  0.0097674
 0.00888374
  0.0102434
   0.012752
  0.0158706
  0.0192173
  0.0223162
  0.0247003
  0.0260096
  0.0260071
  0.0247106
  0.0223136
  0.0192172
  0.0158756
  0.0127423
  0.0102483
 0.00887015
 0.00977148
  0.0174864
   0.056946
   0.248298
   0.702354
   0.951697
   0.994411
   0.999432
   0.999944
   0.999995
          1
          1
          1
          1
          1
          1
          1
          1
          1
          1
          1
          1
          1
          1
          1
          1
          1
          1
          1
          1
          1
          1
          1
          1
   0.999999
    0.99999
   0.999906
   0.999117
   0.992518
    0.94358
   0.701615
   0.276525
  0.0728614
  0.0230297
  0.0114149
 0.00868616
 0.00859137
 0.00953607
  0.0108643
  0.0122244
  0.0133051
  0.0139029
   0.013902
   0.013305
  0.0122224
  0.0108689
 0.00952562
 0.00859732
 0.00867761
  0.0114314
  0.0230658
  0.0729796
   0.276137
    0.70092
   0.943856
   0.992495
   0.999128
   0.999903
    0.99999
   0.999999
          1
          1
          1
          1
          1
          1
          1
          1
          1
          1
          1
          1
          1
          1
          1
          1
          1
          1
          1
          1
          1
          1
          1
          1
          1
   0.999998
   0.999985
   0.999875
   0.998973
   0.992468
   0.950621
   0.760325
   0.375461
   0.121531
   0.040067
  0.0174827
  0.0106734
 0.00848492
 0.00792505
 0.00794098
 0.00813153
 0.00826798
 0.00827137
 0.00812912
 0.00795026
 0.00791893
 0.00849669
  0.0106658
  0.0175092
  0.0400785
   0.121442
   0.374827
   0.759992
   0.950812
   0.992445
   0.998987
   0.999874
   0.999986
   0.999998
          1
          1
          1
          1
          1
          1
          1
          1
          1
          1
          1
          1
          1
          1
          1
          1
          1
          1
          1
          1
          1
          1
          1
          1
          1
          1
          1
   0.999998
   0.999983
   0.999874
   0.999101
   0.994303
   0.967718
   0.853199
   0.563016
   0.252525
  0.0975993
  0.0417919
  0.0220751
  0.0143667
  0.0111024
  0.0096474
 0.00909524
 0.00908936
 0.00965452
  0.0110915
  0.0143698
  0.0220375
  0.0417774
  0.0973219
   0.251967
   0.562308
   0.853013
   0.967786
   0.994272
   0.999106
   0.999873
   0.999983
   0.999998
          1
          1
          1
          1
          1
          1
          1
          1
          1
          1
          1
          1
          1
          1
          1
          1
          1
          1
          1
          1
          1
          1
          1
          1
          1
          1
          1
          1
          1
   0.999998
   0.999985
   0.999901
   0.999403
   0.996768
    0.98427
   0.934948
   0.790132
   0.535903
   0.295353
   0.153824
  0.0868126
  0.0562234
  0.0422961
  0.0367771
  0.0367588
  0.0422975
  0.0562004
  0.0867744
   0.153691
   0.295153
   0.535682
   0.790441
   0.935073
   0.984342
   0.996755
   0.999405
   0.999901
   0.999985
   0.999998
          1
          1
          1
          1
          1
          1
          1
          1
          1
          1
          1
          1
          1
          1
          1
          1
          1
          1
          1
          1
          1
          1
          1
          1
          1
          1
          1
          1
          1
          1
          1
   0.999998
    0.99999
   0.999942
   0.999702
   0.998618
   0.994275
   0.979472
   0.937368
   0.845555
    0.70097
   0.543638
   0.415536
   0.335971
   0.298621
   0.298957
   0.335599
   0.416624
   0.542798
    0.70158
   0.845137
   0.937421
   0.979387
   0.994292
   0.998604
   0.999701
   0.999942
    0.99999
   0.999998
          1
          1
          1
          1
          1
          1
          1
          1
          1
          1
          1
          1
          1
          1
          1
          1
          1
          1
          1
          1
          1
          1
          1
          1
          1
          1
          1
          1
          1
          1
          1
          1
          1
   0.999999
   0.999995
   0.999974
   0.999885
   0.999545
    0.99842
    0.99521
   0.987396
   0.971871
   0.946457
   0.915087
   0.884514
   0.866065
   0.865882
   0.885041
   0.914579
   0.946741
   0.971765
   0.987435
   0.995183
   0.998428
   0.999543
   0.999885
   0.999974
   0.999995
   0.999999
          1
          1
          1
          1
          1
          1
          1
          1
          1
          1
          1
          1
          1
          1
          1
          1
          1
          1
          1
          1
          1
          1
          1
          1
          1
          1
          1
          1
          1
          1
          1
          1
          1
          1
          1
          1
   0.999998
   0.999991
   0.999966
   0.999886
   0.999668
   0.999151
   0.998125
   0.996472
   0.994249
   0.992094
   0.990705
   0.990702
   0.992062
    0.99429
   0.996452
   0.998131
    0.99915
   0.999669
   0.999886
   0.999966
   0.999991
   0.999998
          1
          1
          1
          1
          1
          1
          1
          1
          1
          1
          1
          1
          1
          1
          1
          1
          1
          1
          1
          1
          1
          1
          1
          1
          1
          1
          1
          1
          1
          1
          1
          1
          1
          1
          1
          1
          1
          1
          1
   0.999999
   0.999997
   0.999992
   0.999977
   0.999945
   0.999882
   0.999781
   0.999656
    0.99953
   0.999448
   0.999451
   0.999532
   0.999653
   0.999783
   0.999882
   0.999945
   0.999977
   0.999992
   0.999997
   0.999999
          1
          1
          1
          1
          1
          1
          1
          1
          1
          1
          1
          1
          1
          1
          1
          1
          1
          1
          1
          1
          1
          1
          1
          1
          1
          1
          1
          1
          1
          1
          1
          1
          1
          1
          1
          1
          1
          1
          1
          1
          1
          1
   0.999999
   0.999999
   0.999996
   0.999993
   0.999987
    0.99998
   0.999973
   0.999969
   0.999968
   0.999973
    0.99998
   0.999987
   0.999993
   0.999997
   0.999999
   0.999999
          1
          1
          1
          1
          1
          1
          1
          1
          1
          1
          1
          1
          1
          1
          1
          1
          1
          1
          1
          1
          1
          1
          1
          1
          1
          1
          1
          1
          1
          1
          1
          1
          1
          1
          1
          1
          1
          1
          1
          1
          1
          1
          1
          1
          1
          1
          1
          1
   0.999999
   0.999999
   0.999998
   0.999998
   0.999998
   0.999998
   0.999999
   0.999999
          1
          1
          1
          1
          1
          1
          1
          1
          1
          1
          1
          1
          1
          1
          1
          1
          1
          1
          1
          1
          1
          1
          1
          1
          1
          1
          1
          1
          1
          1
          1
          1
          1
          1
          1
          1
          1
          1
          1
          1
          1
          1
          1
          1
          1
          1
          1
          1
          1
          1
          1
          1
          1
          1
          1
          1
          1
          1
          1
          1
          1
          1
          1
          1
          1
          1
          1
          1
          1
          1
          1
          1
          1
          1
          1
          1
          1
          1
          1
          1
          1
          1
          1
          1
          1
          1
          1
          1
          1
          1
          1
          1
          1
          1
          1
          1
          1
          1
          1
          1
          1
          1
          1
          1
          1
          1
          1
          1
          1
          1
          1
          1
          1
          1
          1
          1
          1
          1
          1
          1
          1
          1
          1
          1
          1
          1
          1
          1
          1
          1
          1
          1
          1
          1
          1
          1
          1
          1
          1
          1
          1
          1
          1
          1
          1
          1
          1
          1
          1
          1
          1
          1
          1
          1
          1
          1
          1
          1
          1
          1
          1
          1
          1
          1
          1
          1
          1
          1
          1
          1
          1
          1
          1
          1
          1
          1
          1
          1
          1
          1
          1
          1
          1
          1
          1
          1
          1
          1
          1
          1
          1
          1
          1
          1
          1
          1
          1
          1
          1
          1
          1
          1
          1
          1
          1
          1
          1
          1
          1
          1
          1
          1
          1
          1
          1
          1
          1
          1
          1
          1
          1
          1
          1
          1
          1
          1
          1
          1
          1
          1
          1
          1
          1
          1
          1
          1
          1
          1
          1
          1
          1
          1
          1
          1
          1
          1
          1
          1
          1
          1
          1
          1
          1
          1
          1
          1
          1
          1
          1
          1
          1
          1
          1
          1
          1
          1
          1
          1
          1
          1
          1
          1
          1
          1
          1
          1
          1
          1
          1
          1
          1
          1
          1
          1
          1
          1
          1
          1
          1
          1
          1
          1
          1
          1
          1
          1
          1
          1
          1
          1
          1
          1
          1
          1
          1
          1
          1
          1
          1
          1
          1
          1
          1
          1
          1
          1
          1
          1
          1
          1
          1
          1
          1
          1
          1
          1
          1
          1
          1
          1
          1
          1
          1
          1
          1
          1
          1
          1
          1
          1
          1
          1
          1
          1
          1
          1
          1
          1
          1
          1
          1
          1
          1
          1
          1
          1
          1
          1
          1
          1
          1
          1
          1
          1
          1
          1
          1
          1
          1
          1
          1
          1
          1
          1
          1
          1
          1
          1
          1
          1
          1
          1
          1
          1
          1
          1
          1
          1
          1
          1
          1
          1
          1
          1
          1
          1
          1
          1
          1
          1
          1
          1
          1
          1
          1
          1
          1
          1
          1
          1
          1
          1
          1
          1
          1
          1
          1
          1
          1
          1
          1
          1
          1
          1
          1
          1
          1
          1
          1
          1
          1
          1
          1
          1
          1
          1
          1
          1
          1
          1
          1
          1
          1
          1
          1
          1
          1
          1
          1
          1
          1
          1
          1
          1
          1
          1
          1
          1
          1
          1
          1
          1
          1
          1
          1
          1
          1
          1
          1
          1
          1
          1
          1
          1
          1
          1
          1
          1
          1
          1
          1
          1
          1
          1
          1
          1
          1
          1
          1
          1
          1
          1
          1
          1
          1
          1
          1
          1
          1
          1
          1
          1
          1
          1
          1
          1
          1
          1
          1
          1
          1
          1
          1
          1
          1
          1
          1
          1
          1
          1
          1
          1
          1
          1
          1
          1
          1
          1
          1
          1
          1
          1
          1
          1
          1
          1
          1
          1
          1
          1
          1
          1
          1
          1
          1
          1
          1
          1
          1
          1
          1
          1
          1
          1
          1
          1
          1
          1
          1
          1
          1
          1
          1
          1
          1
          1
          1
          1
          1
          1
          1
          1
          1
          1
          1
          1
          1
          1
          1
          1
          1
          1
          1
          1
          1
          1
          1
          1
          1
          1
          1
          1
          1
          1
          1
          1
          1
          1
          1
          1
          1
          1
          1
          1
          1
          1
          1
          1
          1
          1
          1
          1
          1
          1
          1
          1
          1
          1
          1
          1
          1
          1
          1
          1
          1
          1
          1
          1
          1
          1
          1
          1
          1
          1
          1
          1
          1
          1
          1
          1
          1
          1
          1
          1
          1
          1
          1
          1
          1
          1
          1
          1
          1
          1
          1
          1
          1
          1
          1
          1
          1
          1
          1
          1
          1
          1
          1
          1
          1
          1
          1
          1
          1
          1
          1
          1
          1
          1
          1
          1
          1
          1
          1
          1
          1
          1
          1
          1
          1
          1
          1
          1
          1
          1
          1
          1
          1
          1
          1
          1
          1
          1
          1
          1
          1
          1
          1
          1
          1
          1
          1
          1
          1
          1
          1
          1
          1
          1
          1
          1
          1
          1
          1
          1
          1
          1
          1
          1
          1
          1
          1
          1
          1
          1
          1
          1
          1
          1
          1
          1
          1
          1
          1
          1
          1
          1
          1
          1
          1
          1
          1
          1
          1
          1
          1
          1
          1
          1
          1
          1
          1
          1
          1
          1
          1
          1
          1
          1
          1
          1
          1
          1
          1
          1
          1
          1
          1
          1
          1
          1
          1
          1
          1
          1
          1
          1
          1
          1
          1
          1
          1
          1
          1
          1
          1
          1
          1
          1
          1
          1
          1
          1
          1
          1
          1
          1
          1
          1
          1
          1
          1
          1
          1
          1
          1
          1
          1
          1
          1
          1
          1
          1
          1
          1
          1
          1
          1
          1
          1
          1
          1
          1
          1
          1
          1
          1
          1
          1
          1
          1
          1
          1
          1
          1
          1
          1
          1
          1
          1
          1
          1
          1
          1
          1
          1
          1
          1
          1
          1
          1
          1
          1
          1
          1
          1
          1
          1
          1
          1
          1
          1
          1
          1
          1
          1
          1
          1
          1
          1
          1
          1
          1
          1
          1
          1
          1
          1
          1
          1
          1
          1
          1
          1
          1
          1
          1
          1
          1
          1
          1
          1
          1
          1
          1
          1
          1
          1
          1
          1
          1
          1
          1
          1
          1
          1
          1
          1
          1
          1
          1
          1
          1
          1
          1
          1
          1
          1
          1
          1
          1
          1
          1
          1
          1
          1
          1
          1
          1
          1
          1
          1
          1
          1
          1
          1
          1
          1
          1
          1
          1
          1
          1
          1
          1
          1
          1
          1
          1
          1
          1
          1
          1
          1
          1
          1
          1
          1
          1
          1
          1
          1
          1
          1
          1
          1
          1
          1
          1
          1
          1
          1
          1
          1
          1
          1
          1
          1
          1
          1
          1
          1
          1
          1
          1
          1
          1
          1
          1
          1
          1
          1
          1
          1
          1
          1
          1
          1
          1
          1
          1
          1
          1
          1
          1
          1
          1
          1
          1
          1
          1
          1
          1
          1
          1
          1
          1
          1
          1
          1
          1
          1
          1
          1
          1
          1
          1
          1
          1
          1
          1
          1
          1
          1
          1
          1
          1
          1
          1
          1
          1
          1
          1
          1
          1
          1
          1
          1
          1
          1
          1
          1
          1
          1
          1
          1
          1
          1
          1
          1
          1
   0.999999
   0.999999
   0.999997
   0.999996
   0.999995
   0.999994
   0.999994
   0.999995
   0.999996
   0.999997
   0.999999
   0.999999
          1
          1
          1
          1
          1
          1
          1
          1
          1
          1
          1
          1
          1
          1
          1
          1
          1
          1
          1
          1
          1
          1
          1
          1
          1
          1
          1
          1
          1
          1
          1
          1
          1
          1
          1
          1
          1
          1
          1
          1
          1
          1
          1
          1
          1
   0.999999
   0.999998
   0.999996
    0.99999
   0.999979
   0.999962
    0.99994
    0.99992
   0.999905
   0.999906
   0.999919
    0.99994
   0.999961
   0.999979
    0.99999
   0.999996
   0.999998
   0.999999
          1
          1
          1
          1
          1
          1
          1
          1
          1
          1
          1
          1
          1
          1
          1
          1
          1
          1
          1
          1
          1
          1
          1
          1
          1
          1
          1
          1
          1
          1
          1
          1
          1
          1
          1
          1
          1
          1
          1
          1
          1
   0.999998
   0.999994
   0.999979
   0.999941
   0.999854
   0.999688
    0.99942
   0.999083
   0.998735
   0.998524
    0.99852
   0.998736
   0.999075
   0.999427
   0.999688
   0.999856
   0.999942
   0.999979
   0.999994
   0.999998
          1
          1
          1
          1
          1
          1
          1
          1
          1
          1
          1
          1
          1
          1
          1
          1
          1
          1
          1
          1
          1
          1
          1
          1
          1
          1
          1
          1
          1
          1
          1
          1
          1
          1
          1
          1
          1
          1
   0.999999
   0.999995
   0.999979
   0.999919
   0.999731
    0.99921
    0.99799
   0.995562
   0.991645
   0.986492
   0.981359
    0.97806
    0.97809
   0.981336
   0.986492
   0.991606
   0.995583
   0.997981
   0.999208
    0.99973
   0.999919
   0.999979
   0.999995
   0.999999
          1
          1
          1
          1
          1
          1
          1
          1
          1
          1
          1
          1
          1
          1
          1
          1
          1
          1
          1
          1
          1
          1
          1
          1
          1
          1
          1
          1
          1
          1
          1
          1
          1
          1
          1
   0.999998
   0.999989
   0.999946
    0.99976
   0.999053
   0.996674
   0.989911
   0.973772
    0.94253
   0.894484
   0.836866
   0.784815
   0.754855
   0.754742
   0.784919
   0.836506
   0.894616
    0.94252
   0.973879
   0.989925
   0.996678
   0.999051
   0.999761
   0.999946
   0.999989
   0.999998
          1
          1
          1
          1
          1
          1
          1
          1
          1
          1
          1
          1
          1
          1
          1
          1
          1
          1
          1
          1
          1
          1
          1
          1
          1
          1
          1
          1
          1
          1
          1
          1
          1
   0.999997
   0.999981
   0.999894
   0.999447
   0.997437
   0.989405
   0.962184
   0.889023
   0.747327
   0.560567
   0.394834
   0.282552
   0.219828
   0.192114
    0.19254
   0.219458
   0.282976
    0.39409
   0.561476
   0.746531
   0.889164
   0.962135
   0.989434
   0.997445
   0.999451
   0.999895
   0.999981
   0.999997
          1
          1
          1
          1
          1
          1
          1
          1
          1
          1
          1
          1
          1
          1
          1
          1
          1
          1
          1
          1
          1
          1
          1
          1
          1
          1
          1
          1
          1
          1
          1
   0.999997
   0.999976
   0.999841
    0.99904
   0.994761
   0.974655
     0.8982
   0.699273
   0.419228
   0.209869
   0.106119
  0.0603611
  0.0399911
   0.030714
  0.0270926
  0.0270515
  0.0307956
  0.0399097
   0.060531
   0.106079
   0.210577
   0.418227
   0.699544
   0.897973
   0.974641
   0.994767
   0.999032
   0.999843
   0.999976
   0.999997
          1
          1
          1
          1
          1
          1
          1
          1
          1
          1
          1
          1
          1
          1
          1
          1
          1
          1
          1
          1
          1
          1
          1
          1
          1
          1
          1
          1
          1
   0.999997
   0.999976
   0.999819
   0.998736
   0.991872
   0.954679
   0.804134
   0.479138
   0.196734
  0.0748699
  0.0333223
  0.0186423
  0.0129156
   0.010488
 0.00941883
 0.00900886
 0.00901704
 0.00940781
  0.0104987
  0.0128975
  0.0186818
  0.0332371
  0.0749339
   0.196584
   0.479133
   0.804481
   0.954763
   0.991922
   0.998709
    0.99982
   0.999976
   0.999997
          1
          1
          1
          1
          1
          1
          1
          1
          1
          1
          1
          1
          1
          1
          1
          1
          1
          1
          1
          1
          1
          1
          1
          1
          1
          1
          1
   0.999998
   0.999982
   0.999845
   0.998742
   0.990591
   0.939851
   0.721827
    0.33133
   0.104382
  0.0352296
  0.0161999
  0.0104452
 0.00867887
 0.00833857
 0.00849371
 0.00876288
 0.00894077
 0.00894042
 0.00876846
 0.00849017
  0.0083482
 0.00868001
   0.010459
  0.0161761
  0.0352627
    0.10411
   0.331318
   0.721775
   0.940107
   0.990682
   0.998731
   0.999846
   0.999982
   0.999998
          1
          1
          1
          1
          1
          1
          1
          1
          1
          1
          1
          1
          1
          1
          1
          1
          1
          1
          1
          1
          1
          1
          1
          1
          1
   0.999999
   0.999989
   0.999898
   0.999056
   0.991988
   0.940368
   0.691038
   0.267022
  0.0705291
  0.0226744
  0.0114466
 0.00882293
 0.00875168
 0.00968475
  0.0109951
  0.0123247
   0.013367
  0.0139519
   0.013947
  0.0133688
  0.0123288
  0.0110012
  0.0096958
 0.00875476
 0.00883085
  0.0114614
  0.0226997
  0.0706436
   0.266924
   0.690089
   0.940373
   0.992013
   0.999057
   0.999898
   0.999989
   0.999999
          1
          1
          1
          1
          1
          1
          1
          1
          1
          1
          1
          1
          1
          1
          1
          1
          1
          1
          1
          1
          1
          1
          1
          1
   0.999995
   0.999948
    0.99947
    0.99489
   0.955768
   0.724694
   0.268507
  0.0622221
  0.0187412
   0.010058
 0.00878306
  0.0098568
  0.0120101
  0.0147203
  0.0176026
  0.0202461
  0.0222777
  0.0233769
  0.0233786
  0.0222801
  0.0202489
  0.0176113
  0.0147089
  0.0120126
 0.00984492
 0.00878533
  0.0100425
  0.0188237
  0.0624568
   0.268691
    0.72381
   0.955902
   0.994902
   0.999466
   0.999948
   0.999995
          1
          1
          1
          1
          1
          1
          1
          1
          1
          1
          1
          1
          1
          1
          1
          1
          1
          1
          1
          1
          1
          1
          1
   0.999998
    0.99998
    0.99977
   0.997549
   0.975437
    0.80931
    0.33523
  0.0713847
   0.018814
 0.00974208
 0.00896529
  0.0108524
   0.014167
   0.018452
    0.02331
  0.0282903
  0.0328006
  0.0362307
  0.0381005
  0.0380932
  0.0362337
  0.0328027
  0.0282881
  0.0233221
  0.0184459
  0.0141747
  0.0108453
 0.00896952
 0.00972218
  0.0188748
  0.0714067
     0.3356
   0.808048
   0.975558
    0.99753
    0.99977
    0.99998
   0.999998
          1
          1
          1
          1
          1
          1
          1
          1
          1
          1
          1
          1
          1
          1
          1
          1
          1
          1
          1
          1
          1
          1
   0.999994
   0.999924
   0.999099
   0.989898
   0.902183
    0.48813
   0.106381
  0.0229556
  0.0100322
 0.00893053
  0.0112068
  0.0154143
  0.0211596
  0.0281223
  0.0358713
  0.0437474
  0.0508565
  0.0562843
  0.0592253
  0.0592296
  0.0562734
  0.0508502
  0.0437429
  0.0358567
  0.0281311
  0.0211513
  0.0154158
   0.011205
 0.00893544
  0.0100308
  0.0229632
   0.106476
   0.487754
   0.902025
   0.989861
   0.999095
   0.999924
   0.999994
          1
          1
          1
          1
          1
          1
          1
          1
          1
          1
          1
          1
          1
          1
          1
          1
          1
          1
          1
          1
          1
   0.999999
   0.999981
   0.999748
   0.996872
   0.964355
   0.710351
   0.203591
  0.0360214
  0.0115018
  0.0087174
  0.0107633
  0.0153494
  0.0220992
  0.0308079
  0.0412515
  0.0528362
  0.0646141
  0.0753012
  0.0834614
  0.0879246
  0.0878955
   0.083467
  0.0752894
  0.0646113
  0.0528423
  0.0412428
  0.0308086
  0.0220809
  0.0153515
  0.0107644
 0.00871579
  0.0114979
  0.0360771
   0.202903
   0.710698
    0.96433
   0.996861
   0.999749
   0.999981
   0.999999
          1
          1
          1
          1
          1
          1
          1
          1
          1
          1
          1
          1
          1
          1
          1
          1
          1
          1
          1
          1
   0.999996
   0.999946
   0.999263
   0.990614
   0.895404
   0.433794
  0.0778304
  0.0164754
 0.00877819
 0.00971796
  0.0139868
  0.0209934
  0.0306867
  0.0430986
  0.0579584
  0.0744746
  0.0913569
   0.106663
    0.11839
   0.124734
    0.12475
   0.118363
   0.106661
  0.0913449
   0.074473
  0.0579444
   0.043108
  0.0306852
  0.0209841
  0.0139918
 0.00971554
  0.0087703
  0.0164946
  0.0778841
   0.432655
    0.89575
   0.990581
   0.999262
   0.999946
   0.999996
          1
          1
          1
          1
          1
          1
          1
          1
          1
          1
          1
          1
          1
          1
          1
          1
          1
          1
          1
   0.999999
   0.999991
   0.999865
   0.998135
   0.975628
   0.760728
   0.220334
  0.0346138
  0.0104973
 0.00863254
  0.0117722
  0.0181673
  0.0277928
  0.0409632
  0.0577619
  0.0779364
   0.100484
   0.123489
   0.144264
   0.160034
    0.16857
   0.168549
   0.160042
   0.144252
   0.123479
    0.10047
  0.0779229
  0.0577518
   0.040959
  0.0278004
  0.0181636
  0.0117766
 0.00861469
  0.0105217
  0.0346259
    0.22061
   0.760276
   0.975616
   0.998131
   0.999866
   0.999991
   0.999999
          1
          1
          1
          1
          1
          1
          1
          1
          1
          1
          1
          1
          1
          1
          1
          1
          1
          1
   0.999999
   0.999981
   0.999714
   0.995896
   0.946706
   0.578521
   0.112312
  0.0191769
  0.0086304
 0.00947276
    0.01439
  0.0228672
  0.0353699
  0.0523142
  0.0740179
   0.100206
   0.129449
   0.159061
   0.185441
   0.205167
   0.215658
   0.215659
   0.205142
   0.185441
   0.159017
   0.129426
   0.100176
  0.0740108
  0.0522988
  0.0353616
  0.0228743
  0.0143891
 0.00947179
 0.00862661
   0.019236
   0.112054
   0.579137
   0.946621
   0.995881
   0.999717
    0.99998
   0.999999
          1
          1
          1
          1
          1
          1
          1
          1
          1
          1
          1
          1
          1
          1
          1
          1
          1
          1
   0.999998
   0.999965
   0.999469
   0.992294
   0.901893
   0.413307
  0.0637031
  0.0131736
 0.00819437
  0.0107116
  0.0171424
  0.0276963
   0.043014
  0.0638282
  0.0905678
   0.122845
   0.158665
   0.194402
   0.225544
   0.248292
   0.260206
   0.260194
   0.248282
   0.225528
    0.19438
   0.158634
   0.122822
  0.0905407
  0.0638188
  0.0429995
  0.0276946
  0.0171449
  0.0106901
 0.00820132
  0.0131739
  0.0637825
   0.413136
    0.90158
   0.992282
   0.999472
   0.999965
   0.999998
          1
          1
          1
          1
          1
          1
          1
          1
          1
          1
          1
          1
          1
          1
          1
          1
          1
          1
   0.999997
   0.999946
    0.99916
   0.987535
   0.848322
   0.297574
  0.0421632
  0.0105674
 0.00830346
  0.0119478
  0.0196976
  0.0320333
  0.0499221
  0.0742391
   0.105541
   0.143251
   0.184659
   0.225142
    0.25957
   0.284134
    0.29677
   0.296775
    0.28411
   0.259563
   0.225111
   0.184633
   0.143209
   0.105522
   0.074199
  0.0499281
  0.0320338
  0.0196957
  0.0119469
 0.00828771
  0.0105923
  0.0421533
    0.29811
   0.848077
   0.987486
   0.999167
   0.999945
   0.999996
          1
          1
          1
          1
          1
          1
          1
          1
          1
          1
          1
          1
          1
          1
          1
          1
          1
          1
   0.999995
   0.999928
   0.998844
   0.982993
   0.799024
   0.233716
   0.032173
 0.00945303
 0.00852234
  0.0129455
   0.021626
  0.0353582
  0.0551697
  0.0821742
   0.116989
   0.158703
    0.20402
   0.247536
   0.283765
   0.309128
   0.321995
   0.321988
   0.309116
   0.283762
   0.247517
   0.203995
   0.158675
   0.116936
  0.0821675
  0.0551453
  0.0353576
  0.0216353
  0.0129299
 0.00852908
 0.00944855
  0.0322872
   0.233736
   0.798768
   0.982979
   0.998853
   0.999927
   0.999995
          1
          1
          1
          1
          1
          1
          1
          1
          1
          1
          1
          1
          1
          1
          1
          1
          1
          1
   0.999995
   0.999916
   0.998666
   0.979919
   0.772141
   0.204377
  0.0284262
 0.00900903
  0.0086925
  0.0134867
   0.022695
   0.037142
  0.0580218
  0.0864961
   0.123165
   0.167029
   0.214313
   0.259232
   0.296209
   0.321785
   0.334683
    0.33467
   0.321772
   0.296207
   0.259201
    0.21426
   0.166975
    0.12315
  0.0864398
  0.0580162
  0.0371188
  0.0226953
  0.0134878
 0.00867316
 0.00902255
  0.0284219
   0.204932
   0.772014
   0.979837
    0.99869
   0.999915
   0.999995
          1
          1
          1
          1
          1
          1
          1
          1
          1
          1
          1
          1
          1
          1
          1
          1
          1
          1
   0.999995
   0.999917
   0.998652
   0.980127
   0.770952
   0.205262
  0.0283569
 0.00902159
 0.00868796
  0.0134905
   0.022689
  0.0371524
  0.0580258
  0.0864768
   0.123186
   0.167008
   0.214307
   0.259238
   0.296198
   0.321794
   0.334682
   0.334669
   0.321784
    0.29619
   0.259206
   0.214254
   0.166992
   0.123124
   0.086477
  0.0579749
  0.0371489
  0.0226832
  0.0134742
 0.00869049
 0.00900689
  0.0284458
   0.205216
   0.770756
   0.980073
   0.998665
   0.999916
   0.999995
          1
          1
          1
          1
          1
          1
          1
          1
          1
          1
          1
          1
          1
          1
          1
          1
          1
          1
   0.999995
   0.999927
   0.998856
   0.982909
   0.799851
   0.232946
  0.0322463
 0.00944725
 0.00852907
  0.0129463
  0.0216357
  0.0353547
  0.0551723
  0.0821846
   0.116964
   0.158702
   0.204012
   0.247526
   0.283774
   0.309117
   0.321995
   0.321991
   0.309104
   0.283754
   0.247473
   0.203978
   0.158645
   0.116954
  0.0821269
   0.055182
  0.0353322
   0.021643
   0.012942
 0.00851114
 0.00946512
  0.0322744
   0.233683
   0.799321
    0.98282
   0.998867
   0.999927
   0.999995
          1
          1
          1
          1
          1
          1
          1
          1
          1
          1
          1
          1
          1
          1
          1
          1
          1
          1
   0.999996
   0.999946
   0.999156
   0.987572
   0.847947
   0.298288
  0.0420974
   0.010582
 0.00829913
  0.0119518
  0.0197011
  0.0320426
   0.049927
  0.0742283
   0.105554
   0.143229
   0.184653
   0.225126
   0.259558
   0.284117
   0.296772
   0.296751
   0.284114
   0.259532
    0.22511
   0.184604
   0.143218
   0.105492
  0.0742378
  0.0498844
  0.0320488
  0.0196864
  0.0119364
 0.00830648
  0.0105735
  0.0422318
   0.298071
    0.84781
   0.987545
   0.999162
   0.999945
   0.999996
          1
          1
          1
          1
          1
          1
          1
          1
          1
          1
          1
          1
          1
          1
          1
          1
          1
          1
   0.999998
   0.999965
    0.99947
   0.992271
   0.901975
   0.412655
  0.0637986
   0.013166
 0.00819763
  0.0107078
  0.0171469
  0.0276987
  0.0430216
  0.0638259
  0.0905562
   0.122839
   0.158649
   0.194384
   0.225521
   0.248279
   0.260197
   0.260185
   0.248254
   0.225515
   0.194339
   0.158621
   0.122785
  0.0905422
  0.0637844
  0.0430188
  0.0276778
  0.0171482
  0.0107098
 0.00818043
  0.0131929
  0.0636949
   0.413423
   0.901774
   0.992266
   0.999474
   0.999965
   0.999998
          1
          1
          1
          1
          1
          1
          1
          1
          1
          1
          1
          1
          1
          1
          1
          1
          1
          1
   0.999999
   0.999981
   0.999712
   0.995908
   0.946654
   0.579226
    0.11199
  0.0192241
 0.00862778
 0.00947538
   0.014386
   0.022884
  0.0353634
  0.0523176
  0.0740265
   0.100186
   0.129438
   0.159037
   0.185428
   0.205129
   0.215633
   0.215613
   0.205128
   0.185398
   0.159018
   0.129392
   0.100176
  0.0739962
  0.0523209
  0.0353417
  0.0228744
  0.0143886
 0.00946046
 0.00864919
  0.0191916
   0.112358
   0.578962
   0.946605
   0.995891
   0.999716
    0.99998
   0.999999
          1
          1
          1
          1
          1
          1
          1
          1
          1
          1
          1
          1
          1
          1
          1
          1
          1
          1
   0.999999
   0.999991
   0.999866
   0.998129
   0.975686
   0.760181
   0.220638
  0.0345778
  0.0105189
 0.00862813
  0.0117841
  0.0181615
  0.0278158
  0.0409559
   0.057763
  0.0779393
   0.100486
   0.123477
   0.144265
   0.160038
   0.168545
   0.168542
   0.160017
   0.144247
    0.12345
   0.100458
  0.0778978
  0.0577469
  0.0409434
  0.0278016
  0.0181637
   0.011773
  0.0086382
  0.0104976
  0.0346591
   0.220526
   0.760418
    0.97567
   0.998121
   0.999866
   0.999991
   0.999999
          1
          1
          1
          1
          1
          1
          1
          1
          1
          1
          1
          1
          1
          1
          1
          1
          1
          1
          1
   0.999996
   0.999945
   0.999268
   0.990601
   0.895639
   0.433083
  0.0780683
  0.0164523
 0.00877716
 0.00971593
  0.0139988
  0.0209903
   0.030692
  0.0431125
  0.0579441
  0.0744753
  0.0913362
   0.106639
   0.118344
   0.124731
   0.124698
   0.118353
   0.106614
  0.0913296
  0.0744489
    0.05794
  0.0430823
  0.0306938
  0.0209822
  0.0139885
 0.00971995
 0.00875364
  0.0165003
   0.077888
   0.433167
   0.895988
   0.990537
   0.999263
   0.999946
   0.999996
          1
          1
          1
          1
          1
          1
          1
          1
          1
          1
          1
          1
          1
          1
          1
          1
          1
          1
          1
          1
   0.999999
   0.999981
   0.999748
   0.996885
   0.964295
   0.710365
   0.203577
  0.0360645
  0.0114955
 0.00871886
  0.0107607
  0.0153622
  0.0220872
  0.0308134
   0.041251
   0.052832
  0.0646168
  0.0752832
  0.0834624
  0.0878928
  0.0879066
    0.08344
  0.0752884
  0.0645904
  0.0528298
   0.041234
  0.0308078
  0.0220736
  0.0153436
  0.0107655
 0.00870564
  0.0115325
  0.0360946
   0.203192
   0.710415
   0.964193
   0.996883
   0.999747
   0.999981
   0.999999
          1
          1
          1
          1
          1
          1
          1
          1
          1
          1
          1
          1
          1
          1
          1
          1
          1
          1
          1
          1
          1
   0.999994
   0.999925
   0.999098
   0.989937
   0.902039
   0.488082
   0.106474
  0.0229235
  0.0100318
 0.00893797
  0.0112047
  0.0154222
  0.0211533
  0.0281217
  0.0358608
  0.0437189
  0.0508398
  0.0562587
  0.0592152
  0.0591984
  0.0562735
  0.0508258
  0.0437346
  0.0358535
  0.0281202
  0.0211495
  0.0154155
  0.0112119
 0.00892778
   0.010053
  0.0229424
   0.106462
   0.487814
   0.902203
   0.989963
   0.999092
   0.999923
   0.999994
          1
          1
          1
          1
          1
          1
          1
          1
          1
          1
          1
          1
          1
          1
          1
          1
          1
          1
          1
          1
          1
          1
   0.999998
    0.99998
    0.99977
   0.997528
   0.975492
   0.808857
   0.335606
  0.0713586
  0.0188322
 0.00971763
 0.00897457
  0.0108483
  0.0141711
  0.0184511
  0.0233154
  0.0282961
  0.0327945
  0.0362285
  0.0380836
  0.0380927
  0.0362192
    0.03281
  0.0282864
  0.0233149
   0.018455
  0.0141655
  0.0108542
 0.00895406
 0.00974409
  0.0188219
  0.0715357
   0.335884
   0.808296
   0.975567
   0.997529
   0.999769
    0.99998
   0.999998
          1
          1
          1
          1
          1
          1
          1
          1
          1
          1
          1
          1
          1
          1
          1
          1
          1
          1
          1
          1
          1
          1
          1
   0.999995
   0.999948
   0.999471
    0.99487
   0.955789
   0.724249
   0.268129
  0.0623896
  0.0187824
  0.0100415
 0.00878486
 0.00984958
  0.0120063
  0.0147126
  0.0176043
  0.0202535
  0.0222826
  0.0233824
  0.0233764
  0.0222794
  0.0202453
  0.0176023
  0.0147188
  0.0119989
 0.00985358
 0.00876619
  0.0100611
  0.0187672
  0.0625578
   0.269264
   0.723336
    0.95577
    0.99489
   0.999472
   0.999948
   0.999995
          1
          1
          1
          1
          1
          1
          1
          1
          1
          1
          1
          1
          1
          1
          1
          1
          1
          1
          1
          1
          1
          1
          1
          1
   0.999999
   0.999989
   0.999897
   0.999064
   0.991999
   0.940489
   0.690458
   0.266964
  0.0707274
  0.0226964
  0.0114555
 0.00882932
 0.00875682
 0.00968775
  0.0109947
  0.0123262
  0.0133681
  0.0139474
  0.0139455
  0.0133695
  0.0123196
  0.0109992
 0.00968249
 0.00876413
 0.00881252
  0.0114845
  0.0226966
  0.0708221
   0.267457
   0.690282
   0.940584
   0.992026
   0.999067
   0.999896
   0.999989
   0.999999
          1
          1
          1
          1
          1
          1
          1
          1
          1
          1
          1
          1
          1
          1
          1
          1
          1
          1
          1
          1
          1
          1
          1
          1
          1
   0.999998
   0.999982
   0.999845
   0.998735
   0.990661
   0.940039
   0.722007
   0.331293
   0.104479
  0.0352251
   0.016191
  0.0104492
 0.00867907
 0.00834446
  0.0084915
 0.00876611
  0.0089335
 0.00894532
 0.00876167
 0.00850007
 0.00833329
 0.00869952
   0.010434
  0.0162256
  0.0352527
   0.104545
   0.331406
   0.721461
   0.940301
   0.990647
   0.998742
   0.999842
   0.999982
   0.999998
          1
          1
          1
          1
          1
          1
          1
          1
          1
          1
          1
          1
          1
          1
          1
          1
          1
          1
          1
          1
          1
          1
          1
          1
          1
          1
          1
   0.999997
   0.999976
   0.999821
   0.998724
   0.991928
   0.954892
   0.804924
   0.479226
   0.197234
  0.0750158
  0.0333116
  0.0186477
  0.0129093
   0.010498
 0.00941092
  0.0090196
 0.00900847
 0.00942795
  0.0104783
  0.0129333
  0.0186371
  0.0333524
  0.0748253
   0.196869
   0.478811
   0.804325
   0.954987
   0.991887
   0.998726
   0.999818
   0.999976
   0.999997
          1
          1
          1
          1
          1
          1
          1
          1
          1
          1
          1
          1
          1
          1
          1
          1
          1
          1
          1
          1
          1
          1
          1
          1
          1
          1
          1
          1
          1
   0.999997
   0.999976
   0.999841
    0.99904
   0.994749
   0.974688
   0.898534
   0.699323
     0.4192
    0.21057
   0.106176
  0.0603726
  0.0399959
  0.0307703
  0.0270413
  0.0271038
  0.0307297
  0.0399812
  0.0603473
   0.106403
   0.210365
   0.419185
    0.69944
   0.898541
   0.974814
   0.994748
   0.999042
    0.99984
   0.999976
   0.999997
          1
          1
          1
          1
          1
          1
          1
          1
          1
          1
          1
          1
          1
          1
          1
          1
          1
          1
          1
          1
          1
          1
          1
          1
          1
          1
          1
          1
          1
          1
          1
   0.999997
   0.999981
   0.999893
   0.999453
   0.997439
    0.98943
   0.962318
   0.889305
    0.74741
   0.561072
   0.395629
   0.283102
   0.220144
   0.192804
   0.192787
    0.22007
   0.283262
     0.3957
   0.561981
    0.74761
   0.889535
   0.962288
   0.989467
   0.997443
   0.999452
   0.999893
   0.999981
   0.999997
          1
          1
          1
          1
          1
          1
          1
          1
          1
          1
          1
          1
          1
          1
          1
          1
          1
          1
          1
          1
          1
          1
          1
          1
          1
          1
          1
          1
          1
          1
          1
          1
          1
   0.999998
   0.999989
   0.999945
   0.999762
   0.999048
    0.99667
   0.989931
    0.97384
   0.942766
   0.894332
   0.837663
   0.785612
   0.755572
   0.755218
   0.785871
   0.836832
    0.89498
   0.942619
   0.973882
   0.989851
   0.996666
   0.999044
   0.999759
   0.999946
   0.999989
   0.999998
          1
          1
          1
          1
          1
          1
          1
          1
          1
          1
          1
          1
          1
          1
          1
          1
          1
          1
          1
          1
          1
          1
          1
          1
          1
          1
          1
          1
          1
          1
          1
          1
          1
          1
          1
   0.999999
   0.999995
   0.999979
    0.99992
    0.99973
   0.999211
   0.997993
   0.995542
   0.991679
   0.986466
   0.981351
    0.97803
   0.978134
   0.981241
   0.986531
   0.991608
   0.995588
   0.997982
   0.999217
    0.99973
    0.99992
   0.999979
   0.999995
   0.999999
          1
          1
          1
          1
          1
          1
          1
          1
          1
          1
          1
          1
          1
          1
          1
          1
          1
          1
          1
          1
          1
          1
          1
          1
          1
          1
          1
          1
          1
          1
          1
          1
          1
          1
          1
          1
          1
          1
   0.999998
   0.999994
   0.999979
   0.999941
   0.999855
   0.999692
   0.999423
   0.999086
   0.998741
   0.998529
   0.998522
   0.998747
   0.999078
   0.999429
   0.999689
   0.999856
   0.999941
   0.999979
   0.999993
   0.999998
          1
          1
          1
          1
          1
          1
          1
          1
          1
          1
          1
          1
          1
          1
          1
          1
          1
          1
          1
          1
          1
          1
          1
          1
          1
          1
          1
          1
          1
          1
          1
          1
          1
          1
          1
          1
          1
          1
          1
          1
          1
   0.999999
   0.999998
   0.999996
    0.99999
   0.999978
   0.999962
    0.99994
   0.999919
   0.999905
   0.999906
   0.999919
    0.99994
   0.999961
   0.999979
    0.99999
   0.999996
   0.999998
   0.999999
          1
          1
          1
          1
          1
          1
          1
          1
          1
          1
          1
          1
          1
          1
          1
          1
          1
          1
          1
          1
          1
          1
          1
          1
          1
          1
          1
          1
          1
          1
          1
          1
          1
          1
          1
          1
          1
          1
          1
          1
          1
          1
          1
          1
          1
   0.999999
   0.999999
   0.999997
   0.999996
   0.999995
   0.999994
   0.999994
   0.999995
   0.999996
   0.999997
   0.999999
   0.999999
          1
          1
          1
          1
          1
          1
          1
          1
          1
          1
          1
          1
          1
          1
          1
          1
          1
          1
          1
          1
          1
          1
          1
          1
          1
          1
          1
          1
          1
          1
          1
          1
          1
          1
          1
          1
          1
          1
          1
          1
          1
          1
          1
          1
          1
          1
          1
          1
          1
          1
          1
          1
          1
          1
          1
          1
          1
          1
          1
          1
          1
          1
          1
          1
          1
          1
          1
          1
          1
          1
          1
          1
          1
          1
          1
          1
          1
          1
          1
          1
          1
          1
          1
          1
          1
          1
          1
          1
          1
          1
          1
          1
          1
          1
          1
          1
          1
          1
          1
          1
          1
          1
          1
          1
          1
          1
          1
          1
          1
          1
          1
          1
          1
          1
          1
          1
          1
          1
          1
          1
          1
          1
          1
          1
          1
          1
          1
          1
          1
          1
          1
          1
          1
          1
          1
          1
          1
          1
          1
          1
          1
          1
          1
          1
          1
          1
          1
          1
          1
          1
          1
          1
          1
          1
          1
          1
          1
          1
          1
          1
          1
          1
          1
          1
          1
          1
          1
          1
          1
          1
          1
          1
          1
          1
          1
          1
          1
          1
          1
          1
          1
          1
          1
          1
          1
          1
          1
          1
          1
          1
          1
          1
          1
          1
          1
          1
          1
          1
          1
          1
          1
          1
          1
          1
          1
          1
          1
          1
          1
          1
          1
          1
          1
          1
          1
          1
          1
          1
          1
          1
          1
          1
          1
          1
          1
          1
          1
          1
          1
          1
          1
          1
          1
          1
          1
          1
          1
          1
          1
          1
          1
          1
          1
          1
          1
          1
          1
          1
          1
          1
          1
          1
          1
          1
          1
          1
          1
          1
          1
          1
          1
          1
          1
          1
          1
          1
          1
          1
          1
          1
          1
          1
          1
          1
          1
          1
          1
          1
          1
          1
          1
          1
          1
          1
          1
          1
          1
          1
          1
          1
          1
          1
          1
          1
          1
          1
          1
          1
          1
          1
          1
          1
          1
          1
          1
          1
          1
          1
          1
          1
          1
          1
          1
          1
          1
          1
          1
          1
          1
          1
          1
          1
          1
          1
          1
          1
          1
          1
          1
          1
          1
          1
          1
          1
          1
          1
          1
          1
          1
          1
          1
          1
          1
          1
          1
          1
          1
          1
          1
          1
          1
          1
          1
          1
          1
          1
          1
          1
          1
          1
          1
          1
          1
          1
          1
          1
          1
          1
          1
          1
          1
          1
          1
          1
          1
          1
          1
          1
          1
          1
          1
          1
          1
          1
          1
          1
          1
          1
          1
          1
          1
          1
          1
          1
          1
          1
          1
          1
          1
          1
          1
          1
          1
          1
          1
          1
          1
          1
          1
          1
          1
          1
          1
          1
          1
          1
          1
          1
          1
          1
          1
          1
          1
          1
          1
          1
          1
          1
          1
          1
          1
          1
          1
          1
          1
          1
          1
          1
          1
          1
          1
          1
          1
          1
          1
          1
          1
          1
          1
          1
          1
          1
          1
          1
          1
          1
          1
          1
          1
          1
          1
          1
          1
          1
          1
          1
          1
          1
          1
          1
          1
          1
          1
          1
          1
          1
          1
          1
          1
          1
          1
          1
          1
          1
          1
          1
          1
          1
          1
          1
          1
          1
          1
          1
          1
          1
          1
          1
          1
          1
          1
          1
          1
          1
          1
          1
          1
          1
          1
          1
          1
          1
          1
          1
          1
          1
          1
          1
          1
          1
          1
          1
          1
          1
          1
          1
          1
          1
          1
          1
          1
          1
          1
          1
          1
          1
          1
          1
          1
          1
          1
          1
          1
          1
          1
          1
          1
          1
          1
          1
          1
          1
          1
          1
          1
          1
          1
          1
          1
          1
          1
          1
          1
          1
          1
          1
          1
          1
          1
          1
          1
          1
          1
          1
          1
          1
          1
          1
          1
          1
          1
          1
          1
          1
          1
          1
          1
          1
          1
          1
          1
          1
          1
          1
          1
          1
          1
          1
          1
          1
          1
          1
          1
          1
          1
          1
          1
          1
          1
          1
          1
          1
          1
          1
          1
          1
          1
          1
          1
          1
          1
          1
          1
          1
          1
          1
          1
          1
          1
          1
          1
          1
          1
          1
          1
          1
          1
          1
          1
          1
          1
          1
          1
          1
          1
          1
          1
          1
          1
          1
          1
          1
          1
          1
          1
          1
          1
          1
          1
          1
          1
          1
          1
          1
          1
          1
          1
          1
          1
          1
          1
          1
          1
          1
          1
          1
          1
          1
          1
          1
          1
          1
          1
          1
          1
          1
          1
          1
          1
          1
          1
          1
          1
          1
          1
          1
          1
          1
          1
          1
          1
          1
          1
          1
          1
          1
          1
          1
          1
          1
          1
          1
          1
          1
          1
          1
          1
          1
          1
          1
          1
          1
          1
          1
          1
          1
          1
          1
          1
          1
          1
          1
          1
          1
          1
          1
          1
          1
          1
          1
          1
          1
          1
          1
          1
          1
          1
          1
          1
          1
          1
          1
          1
          1
          1
          1
          1
          1
          1
          1
          1
          1
          1
          1
          1
          1
          1
          1
          1
          1
          1
          1
          1
          1
          1
          1
          1
          1
          1
          1
          1
          1
          1
          1
          1
          1
          1
          1
          1
          1
          1
          1
          1
          1
          1
          1
          1
          1
          1
          1
          1
          1
          1
          1
          1
          1
          1
          1
          1
          1
          1
          1
          1
          1
          1
          1
          1
          1
          1
          1
          1
          1
          1
          1
          1
          1
          1
          1
          1
          1
          1
          1
          1
          1
          1
          1
          1
          1
          1
          1
          1
          1
          1
          1
          1
          1
          1
          1
          1
          1
          1
          1
          1
          1
          1
          1
          1
          1
          1
          1
          1
          1
          1
          1
          1
          1
          1
          1
          1
          1
          1
          1
          1
          1
          1
          1
          1
          1
          1
          1
          1
          1
          1
          1
          1
          1
          1
          1
          1
          1
          1
          1
          1
          1
          1
          1
          1
          1
          1
          1
          1
          1
          1
          1
          1
          1
          1
          1
          1
          1
          1
          1
          1
          1
          1
          1
          1
          1
          1
          1
          1
          1
          1
          1
          1
          1
          1
          1
          1
          1
          1
          1
          1
          1
          1
          1
          1
          1
          1
          1
          1
          1
          1
          1
          1
          1
          1
          1
          1
          1
          1
          1
          1
          1
          1
          1
          1
          1
          1
          1
          1
          1
          1
          1
          1
          1
          1
          1
          1
          1
          1
          1
          1
          1
          1
          1
          1
          1
          1
          1
          1
          1
          1
          1
          1
          1
          1
          1
          1
          1
          1
          1
          1
          1
          1
          1
          1
          1
          1
          1
          1
          1
          1
          1
          1
          1
          1
          1
          1
          1
          1
          1
          1
          1
          1
          1
          1
          1
          1
          1
          1
          1
          1
          1
          1
          1
          1
          1
          1
          1
          1
          1
          1
          1
          1
          1
          1
          1
          1
          1
          1
          1
          1
          1
          1
          1
          1
          1
          1
          1
          1
          1
          1
          1
          1
          1
          1
          1
          1
          1
          1
          1
          1
          1
          1
          1
          1
          1
          1
          1
          1
          1
          1
          1
          1
          1
          1
          1
          1
          1
          1
          1
          1
          1
          1
          1
          1
          1
          1
          1
          1
          1
          1
          1
          1
          1
          1
          1
          1
          1
          1
          1
          1
          1
          1
          1
          1
          1
          1
          1
          1
          1
          1
          1
          1
          1
          1
          1
          1
          1
          1
          1
          1
          1
          1
          1
          1
          1
          1
          1
          1
   0.999999
   0.999999
   0.999999
   0.999999
   0.999999
   0.999999
          1
          1
          1
          1
          1
          1
          1
          1
          1
          1
          1
          1
          1
          1
          1
          1
          1
          1
          1
          1
          1
          1
          1
          1
          1
          1
          1
          1
          1
          1
          1
          1
          1
          1
          1
          1
          1
          1
          1
          1
          1
          1
          1
          1
          1
          1
          1
          1
          1
          1
   0.999999
   0.999998
   0.999996
   0.999994
   0.999991
   0.999987
   0.999985
   0.999985
   0.999987
    0.99999
   0.999994
   0.999996
   0.999998
   0.999999
          1
          1
          1
          1
          1
          1
          1
          1
          1
          1
          1
          1
          1
          1
          1
          1
          1
          1
          1
          1
          1
          1
          1
          1
          1
          1
          1
          1
          1
          1
          1
          1
          1
          1
          1
          1
          1
          1
          1
          1
          1
          1
          1
          1
   0.999999
   0.999997
   0.999991
   0.999977
   0.999953
   0.999915
   0.999866
   0.999819
   0.999788
   0.999789
   0.999818
   0.999867
   0.999915
   0.999953
   0.999977
    0.99999
   0.999997
   0.999999
          1
          1
          1
          1
          1
          1
          1
          1
          1
          1
          1
          1
          1
          1
          1
          1
          1
          1
          1
          1
          1
          1
          1
          1
          1
          1
          1
          1
          1
          1
          1
          1
          1
          1
          1
          1
          1
          1
          1
          1
   0.999999
   0.999996
   0.999987
   0.999958
   0.999881
   0.999705
   0.999374
   0.998844
   0.998163
   0.997454
   0.997012
   0.997004
   0.997462
   0.998147
   0.998856
   0.999374
   0.999709
   0.999882
   0.999958
   0.999987
   0.999996
   0.999999
          1
          1
          1
          1
          1
          1
          1
          1
          1
          1
          1
          1
          1
          1
          1
          1
          1
          1
          1
          1
          1
          1
          1
          1
          1
          1
          1
          1
          1
          1
          1
          1
          1
          1
          1
          1
          1
   0.999998
   0.999991
   0.999962
   0.999855
    0.99952
   0.998578
   0.996399
   0.992105
   0.985224
   0.976119
   0.967087
   0.961107
   0.961224
   0.966967
   0.976169
   0.985117
   0.992138
   0.996377
   0.998575
   0.999514
   0.999855
   0.999961
   0.999991
   0.999998
          1
          1
          1
          1
          1
          1
          1
          1
          1
          1
          1
          1
          1
          1
          1
          1
          1
          1
          1
          1
          1
          1
          1
          1
          1
          1
          1
          1
          1
          1
          1
          1
          1
          1
   0.999999
   0.999997
   0.999982
   0.999915
   0.999619
   0.998491
   0.994706
   0.984052
    0.95893
   0.912068
   0.842763
   0.764779
   0.697931
   0.660547
   0.659901
   0.698417
   0.763889
   0.843443
   0.911782
   0.959108
    0.98402
   0.994717
   0.998487
   0.999619
   0.999914
   0.999982
   0.999997
   0.999999
          1
          1
          1
          1
          1
          1
          1
          1
          1
          1
          1
          1
          1
          1
          1
          1
          1
          1
          1
          1
          1
          1
          1
          1
          1
          1
          1
          1
          1
          1
          1
   0.999999
   0.999996
   0.999974
   0.999852
   0.999234
   0.996406
   0.985226
   0.947938
   0.851766
   0.680726
   0.480738
   0.322889
   0.224957
   0.172569
   0.149994
   0.150144
   0.171999
   0.225195
   0.321832
   0.481073
    0.67927
   0.851842
   0.947754
   0.985166
   0.996415
   0.999235
   0.999855
   0.999974
   0.999996
   0.999999
          1
          1
          1
          1
          1
          1
          1
          1
          1
          1
          1
          1
          1
          1
          1
          1
          1
          1
          1
          1
          1
          1
          1
          1
          1
          1
          1
          1
          1
   0.999999
   0.999996
    0.99997
   0.999806
   0.998833
   0.993583
   0.969312
   0.878513
   0.658337
   0.374564
   0.182536
  0.0918178
  0.0526558
  0.0352505
  0.0273837
  0.0242463
   0.024228
  0.0274339
  0.0352107
  0.0527847
  0.0916848
   0.183071
   0.373662
   0.657917
   0.878808
   0.969019
   0.993575
   0.998817
   0.999807
    0.99997
   0.999996
   0.999999
          1
          1
          1
          1
          1
          1
          1
          1
          1
          1
          1
          1
          1
          1
          1
          1
          1
          1
          1
          1
          1
          1
          1
          1
          1
          1
          1
          1
   0.999997
   0.999975
   0.999808
   0.998655
   0.991402
   0.952318
   0.795609
   0.467179
   0.189904
  0.0722924
  0.0323784
  0.0182319
  0.0126871
  0.0103268
 0.00928683
 0.00888617
 0.00888737
 0.00927046
  0.0103378
  0.0126595
  0.0182562
  0.0322525
  0.0723774
   0.189344
   0.467029
   0.795807
   0.952374
   0.991399
   0.998648
   0.999809
   0.999975
   0.999997
          1
          1
          1
          1
          1
          1
          1
          1
          1
          1
          1
          1
          1
          1
          1
          1
          1
          1
          1
          1
          1
          1
          1
          1
          1
          1
          1
   0.999998
   0.999983
   0.999858
   0.998845
   0.991454
   0.945277
   0.742062
   0.353779
    0.11312
  0.0379378
  0.0169656
  0.0105818
 0.00851437
 0.00797167
 0.00798405
 0.00815719
 0.00827605
  0.0082789
 0.00815773
 0.00797857
 0.00797867
 0.00850992
  0.0105993
  0.0169354
  0.0378895
   0.112759
   0.352605
   0.740893
   0.945323
    0.99143
   0.998845
   0.999857
   0.999983
   0.999998
          1
          1
          1
          1
          1
          1
          1
          1
          1
          1
          1
          1
          1
          1
          1
          1
          1
          1
          1
          1
          1
          1
          1
          1
          1
   0.999999
   0.999991
   0.999918
   0.999262
   0.993679
    0.95308
   0.742841
   0.320474
  0.0868717
  0.0265699
  0.0122773
 0.00863274
 0.00802281
 0.00849694
  0.0093792
  0.0103205
  0.0110751
  0.0114931
  0.0114912
  0.0110707
  0.0103273
 0.00937679
 0.00850772
 0.00801678
  0.0086513
  0.0122903
  0.0266799
  0.0867192
    0.31995
   0.742322
    0.95305
   0.993688
   0.999257
   0.999917
   0.999991
   0.999999
          1
          1
          1
          1
          1
          1
          1
          1
          1
          1
          1
          1
          1
          1
          1
          1
          1
          1
          1
          1
          1
          1
          1
          1
   0.999997
   0.999963
   0.999638
   0.996533
   0.970093
    0.79885
   0.356364
  0.0875013
  0.0238684
  0.0108447
 0.00817132
 0.00836217
 0.00965121
  0.0114409
   0.013372
  0.0151372
  0.0164924
  0.0172132
  0.0172151
  0.0164886
  0.0151385
  0.0133746
  0.0114287
 0.00965557
 0.00835113
 0.00817234
  0.0108143
  0.0239477
  0.0872957
   0.356846
   0.798031
   0.970197
    0.99651
   0.999637
   0.999963
   0.999997
          1
          1
          1
          1
          1
          1
          1
          1
          1
          1
          1
          1
          1
          1
          1
          1
          1
          1
          1
          1
          1
          1
          1
   0.999999
   0.999988
   0.999863
   0.998564
   0.985903
   0.882696
   0.473987
   0.114821
  0.0268929
  0.0108388
 0.00809309
 0.00866971
  0.0106068
  0.0132817
  0.0163379
   0.019429
  0.0222123
  0.0243039
   0.025446
  0.0254342
  0.0243017
  0.0222084
  0.0194289
  0.0163432
  0.0132806
  0.0106117
 0.00867658
 0.00809842
  0.0108344
  0.0269256
   0.114906
   0.473263
   0.882482
   0.985871
   0.998552
   0.999864
   0.999988
   0.999999
          1
          1
          1
          1
          1
          1
          1
          1
          1
          1
          1
          1
          1
          1
          1
          1
          1
          1
          1
          1
          1
          1
   0.999997
   0.999961
   0.999545
   0.995028
   0.950542
   0.668326
   0.194729
  0.0386352
  0.0123391
  0.0081487
 0.00864686
  0.0109404
  0.0143286
  0.0184528
  0.0229874
  0.0275195
   0.031572
  0.0346653
  0.0363152
  0.0363236
  0.0346495
  0.0315721
  0.0275188
  0.0229764
  0.0184562
  0.0143247
  0.0109458
 0.00864675
 0.00815859
  0.0123448
  0.0387192
   0.194395
   0.668769
   0.950514
   0.994987
   0.999547
    0.99996
   0.999997
          1
          1
          1
          1
          1
          1
          1
          1
          1
          1
          1
          1
          1
          1
          1
          1
          1
          1
          1
          1
          1
   0.999999
   0.999991
    0.99989
   0.998677
   0.985077
   0.859794
   0.386724
  0.0746112
    0.01724
 0.00862754
 0.00829923
  0.0105337
    0.01428
  0.0191806
  0.0249641
  0.0312972
  0.0376282
  0.0433599
   0.047718
    0.05011
  0.0500916
  0.0477292
  0.0433502
  0.0376355
  0.0312969
  0.0249729
  0.0191781
  0.0142825
  0.0105399
 0.00830033
 0.00863038
  0.0172716
  0.0748342
   0.386012
    0.86055
   0.984931
   0.998678
    0.99989
   0.999991
   0.999999
          1
          1
          1
          1
          1
          1
          1
          1
          1
          1
          1
          1
          1
          1
          1
          1
          1
          1
          1
          1
   0.999998
   0.999979
   0.999727
    0.99663
   0.961743
   0.695587
   0.190592
  0.0334363
  0.0106601
 0.00795696
 0.00953292
  0.0131553
  0.0183352
  0.0248972
  0.0326135
  0.0410842
  0.0496718
  0.0574768
  0.0634805
  0.0667432
  0.0667522
  0.0634716
  0.0574813
  0.0496681
  0.0410822
  0.0326143
   0.024895
  0.0183362
  0.0131515
  0.0095347
 0.00794987
    0.01069
  0.0334694
   0.190928
   0.694324
   0.961591
   0.996637
   0.999728
   0.999979
   0.999998
          1
          1
          1
          1
          1
          1
          1
          1
          1
          1
          1
          1
          1
          1
          1
          1
          1
          1
          1
          1
   0.999997
   0.999957
   0.999418
    0.99264
   0.917612
   0.498176
  0.0963647
  0.0186688
  0.0085058
 0.00836861
  0.0112641
  0.0161251
  0.0227817
  0.0311201
  0.0409708
  0.0519164
  0.0631043
  0.0733786
  0.0812815
  0.0856236
  0.0856079
  0.0812906
  0.0733689
  0.0631214
  0.0519096
  0.0409725
  0.0311119
  0.0227824
  0.0161304
  0.0112622
 0.00836672
 0.00850166
  0.0187281
  0.0960573
   0.498615
   0.916947
   0.992632
    0.99942
   0.999956
   0.999997
          1
          1
          1
          1
          1
          1
          1
          1
          1
          1
          1
          1
          1
          1
          1
          1
          1
          1
          1
          1
   0.999994
   0.999922
   0.998925
   0.986161
   0.851942
   0.338756
   0.054944
  0.0128898
 0.00788817
 0.00920186
  0.0131255
  0.0191407
  0.0272038
  0.0373427
  0.0494404
  0.0629855
  0.0769538
  0.0898154
  0.0997687
   0.105204
   0.105201
   0.099757
  0.0898147
  0.0769463
  0.0629767
   0.049424
  0.0373413
  0.0272044
  0.0191457
  0.0131288
 0.00919448
 0.00790156
  0.0129105
  0.0551517
   0.338127
    0.85175
   0.986174
   0.998929
   0.999921
   0.999994
          1
          1
          1
          1
          1
          1
          1
          1
          1
          1
          1
          1
          1
          1
          1
          1
          1
          1
          1
   0.999999
   0.999991
   0.999877
   0.998282
   0.977752
   0.778255
   0.237212
  0.0368156
  0.0104004
 0.00786702
  0.0100889
  0.0148436
  0.0218343
  0.0311633
  0.0429476
  0.0571034
  0.0730896
  0.0896578
   0.104939
   0.116707
   0.123136
   0.123127
   0.116713
    0.10492
  0.0896577
  0.0730766
  0.0571058
   0.042939
  0.0311779
  0.0218303
  0.0148381
  0.0100953
 0.00785743
   0.010442
  0.0368182
   0.237484
   0.777349
   0.977732
   0.998296
   0.999877
   0.999991
   0.999999
          1
          1
          1
          1
          1
          1
          1
          1
          1
          1
          1
          1
          1
          1
          1
          1
          1
          1
   0.999999
   0.999988
   0.999835
   0.997642
   0.969559
   0.714431
   0.183289
  0.0284555
 0.00933706
 0.00800236
  0.0108155
   0.016136
  0.0238681
  0.0341689
   0.047206
  0.0629826
  0.0808767
  0.0994652
   0.116567
   0.129717
   0.136854
   0.136846
   0.129713
   0.116556
  0.0994477
  0.0808625
  0.0629714
  0.0472145
  0.0341551
  0.0238674
  0.0161439
  0.0108052
 0.00801733
 0.00933798
  0.0285756
   0.183073
    0.71407
   0.969609
   0.997663
   0.999834
   0.999988
   0.999999
          1
          1
          1
          1
          1
          1
          1
          1
          1
          1
          1
          1
          1
          1
          1
          1
          1
          1
   0.999999
   0.999987
   0.999806
   0.997259
   0.964226
   0.679995
   0.159692
    0.02523
 0.00890971
 0.00811849
   0.011204
  0.0168461
  0.0249586
  0.0357759
  0.0495337
   0.066188
   0.085127
   0.104806
   0.122885
   0.136759
   0.144282
   0.144264
   0.136749
   0.122875
   0.104804
  0.0851211
  0.0661924
  0.0495193
  0.0357967
  0.0249581
  0.0168481
  0.0112135
 0.00810694
 0.00893899
   0.025263
   0.160134
   0.679404
   0.964163
   0.997284
   0.999806
   0.999987
   0.999999
          1
          1
          1
          1
          1
          1
          1
          1
          1
          1
          1
          1
          1
          1
          1
          1
          1
          1
   0.999999
   0.999987
   0.999808
   0.997249
   0.964352
   0.679005
   0.159973
  0.0251945
 0.00891412
 0.00811529
  0.0112083
  0.0168403
  0.0249575
  0.0357816
  0.0495224
   0.066196
  0.0851229
   0.104812
   0.122889
   0.136755
   0.144276
   0.144271
   0.136738
    0.12288
   0.104801
  0.0851205
   0.066179
  0.0495394
  0.0357726
  0.0249718
  0.0168459
  0.0112057
 0.00812962
 0.00891554
  0.0253126
   0.159982
   0.678864
   0.964366
   0.997261
   0.999808
   0.999987
   0.999999
          1
          1
          1
          1
          1
          1
          1
          1
          1
          1
          1
          1
          1
          1
          1
          1
          1
          1
   0.999999
   0.999988
   0.999834
   0.997647
   0.969496
   0.715275
   0.182961
  0.0285164
 0.00933161
 0.00800222
  0.0108146
  0.0161387
  0.0238655
  0.0341567
  0.0472106
  0.0629828
  0.0808786
  0.0994629
   0.116571
    0.12971
    0.13685
   0.136837
    0.12971
   0.116548
  0.0994631
  0.0808656
  0.0629895
  0.0472017
  0.0341813
  0.0238552
  0.0161438
  0.0108133
 0.00799368
 0.00936163
  0.0285119
   0.183417
   0.714313
   0.969414
   0.997679
   0.999834
   0.999988
   0.999999
          1
          1
          1
          1
          1
          1
          1
          1
          1
          1
          1
          1
          1
          1
          1
          1
          1
          1
   0.999999
   0.999991
   0.999877
   0.998284
   0.977701
   0.778038
   0.237748
  0.0367916
  0.0104196
  0.0078625
  0.0100886
  0.0148432
  0.0218327
  0.0311679
  0.0429368
  0.0571137
  0.0730956
  0.0896677
   0.104933
   0.116726
   0.123127
   0.123133
   0.116708
   0.104934
  0.0896512
  0.0730934
  0.0570961
  0.0429583
  0.0311543
  0.0218417
  0.0148421
  0.0100878
 0.00788278
  0.0104094
  0.0369275
   0.237302
   0.777612
   0.977756
   0.998294
   0.999876
   0.999991
   0.999999
          1
          1
          1
          1
          1
          1
          1
          1
          1
          1
          1
          1
          1
          1
          1
          1
          1
          1
          1
   0.999994
   0.999922
   0.998921
   0.986173
   0.852219
   0.338135
  0.0550844
  0.0128933
 0.00788943
 0.00920265
  0.0131187
  0.0191429
  0.0272066
  0.0373473
  0.0494348
  0.0629847
  0.0769605
  0.0898314
  0.0997637
   0.105211
   0.105199
  0.0997702
  0.0898207
  0.0769683
  0.0629787
  0.0494457
  0.0373446
    0.02722
  0.0191404
  0.0131285
 0.00920964
 0.00787758
  0.0129384
  0.0550571
   0.338954
     0.8516
   0.986158
   0.998927
   0.999921
   0.999994
          1
          1
          1
          1
          1
          1
          1
          1
          1
          1
          1
          1
          1
          1
          1
          1
          1
          1
          1
          1
   0.999997
   0.999957
   0.999417
   0.992621
   0.917534
    0.49868
  0.0960478
   0.018729
 0.00849991
 0.00836672
   0.011262
  0.0161281
  0.0227821
   0.031117
  0.0409784
  0.0519172
  0.0631188
  0.0733798
  0.0813052
  0.0856283
  0.0856327
  0.0812928
  0.0733862
   0.063117
  0.0519252
  0.0409783
    0.03112
  0.0227728
  0.0161306
  0.0112705
 0.00835768
 0.00853061
  0.0186849
  0.0965264
   0.497627
   0.917334
   0.992627
   0.999423
   0.999956
   0.999997
          1
          1
          1
          1
          1
          1
          1
          1
          1
          1
          1
          1
          1
          1
          1
          1
          1
          1
          1
          1
   0.999998
   0.999979
   0.999728
   0.996633
   0.961747
   0.695211
   0.190854
  0.0334042
  0.0106709
 0.00794676
 0.00953499
  0.0131507
  0.0183379
  0.0248934
  0.0326133
  0.0410798
  0.0496656
  0.0574762
   0.063477
  0.0667551
   0.066749
  0.0634789
  0.0574787
  0.0496782
  0.0410906
  0.0326161
  0.0248972
  0.0183409
  0.0131626
 0.00952785
 0.00796781
  0.0106556
  0.0335445
    0.19047
   0.695481
   0.961565
    0.99663
   0.999728
   0.999979
   0.999998
          1
          1
          1
          1
          1
          1
          1
          1
          1
          1
          1
          1
          1
          1
          1
          1
          1
          1
          1
          1
   0.999999
   0.999991
    0.99989
   0.998679
   0.985046
   0.859959
   0.386193
   0.074875
  0.0172185
 0.00862248
 0.00829266
  0.0105361
  0.0142836
  0.0191753
  0.0249711
  0.0312961
  0.0376357
  0.0433579
  0.0477332
  0.0501007
   0.050113
  0.0477248
  0.0433666
  0.0376381
  0.0312984
  0.0249731
  0.0191808
  0.0142801
  0.0105304
 0.00830719
 0.00861596
  0.0173139
  0.0747331
   0.387114
   0.859832
   0.984981
   0.998676
    0.99989
   0.999991
   0.999999
          1
          1
          1
          1
          1
          1
          1
          1
          1
          1
          1
          1
          1
          1
          1
          1
          1
          1
          1
          1
          1
   0.999997
   0.999961
   0.999547
   0.995019
   0.950667
   0.667793
   0.194732
  0.0386629
  0.0123396
 0.00814971
 0.00864038
  0.0109437
   0.014325
  0.0184511
  0.0229825
  0.0275165
  0.0315707
   0.034653
   0.036322
  0.0363179
  0.0346599
  0.0315737
  0.0275188
   0.022988
  0.0184532
  0.0143291
  0.0109388
 0.00865772
 0.00814753
  0.0123832
  0.0386548
    0.19479
   0.667718
   0.950728
    0.99501
   0.999546
   0.999961
   0.999997
          1
          1
          1
          1
          1
          1
          1
          1
          1
          1
          1
          1
          1
          1
          1
          1
          1
          1
          1
          1
          1
          1
   0.999999
   0.999988
   0.999864
    0.99856
    0.98587
   0.882803
   0.473471
    0.11508
  0.0268557
  0.0108501
 0.00809181
 0.00867005
  0.0106084
  0.0132836
  0.0163407
  0.0194345
  0.0222084
  0.0243052
  0.0254379
  0.0254386
  0.0243019
  0.0222172
  0.0194359
  0.0163359
  0.0132883
  0.0105996
 0.00867699
 0.00808637
  0.0108592
  0.0268491
   0.115139
   0.473459
    0.88302
   0.985909
   0.998554
   0.999864
   0.999988
   0.999999
          1
          1
          1
          1
          1
          1
          1
          1
          1
          1
          1
          1
          1
          1
          1
          1
          1
          1
          1
          1
          1
          1
          1
   0.999996
   0.999963
   0.999637
   0.996527
   0.970038
   0.799052
   0.356616
  0.0875552
  0.0239113
  0.0108283
 0.00817365
 0.00835509
 0.00964756
  0.0114365
  0.0133698
  0.0151384
  0.0164935
   0.017217
  0.0172145
   0.016483
  0.0151406
  0.0133645
   0.011442
 0.00963629
 0.00836896
 0.00816363
  0.0108577
  0.0238703
  0.0877637
   0.356999
   0.798538
   0.970025
   0.996545
   0.999636
   0.999964
   0.999997
          1
          1
          1
          1
          1
          1
          1
          1
          1
          1
          1
          1
          1
          1
          1
          1
          1
          1
          1
          1
          1
          1
          1
          1
   0.999999
   0.999991
   0.999917
   0.999263
   0.993685
   0.953027
   0.743007
    0.31975
  0.0870543
  0.0266454
  0.0122798
 0.00863914
 0.00802175
 0.00849779
 0.00937562
  0.0103207
  0.0110711
  0.0114918
  0.0114818
  0.0110745
  0.0103112
 0.00938583
 0.00848768
 0.00803593
 0.00862525
  0.0123093
  0.0265854
  0.0870901
   0.319907
   0.742001
   0.952978
   0.993727
   0.999261
   0.999917
   0.999991
   0.999999
          1
          1
          1
          1
          1
          1
          1
          1
          1
          1
          1
          1
          1
          1
          1
          1
          1
          1
          1
          1
          1
          1
          1
          1
          1
   0.999998
   0.999983
   0.999857
    0.99885
   0.991428
    0.94532
   0.741632
   0.352973
   0.113213
  0.0379168
  0.0169735
  0.0105792
 0.00850735
 0.00797122
 0.00797562
 0.00815219
 0.00826832
  0.0082757
 0.00813927
 0.00799082
 0.00795783
 0.00853131
  0.0105669
  0.0170098
  0.0379134
   0.113369
   0.353267
   0.741293
   0.945535
   0.991493
   0.998851
   0.999855
   0.999983
   0.999998
          1
          1
          1
          1
          1
          1
          1
          1
          1
          1
          1
          1
          1
          1
          1
          1
          1
          1
          1
          1
          1
          1
          1
          1
          1
          1
          1
   0.999997
   0.999975
   0.999807
   0.998647
   0.991369
   0.952266
   0.796451
   0.466699
   0.190158
  0.0723458
  0.0323898
  0.0182522
  0.0126892
    0.01034
 0.00928224
 0.00889991
 0.00888324
 0.00930518
  0.0103153
  0.0127137
  0.0182178
  0.0324858
  0.0722708
   0.190011
   0.466726
   0.795623
   0.952388
   0.991397
   0.998651
   0.999806
   0.999975
   0.999997
          1
          1
          1
          1
          1
          1
          1
          1
          1
          1
          1
          1
          1
          1
          1
          1
          1
          1
          1
          1
          1
          1
          1
          1
          1
          1
          1
          1
   0.999999
   0.999996
   0.999971
   0.999806
   0.998827
   0.993595
   0.969139
   0.879247
   0.657749
   0.374933
   0.182715
  0.0918949
  0.0527235
  0.0352783
  0.0274211
  0.0242349
  0.0242592
  0.0273515
  0.0353596
  0.0526105
  0.0920961
    0.18254
    0.37465
   0.657998
   0.878949
   0.969299
   0.993591
   0.998833
   0.999806
   0.999971
   0.999996
   0.999999
          1
          1
          1
          1
          1
          1
          1
          1
          1
          1
          1
          1
          1
          1
          1
          1
          1
          1
          1
          1
          1
          1
          1
          1
          1
          1
          1
          1
          1
   0.999999
   0.999996
   0.999974
   0.999852
   0.999233
   0.996419
   0.985167
   0.948107
   0.852037
   0.680428
   0.481183
   0.323393
   0.225187
   0.172739
   0.150407
   0.150155
   0.172816
   0.225258
   0.323678
   0.481339
   0.681289
   0.852388
   0.948122
   0.985276
   0.996421
   0.999237
   0.999852
   0.999974
   0.999996
   0.999999
          1
          1
          1
          1
          1
          1
          1
          1
          1
          1
          1
          1
          1
          1
          1
          1
          1
          1
          1
          1
          1
          1
          1
          1
          1
          1
          1
          1
          1
          1
          1
   0.999999
   0.999997
   0.999983
   0.999914
   0.999621
   0.998485
   0.994699
   0.984013
    0.95907
   0.912292
    0.84302
    0.76515
   0.698934
   0.661673
   0.661458
   0.698935
   0.765052
   0.843084
   0.912102
   0.959076
   0.983977
   0.994698
   0.998478
   0.999617
   0.999914
   0.999983
   0.999997
   0.999999
          1
          1
          1
          1
          1
          1
          1
          1
          1
          1
          1
          1
          1
          1
          1
          1
          1
          1
          1
          1
          1
          1
          1
          1
          1
          1
          1
          1
          1
          1
          1
          1
          1
          1
   0.999998
   0.999991
   0.999962
   0.999856
   0.999516
   0.998574
   0.996377
    0.99207
   0.985212
   0.976086
   0.967031
   0.961044
   0.961154
   0.966903
   0.976169
   0.985163
    0.99214
   0.996378
   0.998585
   0.999516
   0.999857
   0.999962
   0.999991
   0.999998
          1
          1
          1
          1
          1
          1
          1
          1
          1
          1
          1
          1
          1
          1
          1
          1
          1
          1
          1
          1
          1
          1
          1
          1
          1
          1
          1
          1
          1
          1
          1
          1
          1
          1
          1
          1
          1
   0.999999
   0.999996
   0.999987
   0.999958
   0.999882
   0.999707
    0.99938
   0.998842
   0.998162
   0.997452
   0.997021
    0.99701
   0.997479
   0.998144
   0.998854
   0.999375
    0.99971
   0.999881
   0.999959
   0.999987
   0.999996
   0.999999
          1
          1
          1
          1
          1
          1
          1
          1
          1
          1
          1
          1
          1
          1
          1
          1
          1
          1
          1
          1
          1
          1
          1
          1
          1
          1
          1
          1
          1
          1
          1
          1
          1
          1
          1
          1
          1
          1
          1
          1
   0.999999
   0.999997
   0.999991
   0.999978
   0.999953
   0.999916
   0.999866
    0.99982
   0.999787
    0.99979
   0.999819
   0.999868
   0.999915
   0.999954
   0.999977
   0.999991
   0.999997
   0.999999
          1
          1
          1
          1
          1
          1
          1
          1
          1
          1
          1
          1
          1
          1
          1
          1
          1
          1
          1
          1
          1
          1
          1
          1
          1
          1
          1
          1
          1
          1
          1
          1
          1
          1
          1
          1
          1
          1
          1
          1
          1
          1
          1
          1
   0.999999
   0.999998
   0.999997
   0.999994
   0.999991
   0.999987
   0.999985
   0.999985
   0.999987
    0.99999
   0.999994
   0.999996
   0.999998
   0.999999
          1
          1
          1
          1
          1
          1
          1
          1
          1
          1
          1
          1
          1
          1
          1
          1
          1
          1
          1
          1
          1
          1
          1
          1
          1
          1
          1
          1
          1
          1
          1
          1
          1
          1
          1
          1
          1
          1
          1
          1
          1
          1
          1
          1
          1
          1
          1
          1
          1
          1
   0.999999
   0.999999
   0.999999
   0.999999
   0.999999
   0.999999
          1
          1
          1
          1
          1
          1
          1
          1
          1
          1
          1
          1
          1
          1
          1
          1
          1
          1
          1
          1
          1
          1
          1
          1
          1
          1
          1
          1
          1
          1
          1
          1
          1
          1
          1
          1
          1
          1
          1
          1
          1
          1
          1
          1
          1
          1
          1
          1
          1
          1
          1
          1
          1
          1
          1
          1
          1
          1
          1
          1
          1
          1
          1
          1
          1
          1
          1
          1
          1
          1
          1
          1
          1
          1
          1
          1
          1
          1
          1
          1
          1
          1
          1
          1
          1
          1
          1
          1
          1
          1
          1
          1
          1
          1
          1
          1
          1
          1
          1
          1
          1
          1
          1
          1
          1
          1
          1
          1
          1
          1
          1
          1
          1
          1
          1
          1
          1
          1
          1
          1
          1
          1
          1
          1
          1
          1
          1
          1
          1
          1
          1
          1
          1
          1
          1
          1
          1
          1
          1
          1
          1
          1
          1
          1
          1
          1
          1
          1
          1
          1
          1
          1
          1
          1
          1
          1
          1
          1
          1
          1
          1
          1
          1
          1
          1
          1
          1
          1
          1
          1
          1
          1
          1
          1
          1
          1
          1
          1
          1
          1
          1
          1
          1
          1
          1
          1
          1
          1
          1
          1
          1
          1
          1
          1
          1
          1
          1
          1
          1
          1
          1
          1
          1
          1
          1
          1
          1
          1
          1
          1
          1
          1
          1
          1
          1
          1
          1
          1
          1
          1
          1
          1
          1
          1
          1
          1
          1
          1
          1
          1
          1
          1
          1
          1
          1
          1
          1
          1
          1
          1
          1
          1
          1
          1
          1
          1
          1
          1
          1
          1
          1
          1
          1
          1
          1
          1
          1
          1
          1
          1
          1
          1
          1
          1
          1
          1
          1
          1
          1
          1
          1
          1
          1
          1
          1
          1
          1
          1
          1
          1
          1
          1
          1
          1
          1
          1
          1
          1
          1
          1
          1
          1
          1
          1
          1
          1
          1
          1
          1
          1
          1
          1
          1
          1
          1
          1
          1
          1
          1
          1
          1
          1
          1
          1
          1
          1
          1
          1
          1
          1
          1
          1
          1
          1
          1
          1
          1
          1
          1
          1
          1
          1
          1
          1
          1
          1
          1
          1
          1
          1
          1
          1
          1
          1
          1
          1
          1
          1
          1
          1
          1
          1
          1
          1
          1
          1
          1
          1
          1
          1
          1
          1
          1
          1
          1
          1
          1
          1
          1
          1
          1
          1
          1
          1
          1
          1
          1
          1
          1
          1
          1
          1
          1
          1
          1
          1
          1
          1
          1
          1
          1
          1
          1
          1
          1
          1
          1
          1
          1
          1
          1
          1
          1
          1
          1
          1
          1
          1
          1
          1
          1
          1
          1
          1
          1
          1
          1
          1
          1
          1
          1
          1
          1
          1
          1
          1
          1
          1
          1
          1
          1
          1
          1
          1
          1
          1
          1
          1
          1
          1
          1
          1
          1
          1
          1
          1
          1
          1
          1
          1
          1
          1
          1
          1
          1
          1
          1
          1
          1
          1
          1
          1
          1
          1
          1
          1
          1
          1
          1
          1
          1
          1
          1
          1
          1
          1
          1
          1
          1
          1
          1
          1
          1
          1
          1
          1
          1
          1
          1
          1
          1
          1
          1
          1
          1
          1
          1
          1
          1
          1
          1
          1
          1
          1
          1
          1
          1
          1
          1
          1
          1
          1
          1
          1
          1
          1
          1
          1
          1
          1
          1
          1
          1
          1
          1
          1
          1
          1
          1
          1
          1
          1
          1
          1
          1
          1
          1
          1
          1
          1
          1
          1
          1
          1
          1
          1
          1
          1
          1
          1
          1
          1
          1
          1
          1
          1
          1
          1
          1
          1
          1
          1
          1
          1
          1
          1
          1
          1
          1
          1
          1
          1
          1
          1
          1
          1
          1
          1
          1
          1
          1
          1
          1
          1
          1
          1
          1
          1
          1
          1
          1
          1
          1
          1
          1
          1
          1
          1
          1
          1
          1
          1
          1
          1
          1
          1
          1
          1
          1
          1
          1
          1
          1
          1
          1
          1
          1
          1
          1
          1
          1
          1
          1
          1
          1
          1
          1
          1
          1
          1
          1
          1
          1
          1
          1
          1
          1
          1
          1
          1
          1
          1
          1
          1
          1
          1
          1
          1
          1
          1
          1
          1
          1
          1
          1
          1
          1
          1
          1
          1
          1
          1
          1
          1
          1
          1
          1
          1
          1
          1
          1
          1
          1
          1
          1
          1
          1
          1
          1
          1
          1
          1
          1
          1
          1
          1
          1
          1
          1
          1
          1
          1
          1
          1
          1
          1
          1
          1
          1
          1
          1
          1
          1
          1
          1
          1
          1
          1
          1
          1
          1
          1
          1
          1
          1
          1
          1
          1
          1
          1
          1
          1
          1
          1
          1
          1
          1
          1
          1
          1
          1
          1
          1
          1
          1
          1
          1
          1
          1
          1
          1
          1
          1
          1
          1
          1
          1
          1
          1
          1
          1
          1
          1
          1
          1
          1
          1
          1
          1
          1
          1
          1
          1
          1
          1
          1
          1
          1
          1
          1
          1
          1
          1
          1
          1
          1
          1
          1
          1
          1
          1
          1
          1
          1
          1
          1
          1
          1
          1
          1
          1
          1
          1
          1
          1
          1
          1
          1
          1
          1
          1
          1
          1
          1
          1
          1
          1
          1
          1
          1
          1
          1
          1
          1
          1
          1
          1
          1
          1
          1
          1
          1
          1
          1
          1
          1
          1
          1
          1
          1
          1
          1
          1
          1
          1
          1
          1
          1
          1
          1
          1
          1
          1
          1
          1
          1
          1
          1
          1
          1
          1
          1
          1
          1
          1
          1
          1
          1
          1
          1
          1
          1
          1
          1
          1
          1
          1
          1
          1
          1
          1
          1
          1
          1
          1
          1
          1
          1
          1
          1
          1
          1
          1
          1
          1
          1
          1
          1
          1
          1
          1
          1
          1
          1
          1
          1
          1
          1
          1
          1
          1
          1
          1
          1
          1
          1
          1
          1
          1
          1
          1
          1
          1
          1
          1
          1
          1
          1
          1
          1
          1
          1
          1
          1
          1
          1
          1
          1
          1
          1
          1
          1
          1
          1
          1
          1
          1
          1
          1
          1
          1
          1
          1
          1
          1
          1
          1
          1
          1
          1
          1
          1
          1
          1
          1
          1
          1
          1
          1
          1
          1
          1
          1
          1
          1
          1
          1
          1
          1
          1
          1
          1
          1
          1
          1
          1
          1
          1
          1
          1
          1
          1
          1
          1
          1
          1
          1
          1
          1
          1
          1
          1
          1
          1
          1
          1
          1
          1
          1
          1
          1
          1
          1
          1
          1
          1
          1
          1
          1
          1
          1
          1
          1
          1
          1
          1
          1
          1
          1
          1
          1
          1
          1
          1
          1
          1
          1
          1
          1
          1
          1
          1
          1
          1
          1
          1
          1
          1
          1
          1
          1
          1
          1
          1
          1
          1
          1
          1
          1
          1
          1
          1
          1
          1
          1
          1
          1
          1
          1
          1
          1
          1
          1
          1
          1
          1
          1
          1
          1
          1
          1
          1
          1
          1
          1
          1
          1
          1
          1
          1
          1
          1
          1
          1
          1
          1
          1
          1
          1
          1
          1
          1
          1
          1
          1
          1
          1
          1
          1
          1
          1
          1
          1
          1
          1
          1
          1
          1
          1
          1
          1
          1
          1
          1
          1
          1
          1
          1
          1
          1
          1
          1
          1
          1
          1
          1
          1
          1
          1
          1
          1
          1
          1
          1
          1
          1
          1
          1
          1
          1
          1
          1
          1
          1
          1
          1
          1
          1
          1
          1
          1
          1
          1
          1
          1
          1
          1
          1
          1
          1
          1
          1
          1
          1
          1
          1
          1
          1
          1
          1
          1
          1
          1
          1
          1
          1
          1
          1
          1
          1
          1
          1
          1
          1
          1
          1
          1
          1
          1
          1
          1
          1
   0.999999
   0.999999
   0.999999
   0.999998
   0.999998
   0.999998
   0.999998
   0.999999
   0.999999
   0.999999
          1
          1
          1
          1
          1
          1
          1
          1
          1
          1
          1
          1
          1
          1
          1
          1
          1
          1
          1
          1
          1
          1
          1
          1
          1
          1
          1
          1
          1
          1
          1
          1
          1
          1
          1
          1
          1
          1
          1
          1
          1
          1
          1
          1
          1
          1
          1
   0.999999
   0.999999
   0.999997
   0.999993
   0.999988
   0.999982
   0.999975
   0.999971
   0.999971
   0.999975
   0.999981
   0.999988
   0.999993
   0.999997
   0.999999
   0.999999
          1
          1
          1
          1
          1
          1
          1
          1
          1
          1
          1
          1
          1
          1
          1
          1
          1
          1
          1
          1
          1
          1
          1
          1
          1
          1
          1
          1
          1
          1
          1
          1
          1
          1
          1
          1
          1
          1
          1
          1
          1
          1
   0.999999
   0.999998
   0.999994
   0.999983
   0.999961
   0.999918
   0.999853
   0.999767
   0.999686
   0.999629
   0.999631
   0.999683
   0.999768
   0.999853
   0.999919
   0.999961
   0.999983
   0.999994
   0.999998
   0.999999
          1
          1
          1
          1
          1
          1
          1
          1
          1
          1
          1
          1
          1
          1
          1
          1
          1
          1
          1
          1
          1
          1
          1
          1
          1
          1
          1
          1
          1
          1
          1
          1
          1
          1
          1
          1
          1
          1
          1
   0.999999
   0.999994
   0.999979
   0.999934
   0.999815
   0.999544
   0.999049
   0.998231
   0.997172
   0.996084
   0.995408
   0.995381
   0.996112
   0.997153
   0.998235
   0.999042
    0.99955
   0.999815
   0.999935
   0.999979
   0.999994
   0.999999
          1
          1
          1
          1
          1
          1
          1
          1
          1
          1
          1
          1
          1
          1
          1
          1
          1
          1
          1
          1
          1
          1
          1
          1
          1
          1
          1
          1
          1
          1
          1
          1
          1
          1
          1
          1
   0.999999
   0.999997
   0.999988
   0.999948
   0.999801
   0.999342
   0.998065
   0.995129
   0.989301
   0.979949
   0.967579
   0.955585
   0.947671
   0.947949
   0.955496
   0.967781
   0.979873
   0.989387
   0.995122
   0.998071
   0.999341
   0.999802
   0.999948
   0.999988
   0.999997
   0.999999
          1
          1
          1
          1
          1
          1
          1
          1
          1
          1
          1
          1
          1
          1
          1
          1
          1
          1
          1
          1
          1
          1
          1
          1
          1
          1
          1
          1
          1
          1
          1
          1
          1
   0.999999
   0.999996
   0.999979
   0.999897
    0.99954
   0.998174
   0.993649
   0.980957
   0.951194
   0.896548
   0.817193
    0.73058
   0.659081
   0.619544
   0.618913
     0.6596
   0.730128
   0.817886
   0.896441
   0.951512
   0.980991
   0.993667
    0.99819
   0.999542
   0.999897
   0.999979
   0.999996
   0.999999
          1
          1
          1
          1
          1
          1
          1
          1
          1
          1
          1
          1
          1
          1
          1
          1
          1
          1
          1
          1
          1
          1
          1
          1
          1
          1
          1
          1
          1
          1
          1
   0.999999
   0.999996
   0.999972
   0.999844
   0.999179
   0.996196
   0.984471
   0.945598
   0.846637
   0.671711
   0.471102
   0.313934
   0.218069
   0.166989
   0.145476
   0.145572
   0.166829
   0.218329
   0.313555
   0.471814
   0.671299
   0.846506
   0.945706
   0.984384
   0.996236
    0.99919
   0.999845
   0.999973
   0.999996
   0.999999
          1
          1
          1
          1
          1
          1
          1
          1
          1
          1
          1
          1
          1
          1
          1
          1
          1
          1
          1
          1
          1
          1
          1
          1
          1
          1
          1
          1
          1
          1
   0.999996
   0.999973
   0.999822
   0.998911
   0.994079
   0.971793
   0.888311
   0.678481
     0.3975
   0.197186
  0.0991583
  0.0565316
  0.0375134
  0.0289112
  0.0255113
  0.0254925
   0.029008
  0.0374643
   0.056734
  0.0991301
   0.197799
   0.397308
   0.679404
    0.88888
   0.971662
     0.9941
   0.998918
   0.999822
   0.999973
   0.999996
          1
          1
          1
          1
          1
          1
          1
          1
          1
          1
          1
          1
          1
          1
          1
          1
          1
          1
          1
          1
          1
          1
          1
          1
          1
          1
          1
          1
          1
   0.999997
    0.99998
   0.999847
    0.99892
   0.993193
   0.962013
   0.832657
   0.527097
   0.228331
  0.0880551
  0.0382983
  0.0206012
  0.0136222
  0.0106213
 0.00927815
 0.00875556
 0.00875801
 0.00926345
  0.0106356
  0.0135925
  0.0206312
   0.038196
   0.088027
    0.22819
   0.527394
   0.833302
   0.962224
   0.993196
   0.998932
   0.999845
    0.99998
   0.999997
          1
          1
          1
          1
          1
          1
          1
          1
          1
          1
          1
          1
          1
          1
          1
          1
          1
          1
          1
          1
          1
          1
          1
          1
          1
          1
          1
   0.999999
   0.999988
   0.999901
   0.999205
    0.99417
   0.962474
   0.810389
   0.448704
   0.156112
  0.0510185
  0.0208506
  0.0115721
 0.00837876
 0.00724957
 0.00689321
  0.0068197
 0.00682992
 0.00682879
 0.00683217
 0.00688222
 0.00725988
 0.00836471
   0.011608
  0.0208428
   0.051005
   0.155747
   0.447976
   0.810509
   0.962461
    0.99418
   0.999217
   0.999901
   0.999988
   0.999999
          1
          1
          1
          1
          1
          1
          1
          1
          1
          1
          1
          1
          1
          1
          1
          1
          1
          1
          1
          1
          1
          1
          1
          1
          1
   0.999999
   0.999995
   0.999949
   0.999563
   0.996295
   0.972464
    0.83466
   0.449444
    0.13701
  0.0392378
  0.0152725
 0.00886094
  0.0070899
 0.00680667
 0.00708069
 0.00751121
 0.00789462
 0.00811239
 0.00811444
 0.00788972
 0.00751603
  0.0070733
 0.00682092
 0.00707787
 0.00888584
  0.0152879
  0.0393575
   0.136888
   0.449942
   0.834701
   0.972482
   0.996295
   0.999563
    0.99995
   0.999995
   0.999999
          1
          1
          1
          1
          1
          1
          1
          1
          1
          1
          1
          1
          1
          1
          1
          1
          1
          1
          1
          1
          1
          1
          1
          1
   0.999998
   0.999981
   0.999812
   0.998256
   0.985014
    0.89114
   0.532015
   0.157353
  0.0394795
  0.0139231
  0.0080408
 0.00681437
 0.00704334
 0.00783067
 0.00880479
 0.00972672
  0.0104443
  0.0108344
   0.010834
  0.0104461
 0.00972437
 0.00880601
 0.00782428
 0.00704955
 0.00680949
 0.00803759
  0.0139215
  0.0394694
     0.1573
    0.53222
   0.891407
   0.985109
   0.998255
   0.999816
   0.999981
   0.999998
          1
          1
          1
          1
          1
          1
          1
          1
          1
          1
          1
          1
          1
          1
          1
          1
          1
          1
          1
          1
          1
          1
          1
   0.999999
   0.999994
   0.999939
   0.999377
   0.994003
   0.947696
   0.687056
   0.232612
  0.0517952
  0.0153281
 0.00804402
 0.00676892
 0.00726308
 0.00847938
  0.0099839
  0.0115553
  0.0129568
  0.0140074
  0.0145787
  0.0145802
  0.0140065
  0.0129541
  0.0115467
 0.00999435
 0.00847424
 0.00727073
 0.00677356
  0.0080513
  0.0153474
   0.051802
   0.232518
    0.68723
   0.947805
    0.99399
   0.999384
   0.999939
   0.999994
   0.999999
          1
          1
          1
          1
          1
          1
          1
          1
          1
          1
          1
          1
          1
          1
          1
          1
          1
          1
          1
          1
          1
          1
   0.999999
   0.999984
   0.999828
    0.99819
    0.98197
   0.853097
   0.407885
  0.0903515
  0.0211575
  0.0088856
 0.00680311
 0.00725061
 0.00871146
  0.0106748
  0.0128627
  0.0150389
  0.0169594
  0.0184048
  0.0191784
  0.0191847
  0.0184011
  0.0169589
   0.015037
  0.0128541
  0.0106724
 0.00871021
  0.0072514
 0.00679681
 0.00888776
  0.0211831
  0.0905022
   0.407219
   0.853749
   0.981929
   0.998201
   0.999829
   0.999984
   0.999999
          1
          1
          1
          1
          1
          1
          1
          1
          1
          1
          1
          1
          1
          1
          1
          1
          1
          1
          1
          1
          1
          1
   0.999997
   0.999963
   0.999578
   0.995405
   0.954086
   0.683465
   0.204269
  0.0393984
  0.0116974
 0.00707161
 0.00700481
 0.00844023
  0.0106487
  0.0133253
  0.0162052
  0.0190599
  0.0215835
  0.0234909
  0.0245231
  0.0245237
  0.0234896
  0.0215848
  0.0190586
  0.0162113
  0.0133168
  0.0106509
 0.00843967
 0.00701054
 0.00706906
  0.0117106
  0.0394496
   0.204084
   0.683238
   0.954229
   0.995417
   0.999582
   0.999962
   0.999997
          1
          1
          1
          1
          1
          1
          1
          1
          1
          1
          1
          1
          1
          1
          1
          1
          1
          1
          1
          1
          1
          1
   0.999994
   0.999924
   0.999101
   0.989978
   0.901918
   0.485209
   0.103231
  0.0210924
 0.00841229
 0.00675259
 0.00776939
 0.00991567
  0.0128089
  0.0161736
  0.0197962
  0.0233898
  0.0265913
  0.0290329
  0.0303542
  0.0303575
  0.0290299
  0.0265969
   0.023387
  0.0197928
  0.0161719
  0.0128027
 0.00991943
 0.00776529
 0.00675703
 0.00841619
  0.0211456
   0.103219
   0.485835
   0.901805
   0.989992
   0.999106
   0.999923
   0.999994
          1
          1
          1
          1
          1
          1
          1
          1
          1
          1
          1
          1
          1
          1
          1
          1
          1
          1
          1
          1
          1
   0.999999
   0.999989
   0.999861
   0.998345
   0.981038
   0.826894
   0.327203
  0.0587411
    0.01389
 0.00723166
  0.0070013
 0.00870931
  0.0114508
  0.0149441
  0.0189858
  0.0233427
  0.0277104
  0.0316389
  0.0346372
  0.0362767
  0.0362801
  0.0346428
  0.0316397
  0.0277095
  0.0233447
  0.0189845
  0.0149465
  0.0114492
 0.00870717
 0.00699565
 0.00723069
  0.0138946
  0.0587007
   0.326718
   0.826883
   0.981122
   0.998346
   0.999861
   0.999989
   0.999999
          1
          1
          1
          1
          1
          1
          1
          1
          1
          1
          1
          1
          1
          1
          1
          1
          1
          1
          1
          1
   0.999999
   0.999983
   0.999786
   0.997337
    0.96975
   0.743979
   0.228537
  0.0390201
  0.0107697
 0.00685059
 0.00740465
  0.0096099
  0.0128193
  0.0168336
  0.0214679
  0.0265121
  0.0315908
  0.0361984
  0.0397449
  0.0416762
  0.0416825
  0.0397429
  0.0361989
  0.0315874
  0.0265108
  0.0214672
   0.016832
  0.0128151
   0.009602
 0.00740628
 0.00683786
  0.0107978
  0.0390061
   0.228579
   0.743717
   0.969748
   0.997368
   0.999784
   0.999983
   0.999999
          1
          1
          1
          1
          1
          1
          1
          1
          1
          1
          1
          1
          1
          1
          1
          1
          1
          1
          1
          1
   0.999998
   0.999977
    0.99971
   0.996391
   0.958446
   0.675505
   0.176108
   0.030027
 0.00940516
 0.00675655
 0.00777628
  0.0103002
  0.0138451
  0.0182464
   0.023342
  0.0289035
  0.0345474
   0.039696
  0.0436632
  0.0458406
  0.0458396
  0.0436603
  0.0396996
  0.0345517
  0.0289079
  0.0233413
  0.0182457
   0.013844
  0.0103005
 0.00776079
 0.00676276
  0.0093878
  0.0300541
   0.175765
   0.674968
   0.958633
   0.996387
   0.999708
   0.999978
   0.999998
          1
          1
          1
          1
          1
          1
          1
          1
          1
          1
          1
          1
          1
          1
          1
          1
          1
          1
          1
          1
   0.999998
   0.999974
   0.999663
   0.995767
   0.951517
   0.637981
    0.15351
  0.0265358
 0.00885119
 0.00676645
 0.00798489
  0.0106827
  0.0143988
  0.0190065
  0.0243518
  0.0302056
  0.0361596
  0.0416031
  0.0458099
  0.0481139
  0.0481152
  0.0458049
  0.0416076
  0.0361607
  0.0302005
  0.0243488
  0.0190117
  0.0143945
  0.0106713
 0.00798198
  0.0067495
 0.00887521
  0.0265045
   0.153647
   0.636946
   0.951411
   0.995785
   0.999658
   0.999974
   0.999998
          1
          1
          1
          1
          1
          1
          1
          1
          1
          1
          1
          1
          1
          1
          1
          1
          1
          1
          1
          1
   0.999998
   0.999974
   0.999661
   0.995774
    0.95148
   0.637677
   0.153766
  0.0264978
 0.00886449
 0.00675867
 0.00798771
  0.0106804
   0.014399
   0.019007
  0.0243515
  0.0302032
  0.0361578
  0.0416082
  0.0458074
  0.0481139
  0.0481139
  0.0458099
  0.0416044
  0.0361581
  0.0302087
  0.0243538
   0.019005
  0.0143969
  0.0106784
 0.00797602
 0.00676061
 0.00884414
  0.0265271
   0.153361
   0.637532
   0.951541
   0.995767
   0.999662
   0.999974
   0.999998
          1
          1
          1
          1
          1
          1
          1
          1
          1
          1
          1
          1
          1
          1
          1
          1
          1
          1
          1
          1
   0.999998
   0.999977
   0.999712
   0.996369
   0.958572
   0.675576
   0.175842
  0.0300878
  0.0093905
 0.00676044
 0.00777067
  0.0102988
  0.0138456
   0.018243
  0.0233368
  0.0289055
  0.0345506
  0.0396969
  0.0436669
  0.0458371
  0.0458429
  0.0436637
  0.0396985
  0.0345481
  0.0289055
  0.0233373
  0.0182456
  0.0138368
   0.010296
 0.00777155
 0.00675135
 0.00941162
  0.0300268
   0.176157
   0.674906
   0.958551
   0.996401
   0.999709
   0.999978
   0.999998
          1
          1
          1
          1
          1
          1
          1
          1
          1
          1
          1
          1
          1
          1
          1
          1
          1
          1
          1
          1
   0.999999
   0.999983
   0.999784
   0.997369
   0.969623
   0.744185
   0.228681
  0.0389768
  0.0107945
 0.00684305
 0.00740633
 0.00960602
  0.0128156
  0.0168317
  0.0214664
  0.0265038
  0.0315885
  0.0361983
  0.0397375
  0.0416827
  0.0416789
  0.0397407
   0.036201
  0.0315906
  0.0265061
  0.0214663
  0.0168275
  0.0128152
 0.00960245
 0.00739584
 0.00684984
  0.0107584
  0.0390516
   0.228235
   0.743778
   0.969664
   0.997364
   0.999784
   0.999983
   0.999999
          1
          1
          1
          1
          1
          1
          1
          1
          1
          1
          1
          1
          1
          1
          1
          1
          1
          1
          1
          1
   0.999999
   0.999989
   0.999863
   0.998331
   0.981186
   0.826944
    0.32674
  0.0588676
  0.0138901
 0.00723035
 0.00700374
 0.00870422
  0.0114508
  0.0149417
  0.0189808
  0.0233452
  0.0277016
  0.0316318
  0.0346435
  0.0362754
  0.0362793
  0.0346396
   0.031637
  0.0277048
  0.0233408
  0.0189775
  0.0149376
   0.011442
 0.00870146
 0.00699864
 0.00721521
   0.013933
  0.0587208
   0.327394
    0.82637
   0.981096
   0.998342
   0.999862
   0.999989
   0.999999
          1
          1
          1
          1
          1
          1
          1
          1
          1
          1
          1
          1
          1
          1
          1
          1
          1
          1
          1
          1
          1
   0.999994
   0.999923
   0.999111
   0.989898
   0.902263
   0.485399
   0.103119
  0.0211723
 0.00840562
 0.00675749
 0.00776712
 0.00991877
  0.0128021
  0.0161725
  0.0197875
  0.0233814
  0.0265913
  0.0290257
  0.0303476
  0.0303523
  0.0290268
   0.026593
  0.0233813
    0.01979
  0.0161638
  0.0128018
 0.00991439
 0.00776862
 0.00674303
 0.00843092
  0.0210737
   0.103402
   0.484456
   0.902254
   0.989964
   0.999106
   0.999923
   0.999994
          1
          1
          1
          1
          1
          1
          1
          1
          1
          1
          1
          1
          1
          1
          1
          1
          1
          1
          1
          1
          1
          1
   0.999997
   0.999963
   0.999578
    0.99544
   0.954118
   0.683527
   0.204729
  0.0393719
  0.0117201
 0.00706264
 0.00700741
 0.00843966
  0.0106512
  0.0133158
  0.0162085
   0.019054
  0.0215806
  0.0234807
  0.0245162
  0.0245167
  0.0234843
  0.0215759
  0.0190567
  0.0161955
  0.0133162
  0.0106393
 0.00843585
 0.00699395
 0.00707224
  0.0116764
  0.0394911
   0.203919
   0.684683
   0.953911
   0.995432
   0.999581
   0.999962
   0.999997
          1
          1
          1
          1
          1
          1
          1
          1
          1
          1
          1
          1
          1
          1
          1
          1
          1
          1
          1
          1
          1
          1
   0.999999
   0.999984
   0.999831
   0.998184
   0.982082
   0.852999
   0.407258
  0.0907776
  0.0211446
 0.00889627
  0.0067954
 0.00725019
  0.0087126
  0.0106721
  0.0128518
  0.0150367
   0.016952
  0.0183987
  0.0191737
  0.0191762
  0.0183946
  0.0169535
  0.0150251
  0.0128592
  0.0106625
 0.00870553
 0.00724289
 0.00680646
 0.00886798
  0.0211988
  0.0902275
   0.407591
   0.852625
    0.98199
   0.998193
   0.999828
   0.999984
   0.999999
          1
          1
          1
          1
          1
          1
          1
          1
          1
          1
          1
          1
          1
          1
          1
          1
          1
          1
          1
          1
          1
          1
   0.999999
   0.999994
   0.999938
   0.999385
   0.993969
   0.947925
   0.686455
   0.232732
  0.0518372
  0.0153578
 0.00805305
 0.00676896
 0.00726765
 0.00847437
 0.00999078
  0.0115464
  0.0129554
  0.0140004
   0.014576
  0.0145698
  0.0140052
  0.0129463
  0.0115491
 0.00997445
 0.00847548
 0.00725574
  0.0067742
 0.00803087
  0.0153653
  0.0517122
   0.232895
   0.686611
    0.94807
   0.993992
   0.999382
   0.999939
   0.999994
   0.999999
          1
          1
          1
          1
          1
          1
          1
          1
          1
          1
          1
          1
          1
          1
          1
          1
          1
          1
          1
          1
          1
          1
          1
   0.999998
   0.999981
   0.999812
   0.998268
   0.984999
   0.891492
   0.532439
   0.157651
  0.0394636
  0.0139509
 0.00804411
 0.00681142
   0.007044
  0.0078247
 0.00880287
 0.00972189
  0.0104438
  0.0108252
  0.0108304
   0.010435
  0.0097221
 0.00879046
 0.00783086
 0.00702718
   0.006815
 0.00802863
  0.0139393
  0.0393728
   0.157705
   0.531562
   0.891271
   0.984984
   0.998255
   0.999813
   0.999981
   0.999998
          1
          1
          1
          1
          1
          1
          1
          1
          1
          1
          1
          1
          1
          1
          1
          1
          1
          1
          1
          1
          1
          1
          1
          1
   0.999999
   0.999995
    0.99995
   0.999562
   0.996323
    0.97234
   0.835065
   0.449647
   0.137181
   0.039347
  0.0152852
 0.00887453
 0.00708651
  0.0068107
 0.00707543
 0.00751364
 0.00788452
 0.00811232
 0.00810356
   0.007894
 0.00749854
 0.00708419
 0.00679444
 0.00710231
 0.00885143
  0.0152918
  0.0391963
   0.137133
   0.449013
   0.834532
   0.972412
   0.996324
   0.999561
    0.99995
   0.999995
   0.999999
          1
          1
          1
          1
          1
          1
          1
          1
          1
          1
          1
          1
          1
          1
          1
          1
          1
          1
          1
          1
          1
          1
          1
          1
          1
   0.999999
   0.999988
   0.999902
    0.99921
   0.994189
   0.962328
   0.810791
    0.44796
   0.156116
  0.0510754
  0.0208752
  0.0115924
 0.00837706
 0.00725187
 0.00688854
 0.00682753
 0.00682122
  0.0068347
 0.00681282
 0.00689792
 0.00723832
 0.00840134
  0.0115526
   0.020906
   0.050996
   0.156252
   0.447955
   0.810412
   0.962575
   0.994198
   0.999209
     0.9999
   0.999988
   0.999999
          1
          1
          1
          1
          1
          1
          1
          1
          1
          1
          1
          1
          1
          1
          1
          1
          1
          1
          1
          1
          1
          1
          1
          1
          1
          1
          1
   0.999997
    0.99998
   0.999847
    0.99893
   0.993188
   0.962001
   0.833141
   0.526783
   0.228718
  0.0881236
  0.0383742
  0.0206227
   0.013622
  0.0106395
 0.00927318
 0.00876533
 0.00875327
 0.00929629
  0.0106005
  0.0136605
  0.0205687
  0.0384461
      0.088
    0.22862
   0.527203
   0.832678
   0.962214
   0.993187
   0.998928
   0.999846
    0.99998
   0.999997
          1
          1
          1
          1
          1
          1
          1
          1
          1
          1
          1
          1
          1
          1
          1
          1
          1
          1
          1
          1
          1
          1
          1
          1
          1
          1
          1
          1
   0.999999
   0.999996
   0.999973
   0.999821
    0.99892
   0.994094
   0.971588
   0.888846
   0.678389
   0.397956
    0.19722
  0.0993735
  0.0566228
  0.0375858
  0.0289744
  0.0255045
  0.0255649
  0.0289131
  0.0376178
   0.056434
  0.0995047
   0.196957
   0.397612
    0.67879
   0.888489
   0.971789
   0.994083
   0.998921
   0.999822
   0.999973
   0.999996
   0.999999
          1
          1
          1
          1
          1
          1
          1
          1
          1
          1
          1
          1
          1
          1
          1
          1
          1
          1
          1
          1
          1
          1
          1
          1
          1
          1
          1
          1
          1
   0.999999
   0.999996
   0.999972
   0.999844
   0.999183
   0.996237
   0.984365
   0.945911
   0.846202
   0.671868
    0.47071
    0.31418
   0.217834
    0.16701
   0.145379
   0.145431
   0.167205
   0.217711
   0.314407
   0.470568
   0.671937
   0.846516
   0.945675
   0.984476
   0.996206
   0.999188
   0.999843
   0.999973
   0.999996
   0.999999
          1
          1
          1
          1
          1
          1
          1
          1
          1
          1
          1
          1
          1
          1
          1
          1
          1
          1
          1
          1
          1
          1
          1
          1
          1
          1
          1
          1
          1
          1
          1
   0.999999
   0.999996
   0.999979
   0.999897
   0.999538
   0.998191
   0.993641
   0.981007
   0.951277
   0.896757
   0.817355
    0.73139
   0.659457
   0.620066
   0.619965
    0.65969
   0.730929
   0.817383
   0.896861
   0.951397
   0.980954
    0.99368
   0.998178
   0.999542
   0.999896
   0.999979
   0.999996
   0.999999
          1
          1
          1
          1
          1
          1
          1
          1
          1
          1
          1
          1
          1
          1
          1
          1
          1
          1
          1
          1
          1
          1
          1
          1
          1
          1
          1
          1
          1
          1
          1
          1
          1
   0.999999
   0.999997
   0.999988
   0.999948
   0.999802
   0.999339
   0.998052
   0.995105
    0.98926
   0.979865
   0.967553
   0.955445
   0.947627
   0.947751
   0.955357
   0.967533
   0.979859
   0.989278
   0.995097
   0.998067
   0.999335
   0.999801
   0.999948
   0.999988
   0.999997
   0.999999
          1
          1
          1
          1
          1
          1
          1
          1
          1
          1
          1
          1
          1
          1
          1
          1
          1
          1
          1
          1
          1
          1
          1
          1
          1
          1
          1
          1
          1
          1
          1
          1
          1
          1
          1
          1
   0.999999
   0.999994
    0.99998
   0.999935
   0.999817
   0.999548
   0.999052
   0.998231
   0.997174
     0.9961
   0.995406
   0.995394
   0.996118
   0.997168
   0.998248
   0.999053
   0.999551
   0.999815
   0.999935
    0.99998
   0.999994
   0.999999
          1
          1
          1
          1
          1
          1
          1
          1
          1
          1
          1
          1
          1
          1
          1
          1
          1
          1
          1
          1
          1
          1
          1
          1
          1
          1
          1
          1
          1
          1
          1
          1
          1
          1
          1
          1
          1
          1
          1
   0.999999
   0.999998
   0.999994
   0.999983
   0.999961
   0.999918
   0.999855
   0.999768
   0.999687
    0.99963
   0.999634
   0.999684
   0.999769
   0.999852
   0.999919
    0.99996
   0.999984
   0.999994
   0.999998
   0.999999
          1
          1
          1
          1
          1
          1
          1
          1
          1
          1
          1
          1
          1
          1
          1
          1
          1
          1
          1
          1
          1
          1
          1
          1
          1
          1
          1
          1
          1
          1
          1
          1
          1
          1
          1
          1
          1
          1
          1
          1
          1
          1
   0.999999
   0.999999
   0.999997
   0.999993
   0.999988
   0.999982
   0.999975
   0.999971
   0.999971
   0.999975
   0.999981
   0.999988
   0.999993
   0.999997
   0.999999
   0.999999
          1
          1
          1
          1
          1
          1
          1
          1
          1
          1
          1
          1
          1
          1
          1
          1
          1
          1
          1
          1
          1
          1
          1
          1
          1
          1
          1
          1
          1
          1
          1
          1
          1
          1
          1
          1
          1
          1
          1
          1
          1
          1
          1
          1
          1
          1
          1
   0.999999
   0.999999
   0.999999
   0.999998
   0.999998
   0.999998
   0.999998
   0.999999
   0.999999
   0.999999
          1
          1
          1
          1
          1
          1
          1
          1
          1
          1
          1
          1
          1
          1
          1
          1
          1
          1
          1
          1
          1
          1
          1
          1
          1
          1
          1
          1
          1
          1
          1
          1
          1
          1
          1
          1
          1
          1
          1
          1
          1
          1
          1
          1
          1
          1
          1
          1
          1
          1
          1
          1
          1
          1
          1
          1
          1
          1
          1
          1
          1
          1
          1
          1
          1
          1
          1
          1
          1
          1
          1
          1
          1
          1
          1
          1
          1
          1
          1
          1
          1
          1
          1
          1
          1
          1
          1
          1
          1
          1
          1
          1
          1
          1
          1
          1
          1
          1
          1
          1
          1
          1
          1
          1
          1
          1
          1
          1
          1
          1
          1
          1
          1
          1
          1
          1
          1
          1
          1
          1
          1
          1
          1
          1
          1
          1
          1
          1
          1
          1
          1
          1
          1
          1
          1
          1
          1
          1
          1
          1
          1
          1
          1
          1
          1
          1
          1
          1
          1
          1
          1
          1
          1
          1
          1
          1
          1
          1
          1
          1
          1
          1
          1
          1
          1
          1
          1
          1
          1
          1
          1
          1
          1
          1
          1
          1
          1
          1
          1
          1
          1
          1
          1
          1
          1
          1
          1
          1
          1
          1
          1
          1
          1
          1
          1
          1
          1
          1
          1
          1
          1
          1
          1
          1
          1
          1
          1
          1
          1
          1
          1
          1
          1
          1
          1
          1
          1
          1
          1
          1
          1
          1
          1
          1
          1
          1
          1
          1
          1
          1
          1
          1
          1
          1
          1
          1
          1
          1
          1
          1
          1
          1
          1
          1
          1
          1
          1
          1
          1
          1
          1
          1
          1
          1
          1
          1
          1
          1
          1
          1
          1
          1
          1
          1
          1
          1
          1
          1
          1
          1
          1
          1
          1
          1
          1
          1
          1
          1
          1
          1
          1
          1
          1
          1
          1
          1
          1
          1
          1
          1
          1
          1
          1
          1
          1
          1
          1
          1
          1
          1
          1
          1
          1
          1
          1
          1
          1
          1
          1
          1
          1
          1
          1
          1
          1
          1
          1
          1
          1
          1
          1
          1
          1
          1
          1
          1
          1
          1
          1
          1
          1
          1
          1
          1
          1
          1
          1
          1
          1
          1
          1
          1
          1
          1
          1
          1
          1
          1
          1
          1
          1
          1
          1
          1
          1
          1
          1
          1
          1
          1
          1
          1
          1
          1
          1
          1
          1
          1
          1
          1
          1
          1
          1
          1
          1
          1
          1
          1
          1
          1
          1
          1
          1
          1
          1
          1
          1
          1
          1
          1
          1
          1
          1
          1
          1
          1
          1
          1
          1
          1
          1
          1
          1
          1
          1
          1
          1
          1
          1
          1
          1
          1
          1
          1
          1
          1
          1
          1
          1
          1
          1
          1
          1
          1
          1
          1
          1
          1
          1
          1
          1
          1
          1
          1
          1
          1
          1
          1
          1
          1
          1
          1
          1
          1
          1
          1
          1
          1
          1
          1
          1
          1
          1
          1
          1
          1
          1
          1
          1
          1
          1
          1
          1
          1
          1
          1
          1
          1
          1
          1
          1
          1
          1
          1
          1
          1
          1
          1
          1
          1
          1
          1
          1
          1
          1
          1
          1
          1
          1
          1
          1
          1
          1
          1
          1
          1
          1
          1
          1
          1
          1
          1
          1
          1
          1
          1
          1
          1
          1
          1
          1
          1
          1
          1
          1
          1
          1
          1
          1
          1
          1
          1
          1
          1
          1
          1
          1
          1
          1
          1
          1
          1
          1
          1
          1
          1
          1
          1
          1
          1
          1
          1
          1
          1
          1
          1
          1
          1
          1
          1
          1
          1
          1
          1
          1
          1
          1
          1
          1
          1
          1
          1
          1
          1
          1
          1
          1
          1
          1
          1
          1
          1
          1
          1
          1
          1
          1
          1
          1
          1
          1
          1
          1
          1
          1
          1
          1
          1
          1
          1
          1
          1
          1
          1
          1
          1
          1
          1
          1
          1
          1
          1
          1
          1
          1
          1
          1
          1
          1
          1
          1
          1
          1
          1
          1
          1
          1
          1
          1
          1
          1
          1
          1
          1
          1
          1
          1
          1
          1
          1
          1
          1
          1
          1
          1
          1
          1
          1
          1
          1
          1
          1
          1
          1
          1
          1
          1
          1
          1
          1
          1
          1
          1
          1
          1
          1
          1
          1
          1
          1
          1
          1
          1
          1
          1
          1
          1
          1
          1
          1
          1
          1
          1
          1
          1
          1
          1
          1
          1
          1
          1
          1
          1
          1
          1
          1
          1
          1
          1
          1
          1
          1
          1
          1
          1
          1
          1
          1
          1
          1
          1
          1
          1
          1
          1
          1
          1
          1
          1
          1
          1
          1
          1
          1
          1
          1
          1
          1
          1
          1
          1
          1
          1
          1
          1
          1
          1
          1
          1
          1
          1
          1
          1
          1
          1
          1
          1
          1
          1
          1
          1
          1
          1
          1
          1
          1
          1
          1
          1
          1
          1
          1
          1
          1
          1
          1
          1
          1
          1
          1
          1
          1
          1
          1
          1
          1
          1
          1
          1
          1
          1
          1
          1
          1
          1
          1
          1
          1
          1
          1
          1
          1
          1
          1
          1
          1
          1
          1
          1
          1
          1
          1
          1
          1
          1
          1
          1
          1
          1
          1
          1
          1
          1
          1
          1
          1
          1
          1
          1
          1
          1
          1
          1
          1
          1
          1
          1
          1
          1
          1
          1
          1
          1
          1
          1
          1
          1
          1
          1
          1
          1
          1
          1
          1
          1
          1
          1
          1
          1
          1
          1
          1
          1
          1
          1
          1
          1
          1
          1
          1
          1
          1
          1
          1
          1
          1
          1
          1
          1
          1
          1
          1
          1
          1
          1
          1
          1
          1
          1
          1
          1
          1
          1
          1
          1
          1
          1
          1
          1
          1
          1
          1
          1
          1
          1
          1
          1
          1
          1
          1
          1
          1
          1
          1
          1
          1
          1
          1
          1
          1
          1
          1
          1
          1
          1
          1
          1
          1
          1
          1
          1
          1
          1
          1
          1
          1
          1
          1
          1
          1
          1
          1
          1
          1
          1
          1
          1
          1
          1
          1
          1
          1
          1
          1
          1
          1
          1
          1
          1
          1
          1
          1
          1
          1
          1
          1
          1
          1
          1
          1
          1
          1
          1
          1
          1
          1
          1
          1
          1
          1
          1
          1
          1
          1
          1
          1
          1
          1
          1
          1
          1
          1
          1
          1
          1
          1
          1
          1
          1
          1
          1
          1
          1
          1
          1
          1
          1
          1
          1
          1
          1
          1
          1
          1
          1
          1
          1
          1
          1
          1
          1
          1
          1
          1
          1
          1
          1
          1
          1
          1
          1
          1
          1
          1
          1
          1
          1
          1
          1
          1
          1
          1
          1
          1
          1
          1
          1
          1
          1
          1
          1
          1
          1
          1
          1
          1
          1
          1
          1
          1
          1
          1
          1
          1
          1
          1
          1
          1
          1
          1
          1
          1
          1
          1
          1
          1
          1
          1
          1
          1
          1
          1
          1
          1
          1
          1
          1
          1
          1
          1
          1
          1
          1
          1
          1
          1
          1
          1
          1
          1
          1
          1
          1
          1
          1
          1
          1
          1
          1
          1
          1
          1
          1
          1
          1
          1
          1
          1
          1
          1
          1
          1
          1
          1
          1
          1
          1
          1
          1
          1
          1
          1
          1
          1
          1
          1
          1
          1
          1
          1
          1
          1
          1
          1
          1
          1
          1
          1
          1
          1
          1
          1
          1
          1
          1
          1
          1
          1
          1
          1
          1
          1
          1
          1
          1
          1
          1
          1
          1
          1
          1
          1
          1
          1
          1
          1
          1
          1
          1
          1
          1
          1
          1
          1
          1
          1
          1
          1
          1
          1
          1
          1
          1
          1
          1
          1
          1
          1
          1
          1
          1
          1
          1
          1
          1
          1
          1
          1
          1
          1
          1
          1
          1
          1
          1
          1
          1
          1
          1
          1
          1
          1
          1
          1
          1
          1
          1
          1
          1
          1
          1
          1
          1
          1
          1
          1
          1
          1
          1
          1
          1
          1
          1
          1
          1
          1
          1
          1
          1
          1
          1
          1
          1
          1
          1
          1
          1
          1
          1
          1
          1
          1
          1
          1
          1
          1
          1
          1
          1
          1
          1
          1
          1
          1
          1
          1
          1
          1
          1
          1
          1
          1
          1
          1
          1
          1
          1
          1
          1
          1
          1
          1
          1
          1
          1
          1
          1
          1
          1
          1
          1
          1
          1
          1
          1
          1
          1
          1
          1
          1
          1
          1
          1
          1
          1
          1
          1
          1
          1
          1
          1
          1
          1
          1
          1
          1
          1
          1
          1
          1
   0.999999
   0.999998
   0.999998
   0.999997
   0.999996
   0.999996
   0.999997
   0.999998
   0.999998
   0.999999
          1
          1
          1
          1
          1
          1
          1
          1
          1
          1
          1
          1
          1
          1
          1
          1
          1
          1
          1
          1
          1
          1
          1
          1
          1
          1
          1
          1
          1
          1
          1
          1
          1
          1
          1
          1
          1
          1
          1
          1
          1
          1
          1
          1
          1
          1
          1
   0.999999
   0.999998
   0.999995
    0.99999
   0.999982
   0.999973
   0.999963
   0.999957
   0.999957
   0.999963
   0.999972
   0.999982
    0.99999
   0.999995
   0.999998
   0.999999
          1
          1
          1
          1
          1
          1
          1
          1
          1
          1
          1
          1
          1
          1
          1
          1
          1
          1
          1
          1
          1
          1
          1
          1
          1
          1
          1
          1
          1
          1
          1
          1
          1
          1
          1
          1
          1
          1
          1
          1
          1
          1
   0.999999
   0.999997
   0.999992
   0.999977
   0.999947
    0.99989
   0.999803
   0.999688
   0.999578
   0.999506
   0.999509
   0.999575
    0.99969
   0.999803
   0.999891
   0.999947
   0.999978
   0.999992
   0.999997
   0.999999
          1
          1
          1
          1
          1
          1
          1
          1
          1
          1
          1
          1
          1
          1
          1
          1
          1
          1
          1
          1
          1
          1
          1
          1
          1
          1
          1
          1
          1
          1
          1
          1
          1
          1
          1
          1
          1
          1
          1
   0.999998
   0.999993
   0.999976
   0.999922
   0.999784
   0.999465
   0.998867
   0.997889
   0.996636
   0.995368
   0.994563
    0.99455
   0.995379
   0.996618
   0.997905
   0.998862
   0.999466
   0.999784
   0.999921
   0.999976
   0.999993
   0.999998
          1
          1
          1
          1
          1
          1
          1
          1
          1
          1
          1
          1
          1
          1
          1
          1
          1
          1
          1
          1
          1
          1
          1
          1
          1
          1
          1
          1
          1
          1
          1
          1
          1
          1
          1
          1
   0.999999
   0.999997
   0.999987
   0.999944
   0.999792
   0.999312
   0.997985
   0.994898
   0.988747
   0.978903
   0.966047
   0.953284
   0.945369
   0.945537
   0.953312
    0.96614
    0.97893
     0.9888
   0.994882
   0.997975
   0.999314
    0.99979
   0.999945
   0.999987
   0.999997
   0.999999
          1
          1
          1
          1
          1
          1
          1
          1
          1
          1
          1
          1
          1
          1
          1
          1
          1
          1
          1
          1
          1
          1
          1
          1
          1
          1
          1
          1
          1
          1
          1
          1
          1
   0.999999
   0.999996
    0.99998
   0.999904
   0.999576
   0.998325
    0.99418
   0.982612
   0.955415
   0.904373
   0.830516
   0.747763
   0.679579
   0.640893
   0.641207
   0.679572
   0.747538
   0.830746
   0.904582
   0.955409
   0.982718
   0.994159
   0.998347
   0.999573
   0.999905
    0.99998
   0.999996
   0.999999
          1
          1
          1
          1
          1
          1
          1
          1
          1
          1
          1
          1
          1
          1
          1
          1
          1
          1
          1
          1
          1
          1
          1
          1
          1
          1
          1
          1
          1
          1
          1
   0.999999
   0.999996
   0.999978
   0.999875
   0.999343
    0.99696
   0.987624
   0.956576
   0.874991
   0.721658
    0.52906
   0.365138
   0.258958
   0.200176
    0.17492
   0.175101
   0.199855
    0.25929
   0.364799
   0.529282
   0.721255
   0.874902
   0.956655
   0.987521
   0.996984
   0.999342
   0.999875
   0.999978
   0.999996
   0.999999
          1
          1
          1
          1
          1
          1
          1
          1
          1
          1
          1
          1
          1
          1
          1
          1
          1
          1
          1
          1
          1
          1
          1
          1
          1
          1
          1
          1
          1
          1
   0.999997
   0.999981
   0.999876
   0.999243
    0.99596
   0.980434
   0.921502
   0.757026
   0.493088
   0.262661
   0.135324
  0.0764885
  0.0498069
  0.0376085
  0.0328009
    0.03279
  0.0377307
  0.0496807
  0.0767183
   0.134972
   0.263225
   0.493615
   0.757548
   0.921612
   0.980522
   0.995955
   0.999244
   0.999874
   0.999981
   0.999997
          1
          1
          1
          1
          1
          1
          1
          1
          1
          1
          1
          1
          1
          1
          1
          1
          1
          1
          1
          1
          1
          1
          1
          1
          1
          1
          1
          1
          1
   0.999998
   0.999987
   0.999907
   0.999352
   0.995983
   0.977361
   0.895089
   0.657425
   0.335297
   0.136811
  0.0580496
  0.0289482
  0.0175742
  0.0126808
  0.0104848
 0.00958742
 0.00960569
  0.0104503
  0.0127081
  0.0175246
  0.0289944
  0.0576723
   0.136766
   0.335142
    0.65704
   0.895225
   0.977467
    0.99598
   0.999351
   0.999905
   0.999988
   0.999998
          1
          1
          1
          1
          1
          1
          1
          1
          1
          1
          1
          1
          1
          1
          1
          1
          1
          1
          1
          1
          1
          1
          1
          1
          1
          1
          1
   0.999999
   0.999994
   0.999947
   0.999592
   0.997027
   0.980786
    0.89595
   0.619991
   0.266846
  0.0898891
  0.0333719
   0.015707
 0.00961145
 0.00721899
 0.00622272
 0.00579267
 0.00564801
 0.00564124
 0.00580804
 0.00621284
 0.00723583
 0.00957647
  0.0157612
  0.0332679
  0.0898223
   0.266808
   0.619693
   0.895766
   0.980725
   0.997031
   0.999592
   0.999947
   0.999994
   0.999999
          1
          1
          1
          1
          1
          1
          1
          1
          1
          1
          1
          1
          1
          1
          1
          1
          1
          1
          1
          1
          1
          1
          1
          1
          1
          1
   0.999998
   0.999977
   0.999804
   0.998399
   0.987944
   0.922862
   0.659939
   0.267329
  0.0782794
  0.0256616
  0.0115337
 0.00721671
  0.0057715
 0.00533552
 0.00526991
 0.00532375
 0.00537051
 0.00537655
  0.0053187
 0.00527366
   0.005328
 0.00577652
 0.00719738
  0.0115374
  0.0256559
  0.0781627
   0.267959
   0.659924
    0.92279
   0.987924
   0.998379
   0.999803
   0.999977
   0.999997
          1
          1
          1
          1
          1
          1
          1
          1
          1
          1
          1
          1
          1
          1
          1
          1
          1
          1
          1
          1
          1
          1
          1
          1
          1
   0.999999
   0.999992
   0.999928
    0.99935
    0.99443
   0.957885
    0.76193
   0.338482
  0.0906445
  0.0257029
  0.0105339
 0.00648881
 0.00538229
 0.00526198
 0.00547725
 0.00579941
 0.00607076
 0.00622774
 0.00622324
 0.00607592
  0.0057941
 0.00548729
 0.00525142
 0.00538967
 0.00648232
  0.0105212
  0.0256992
  0.0905251
   0.338761
   0.761761
   0.957873
   0.994465
    0.99935
   0.999927
   0.999992
   0.999999
          1
          1
          1
          1
          1
          1
          1
          1
          1
          1
          1
          1
          1
          1
          1
          1
          1
          1
          1
          1
          1
          1
          1
          1
   0.999998
   0.999979
     0.9998
   0.998095
   0.983374
   0.879086
   0.500566
   0.139248
  0.0336885
  0.0115652
 0.00649066
 0.00531086
 0.00532573
 0.00576197
 0.00635404
  0.0069135
 0.00735223
 0.00758845
 0.00758969
 0.00734857
 0.00691667
 0.00634798
 0.00576885
 0.00531934
  0.0053143
 0.00648801
  0.0115838
  0.0336655
   0.139188
   0.500291
   0.879232
   0.983305
   0.998105
   0.999798
   0.999979
   0.999998
          1
          1
          1
          1
          1
          1
          1
          1
          1
          1
          1
          1
          1
          1
          1
          1
          1
          1
          1
          1
          1
          1
          1
          1
   0.999995
   0.999951
   0.999509
   0.995172
   0.957578
   0.730716
   0.269518
  0.0593395
  0.0159166
 0.00723899
 0.00538462
 0.00532305
 0.00588078
 0.00669704
 0.00754859
 0.00832328
 0.00890138
 0.00922139
 0.00921719
 0.00890636
 0.00832007
 0.00755368
 0.00668758
 0.00588635
 0.00531662
 0.00538444
 0.00722799
  0.0158991
  0.0592641
   0.269004
   0.730863
     0.9578
   0.995178
   0.999502
    0.99995
   0.999995
          1
          1
          1
          1
          1
          1
          1
          1
          1
          1
          1
          1
          1
          1
          1
          1
          1
          1
          1
          1
          1
          1
          1
   0.999999
    0.99999
   0.999898
   0.998948
   0.989465
   0.909154
   0.540991
   0.139893
  0.0296382
 0.00970469
 0.00577268
 0.00525098
 0.00575122
 0.00669037
  0.0077742
 0.00887545
 0.00984451
    0.01057
  0.0109594
  0.0109639
  0.0105695
 0.00984525
 0.00887296
 0.00777696
 0.00668218
 0.00575581
 0.00524631
 0.00577241
 0.00970056
  0.0295801
   0.139735
   0.540326
   0.909226
   0.989509
   0.998944
   0.999898
    0.99999
   0.999999
          1
          1
          1
          1
          1
          1
          1
          1
          1
          1
          1
          1
          1
          1
          1
          1
          1
          1
          1
          1
          1
          1
   0.999999
   0.999983
   0.999816
   0.998065
   0.980142
   0.838456
   0.377449
  0.0791215
  0.0179848
 0.00726358
 0.00531996
 0.00545727
   0.006334
 0.00753241
 0.00886826
  0.0101783
  0.0113368
  0.0122047
  0.0126744
  0.0126711
  0.0122067
  0.0113363
  0.0101816
 0.00886179
 0.00753292
 0.00632715
  0.0054568
 0.00531808
  0.0072599
  0.0179745
  0.0790636
   0.377167
   0.838875
    0.98025
   0.998044
   0.999816
   0.999983
   0.999999
          1
          1
          1
          1
          1
          1
          1
          1
          1
          1
          1
          1
          1
          1
          1
          1
          1
          1
          1
          1
          1
          1
   0.999998
   0.999974
   0.999716
   0.996872
   0.968227
    0.75968
   0.268981
  0.0517111
  0.0129272
 0.00624023
  0.0052417
 0.00576685
 0.00688329
 0.00829985
 0.00982362
  0.0113293
    0.01265
  0.0136472
  0.0141831
  0.0141828
  0.0136457
  0.0126557
  0.0113272
  0.0098238
 0.00829513
 0.00688516
 0.00576419
 0.00524436
 0.00623323
  0.0129365
  0.0515904
     0.2688
   0.759397
    0.96829
   0.996875
   0.999713
   0.999974
   0.999998
          1
          1
          1
          1
          1
          1
          1
          1
          1
          1
          1
          1
          1
          1
          1
          1
          1
          1
          1
          1
          1
          1
   0.999997
   0.999966
   0.999613
    0.99574
   0.956293
   0.693772
    0.20933
  0.0389655
  0.0106841
 0.00579374
 0.00528843
 0.00603123
 0.00731356
 0.00886756
   0.010542
  0.0121819
  0.0136344
  0.0147262
  0.0153154
  0.0153148
  0.0147302
  0.0136321
  0.0121836
  0.0105352
 0.00886814
 0.00730618
 0.00603159
 0.00527953
 0.00580077
  0.0106559
  0.0390087
   0.209221
   0.693869
    0.95642
   0.995709
    0.99961
   0.999966
   0.999997
          1
          1
          1
          1
          1
          1
          1
          1
          1
          1
          1
          1
          1
          1
          1
          1
          1
          1
          1
          1
          1
          1
   0.999997
    0.99996
   0.999553
    0.99497
   0.949034
   0.657364
   0.183201
  0.0341266
 0.00976008
 0.00564574
 0.00533147
 0.00618063
 0.00754356
 0.00917939
  0.0109206
  0.0126406
   0.014159
  0.0153069
  0.0159219
  0.0159227
  0.0153065
  0.0141597
  0.0126369
  0.0109232
  0.0091751
 0.00754174
  0.0061751
 0.00533695
  0.0056365
 0.00976981
  0.0340574
   0.183109
   0.656991
   0.949176
   0.995003
   0.999547
    0.99996
   0.999997
          1
          1
          1
          1
          1
          1
          1
          1
          1
          1
          1
          1
          1
          1
          1
          1
          1
          1
          1
          1
          1
          1
   0.999997
   0.999961
    0.99955
   0.995024
   0.948942
   0.657126
   0.183624
  0.0340174
 0.00978815
 0.00563858
 0.00533458
 0.00617877
 0.00754678
 0.00917517
   0.010926
  0.0126409
  0.0141577
  0.0153061
  0.0159255
  0.0159221
  0.0153066
  0.0141582
  0.0126413
  0.0109147
  0.0091773
 0.00754004
 0.00618081
 0.00532663
 0.00564243
  0.0097656
  0.0340673
   0.183517
   0.657477
   0.949163
   0.994964
   0.999549
    0.99996
   0.999997
          1
          1
          1
          1
          1
          1
          1
          1
          1
          1
          1
          1
          1
          1
          1
          1
          1
          1
          1
          1
          1
          1
   0.999997
   0.999965
   0.999617
   0.995707
   0.956446
   0.693862
   0.208652
  0.0391164
  0.0106498
 0.00580265
 0.00528708
 0.00603242
 0.00731215
 0.00887259
   0.010538
  0.0121843
  0.0136335
  0.0147262
  0.0153154
  0.0153155
  0.0147246
  0.0136339
  0.0121792
  0.0105388
 0.00886549
 0.00731174
 0.00603128
 0.00528863
 0.00579257
  0.0106697
  0.0389853
   0.209136
   0.693466
    0.95641
    0.99573
   0.999609
   0.999966
   0.999997
          1
          1
          1
          1
          1
          1
          1
          1
          1
          1
          1
          1
          1
          1
          1
          1
          1
          1
          1
          1
          1
          1
   0.999998
   0.999974
   0.999713
   0.996913
   0.968134
   0.759664
   0.269196
  0.0515166
   0.012964
 0.00623361
 0.00524551
 0.00576795
 0.00688892
 0.00829865
 0.00983144
  0.0113264
  0.0126551
  0.0136491
  0.0141821
  0.0141815
  0.0136506
  0.0126496
  0.0113292
 0.00982156
 0.00829907
 0.00688138
 0.00576885
 0.00524113
 0.00624434
  0.0129258
  0.0517141
    0.26911
   0.760123
   0.968302
   0.996864
   0.999713
   0.999974
   0.999998
          1
          1
          1
          1
          1
          1
          1
          1
          1
          1
          1
          1
          1
          1
          1
          1
          1
          1
          1
          1
          1
          1
   0.999999
   0.999983
   0.999819
    0.99804
   0.980287
   0.838626
   0.376357
  0.0793447
  0.0179581
 0.00726829
 0.00532331
 0.00545903
 0.00633482
 0.00753852
 0.00886544
  0.0101845
  0.0113375
  0.0122053
   0.012672
  0.0126732
  0.0122031
  0.0113398
  0.0101771
 0.00886485
 0.00753186
 0.00633394
 0.00545874
 0.00532603
 0.00726305
  0.0180015
  0.0790967
   0.377423
   0.838213
   0.980313
    0.99805
   0.999817
   0.999983
   0.999999
          1
          1
          1
          1
          1
          1
          1
          1
          1
          1
          1
          1
          1
          1
          1
          1
          1
          1
          1
          1
          1
          1
   0.999999
   0.999991
   0.999898
    0.99896
   0.989407
   0.909421
   0.541031
   0.139399
  0.0297577
  0.0096945
 0.00577848
 0.00524832
 0.00576138
 0.00668618
  0.0077837
 0.00887679
 0.00984694
  0.0105698
   0.010967
   0.010961
  0.0105742
  0.0098418
 0.00887935
  0.0077728
 0.00668953
 0.00575058
 0.00525277
 0.00576804
 0.00972293
  0.0295882
    0.14003
   0.540599
   0.909672
   0.989448
   0.998943
   0.999898
    0.99999
   0.999999
          1
          1
          1
          1
          1
          1
          1
          1
          1
          1
          1
          1
          1
          1
          1
          1
          1
          1
          1
          1
          1
          1
          1
   0.999995
   0.999952
   0.999503
   0.995208
   0.957576
   0.730155
     0.2702
  0.0591475
  0.0159618
 0.00723243
 0.00538781
 0.00532041
 0.00589142
 0.00669147
 0.00755521
 0.00832212
 0.00890916
 0.00921759
 0.00922262
 0.00890243
 0.00832626
 0.00754612
 0.00669765
  0.0058803
 0.00532399
  0.0053837
 0.00725255
  0.0159101
  0.0593985
   0.269392
   0.731156
   0.957386
   0.995203
   0.999507
    0.99995
   0.999995
          1
          1
          1
          1
          1
          1
          1
          1
          1
          1
          1
          1
          1
          1
          1
          1
          1
          1
          1
          1
          1
          1
          1
          1
   0.999998
   0.999979
   0.999802
   0.998082
   0.983431
      0.879
   0.499048
   0.139893
  0.0336132
  0.0116064
 0.00648919
 0.00531697
 0.00532187
  0.0057738
 0.00635129
 0.00692043
 0.00734996
  0.0075953
 0.00758717
 0.00735672
 0.00691317
 0.00635877
 0.00576018
 0.00532971
  0.0053115
 0.00650228
  0.0115592
  0.0337808
   0.139296
   0.501391
   0.879246
   0.983475
   0.998103
   0.999797
   0.999979
   0.999998
          1
          1
          1
          1
          1
          1
          1
          1
          1
          1
          1
          1
          1
          1
          1
          1
          1
          1
          1
          1
          1
          1
          1
          1
   0.999999
   0.999992
   0.999927
   0.999356
    0.99441
    0.95789
    0.76162
   0.338348
  0.0906355
  0.0257398
  0.0105418
 0.00648508
 0.00539389
 0.00525643
 0.00548831
 0.00579712
 0.00607858
 0.00622432
 0.00623326
 0.00607038
 0.00580278
 0.00547687
 0.00526645
 0.00538227
 0.00649683
  0.0105251
  0.0257881
  0.0906128
   0.339225
   0.762378
   0.957905
   0.994439
   0.999345
   0.999928
   0.999992
   0.999999
          1
          1
          1
          1
          1
          1
          1
          1
          1
          1
          1
          1
          1
          1
          1
          1
          1
          1
          1
          1
          1
          1
          1
          1
          1
   0.999997
   0.999978
   0.999802
   0.998407
   0.987904
   0.922762
   0.659764
    0.26788
  0.0781418
  0.0256733
   0.011558
 0.00721365
 0.00578191
 0.00533403
 0.00527719
 0.00532232
 0.00538173
 0.00537138
 0.00532953
 0.00526942
 0.00534603
 0.00576763
 0.00723753
  0.0115378
  0.0257255
  0.0781835
   0.268292
   0.659942
    0.92292
   0.988012
   0.998394
   0.999804
   0.999977
   0.999997
          1
          1
          1
          1
          1
          1
          1
          1
          1
          1
          1
          1
          1
          1
          1
          1
          1
          1
          1
          1
          1
          1
          1
          1
          1
          1
   0.999999
   0.999994
   0.999948
    0.99959
   0.997057
   0.980695
    0.89587
   0.619556
   0.267092
  0.0900207
  0.0333263
  0.0157595
 0.00960982
 0.00723464
 0.00622369
  0.0058144
 0.00564701
 0.00565903
 0.00579985
  0.0062418
 0.00721588
 0.00964528
  0.0157028
  0.0334548
  0.0900295
   0.267687
   0.620673
   0.895936
   0.981004
   0.997027
   0.999591
   0.999947
   0.999994
   0.999999
          1
          1
          1
          1
          1
          1
          1
          1
          1
          1
          1
          1
          1
          1
          1
          1
          1
          1
          1
          1
          1
          1
          1
          1
          1
          1
          1
   0.999998
   0.999987
   0.999908
   0.999355
   0.995988
   0.977352
   0.895315
   0.656973
   0.335229
   0.137054
  0.0579381
  0.0289694
  0.0175914
   0.012711
  0.0104709
 0.00961967
 0.00960256
   0.010511
  0.0126774
  0.0176359
   0.028897
  0.0581408
   0.136975
   0.335954
   0.657998
   0.895461
   0.977644
   0.995956
   0.999358
   0.999906
   0.999988
   0.999998
          1
          1
          1
          1
          1
          1
          1
          1
          1
          1
          1
          1
          1
          1
          1
          1
          1
          1
          1
          1
          1
          1
          1
          1
          1
          1
          1
          1
          1
   0.999997
   0.999981
   0.999875
   0.999252
   0.995967
   0.980437
   0.921592
   0.757002
   0.493576
   0.262639
   0.135448
  0.0765908
  0.0498134
  0.0377271
  0.0328239
  0.0328697
  0.0376185
  0.0500036
  0.0763841
   0.135741
   0.262463
   0.493524
   0.757652
   0.921581
   0.980626
   0.995929
   0.999256
   0.999874
   0.999981
   0.999997
          1
          1
          1
          1
          1
          1
          1
          1
          1
          1
          1
          1
          1
          1
          1
          1
          1
          1
          1
          1
          1
          1
          1
          1
          1
          1
          1
          1
          1
          1
   0.999999
   0.999996
   0.999978
   0.999875
   0.999347
   0.997015
   0.987545
   0.956836
    0.87486
   0.722284
   0.528597
   0.365792
   0.258766
    0.20038
   0.174957
   0.175248
   0.200794
   0.258942
   0.366296
   0.529047
    0.72244
   0.875448
    0.95668
   0.987702
   0.996972
   0.999355
   0.999874
   0.999978
   0.999996
   0.999999
          1
          1
          1
          1
          1
          1
          1
          1
          1
          1
          1
          1
          1
          1
          1
          1
          1
          1
          1
          1
          1
          1
          1
          1
          1
          1
          1
          1
          1
          1
          1
   0.999999
   0.999996
   0.999981
   0.999905
   0.999573
   0.998353
   0.994172
   0.982758
   0.955319
   0.905021
   0.830566
   0.748804
   0.679231
    0.64193
    0.64145
   0.679909
   0.748583
   0.830747
   0.905026
   0.955459
   0.982653
   0.994236
   0.998328
   0.999579
   0.999903
   0.999981
   0.999996
   0.999999
          1
          1
          1
          1
          1
          1
          1
          1
          1
          1
          1
          1
          1
          1
          1
          1
          1
          1
          1
          1
          1
          1
          1
          1
          1
          1
          1
          1
          1
          1
          1
          1
          1
   0.999999
   0.999997
   0.999987
   0.999946
   0.999791
   0.999318
   0.997981
   0.994913
   0.988752
   0.979072
   0.966096
   0.953695
   0.945398
    0.94563
   0.953422
   0.966252
   0.979023
   0.988798
   0.994907
   0.998008
   0.999305
   0.999794
   0.999944
   0.999987
   0.999997
   0.999999
          1
          1
          1
          1
          1
          1
          1
          1
          1
          1
          1
          1
          1
          1
          1
          1
          1
          1
          1
          1
          1
          1
          1
          1
          1
          1
          1
          1
          1
          1
          1
          1
          1
          1
          1
          1
   0.999998
   0.999993
   0.999976
   0.999923
   0.999785
   0.999468
   0.998874
   0.997905
   0.996654
   0.995386
   0.994614
   0.994589
   0.995411
   0.996638
   0.997911
   0.998875
   0.999471
   0.999781
   0.999923
   0.999975
   0.999993
   0.999998
          1
          1
          1
          1
          1
          1
          1
          1
          1
          1
          1
          1
          1
          1
          1
          1
          1
          1
          1
          1
          1
          1
          1
          1
          1
          1
          1
          1
          1
          1
          1
          1
          1
          1
          1
          1
          1
          1
          1
   0.999999
   0.999997
   0.999992
   0.999978
   0.999948
   0.999891
   0.999805
    0.99969
   0.999581
   0.999506
   0.999512
   0.999576
   0.999692
   0.999804
   0.999891
   0.999947
   0.999978
   0.999992
   0.999997
   0.999999
          1
          1
          1
          1
          1
          1
          1
          1
          1
          1
          1
          1
          1
          1
          1
          1
          1
          1
          1
          1
          1
          1
          1
          1
          1
          1
          1
          1
          1
          1
          1
          1
          1
          1
          1
          1
          1
          1
          1
          1
          1
          1
   0.999999
   0.999998
   0.999995
    0.99999
   0.999982
   0.999973
   0.999963
   0.999958
   0.999957
   0.999964
   0.999972
   0.999983
    0.99999
   0.999995
   0.999998
   0.999999
          1
          1
          1
          1
          1
          1
          1
          1
          1
          1
          1
          1
          1
          1
          1
          1
          1
          1
          1
          1
          1
          1
          1
          1
          1
          1
          1
          1
          1
          1
          1
          1
          1
          1
          1
          1
          1
          1
          1
          1
          1
          1
          1
          1
          1
          1
          1
   0.999999
   0.999998
   0.999998
   0.999997
   0.999996
   0.999996
   0.999997
   0.999998
   0.999998
   0.999999
          1
          1
          1
          1
          1
          1
          1
          1
          1
          1
          1
          1
          1
          1
          1
          1
          1
          1
          1
          1
          1
          1
          1
          1
          1
          1
          1
          1
          1
          1
          1
          1
          1
          1
          1
          1
          1
          1
          1
          1
          1
          1
          1
          1
          1
          1
          1
          1
          1
          1
          1
          1
          1
          1
          1
          1
          1
          1
          1
          1
          1
          1
          1
          1
          1
          1
          1
          1
          1
          1
          1
          1
          1
          1
          1
          1
          1
          1
          1
          1
          1
          1
          1
          1
          1
          1
          1
          1
          1
          1
          1
          1
          1
          1
          1
          1
          1
          1
          1
          1
          1
          1
          1
          1
          1
          1
          1
          1
          1
          1
          1
          1
          1
          1
          1
          1
          1
          1
          1
          1
          1
          1
          1
          1
          1
          1
          1
          1
          1
          1
          1
          1
          1
          1
          1
          1
          1
          1
          1
          1
          1
          1
          1
          1
          1
          1
          1
          1
          1
          1
          1
          1
          1
          1
          1
          1
          1
          1
          1
          1
          1
          1
          1
          1
          1
          1
          1
          1
          1
          1
          1
          1
          1
          1
          1
          1
          1
          1
          1
          1
          1
          1
          1
          1
          1
          1
          1
          1
          1
          1
          1
          1
          1
          1
          1
          1
          1
          1
          1
          1
          1
          1
          1
          1
          1
          1
          1
          1
          1
          1
          1
          1
          1
          1
          1
          1
          1
          1
          1
          1
          1
          1
          1
          1
          1
          1
          1
          1
          1
          1
          1
          1
          1
          1
          1
          1
          1
          1
          1
          1
          1
          1
          1
          1
          1
          1
          1
          1
          1
          1
          1
          1
          1
          1
          1
          1
          1
          1
          1
          1
          1
          1
          1
          1
          1
          1
          1
          1
          1
          1
          1
          1
          1
          1
          1
          1
          1
          1
          1
          1
          1
          1
          1
          1
          1
          1
          1
          1
          1
          1
          1
          1
          1
          1
          1
          1
          1
          1
          1
          1
          1
          1
          1
          1
          1
          1
          1
          1
          1
          1
          1
          1
          1
          1
          1
          1
          1
          1
          1
          1
          1
          1
          1
          1
          1
          1
          1
          1
          1
          1
          1
          1
          1
          1
          1
          1
          1
          1
          1
          1
          1
          1
          1
          1
          1
          1
          1
          1
          1
          1
          1
          1
          1
          1
          1
          1
          1
          1
          1
          1
          1
          1
          1
          1
          1
          1
          1
          1
          1
          1
          1
          1
          1
          1
          1
          1
          1
          1
          1
          1
          1
          1
          1
          1
          1
          1
          1
          1
          1
          1
          1
          1
          1
          1
          1
          1
          1
          1
          1
          1
          1
          1
          1
          1
          1
          1
          1
          1
          1
          1
          1
          1
          1
          1
          1
          1
          1
          1
          1
          1
          1
          1
          1
          1
          1
          1
          1
          1
          1
          1
          1
          1
          1
          1
          1
          1
          1
          1
          1
          1
          1
          1
          1
          1
          1
          1
          1
          1
          1
          1
          1
          1
          1
          1
          1
          1
          1
          1
          1
          1
          1
          1
          1
          1
          1
          1
          1
          1
          1
          1
          1
          1
          1
          1
          1
          1
          1
          1
          1
          1
          1
          1
          1
          1
          1
          1
          1
          1
          1
          1
          1
          1
          1
          1
          1
          1
          1
          1
          1
          1
          1
          1
          1
          1
          1
          1
          1
          1
          1
          1
          1
          1
          1
          1
          1
          1
          1
          1
          1
          1
          1
          1
          1
          1
          1
          1
          1
          1
          1
          1
          1
          1
          1
          1
          1
          1
          1
          1
          1
          1
          1
          1
          1
          1
          1
          1
          1
          1
          1
          1
          1
          1
          1
          1
          1
          1
          1
          1
          1
          1
          1
          1
          1
          1
          1
          1
          1
          1
          1
          1
          1
          1
          1
          1
          1
          1
          1
          1
          1
          1
          1
          1
          1
          1
          1
          1
          1
          1
          1
          1
          1
          1
          1
          1
          1
          1
          1
          1
          1
          1
          1
          1
          1
          1
          1
          1
          1
          1
          1
          1
          1
          1
          1
          1
          1
          1
          1
          1
          1
          1
          1
          1
          1
          1
          1
          1
          1
          1
          1
          1
          1
          1
          1
          1
          1
          1
          1
          1
          1
          1
          1
          1
          1
          1
          1
          1
          1
          1
          1
          1
          1
          1
          1
          1
          1
          1
          1
          1
          1
          1
          1
          1
          1
          1
          1
          1
          1
          1
          1
          1
          1
          1
          1
          1
          1
          1
          1
          1
          1
          1
          1
          1
          1
          1
          1
          1
          1
          1
          1
          1
          1
          1
          1
          1
          1
          1
          1
          1
          1
          1
          1
          1
          1
          1
          1
          1
          1
          1
          1
          1
          1
          1
          1
          1
          1
          1
          1
          1
          1
          1
          1
          1
          1
          1
          1
          1
          1
          1
          1
          1
          1
          1
          1
          1
          1
          1
          1
          1
          1
          1
          1
          1
          1
          1
          1
          1
          1
          1
          1
          1
          1
          1
          1
          1
          1
          1
          1
          1
          1
          1
          1
          1
          1
          1
          1
          1
          1
          1
          1
          1
          1
          1
          1
          1
          1
          1
          1
          1
          1
          1
          1
          1
          1
          1
          1
          1
          1
          1
          1
          1
          1
          1
          1
          1
          1
          1
          1
          1
          1
          1
          1
          1
          1
          1
          1
          1
          1
          1
          1
          1
          1
          1
          1
          1
          1
          1
          1
          1
          1
          1
          1
          1
          1
          1
          1
          1
          1
          1
          1
          1
          1
          1
          1
          1
          1
          1
          1
          1
          1
          1
          1
          1
          1
          1
          1
          1
          1
          1
          1
          1
          1
          1
          1
          1
          1
          1
          1
          1
          1
          1
          1
          1
          1
          1
          1
          1
          1
          1
          1
          1
          1
          1
          1
          1
          1
          1
          1
          1
          1
          1
          1
          1
          1
          1
          1
          1
          1
          1
          1
          1
          1
          1
          1
          1
          1
          1
          1
          1
          1
          1
          1
          1
          1
          1
          1
          1
          1
          1
          1
          1
          1
          1
          1
          1
          1
          1
          1
          1
          1
          1
          1
          1
          1
          1
          1
          1
          1
          1
          1
          1
          1
          1
          1
          1
          1
          1
          1
          1
          1
          1
          1
          1
          1
          1
          1
          1
          1
          1
          1
          1
          1
          1
          1
          1
          1
          1
          1
          1
          1
          1
          1
          1
          1
          1
          1
          1
          1
          1
          1
          1
          1
          1
          1
          1
          1
          1
          1
          1
          1
          1
          1
          1
          1
          1
          1
          1
          1
          1
          1
          1
          1
          1
          1
          1
          1
          1
          1
          1
          1
          1
          1
          1
          1
          1
          1
          1
          1
          1
          1
          1
          1
          1
          1
          1
          1
          1
          1
          1
          1
          1
          1
          1
          1
          1
          1
          1
          1
          1
          1
          1
          1
          1
          1
          1
          1
          1
          1
          1
          1
          1
          1
          1
          1
          1
          1
          1
          1
          1
          1
          1
          1
          1
          1
          1
          1
          1
          1
          1
          1
          1
          1
          1
          1
          1
          1
          1
          1
          1
          1
          1
          1
          1
          1
          1
          1
          1
          1
          1
          1
          1
          1
          1
          1
          1
          1
          1
          1
          1
          1
          1
          1
          1
          1
          1
          1
          1
          1
          1
          1
          1
          1
          1
          1
          1
          1
          1
          1
          1
          1
          1
          1
          1
          1
          1
          1
          1
          1
          1
          1
          1
          1
          1
          1
          1
          1
          1
          1
          1
          1
          1
          1
          1
          1
          1
          1
          1
          1
          1
          1
          1
          1
          1
          1
          1
          1
          1
          1
          1
          1
          1
          1
          1
          1
          1
          1
          1
          1
          1
          1
          1
          1
          1
          1
          1
          1
          1
          1
          1
          1
          1
          1
          1
          1
          1
          1
          1
          1
          1
          1
          1
          1
          1
          1
          1
          1
          1
          1
          1
          1
          1
          1
          1
          1
          1
          1
          1
          1
          1
          1
          1
          1
          1
          1
          1
          1
          1
          1
          1
          1
          1
          1
          1
          1
          1
          1
          1
          1
          1
          1
          1
          1
          1
          1
          1
          1
          1
          1
          1
          1
          1
          1
          1
          1
          1
          1
          1
          1
          1
          1
          1
          1
          1
          1
          1
          1
          1
          1
          1
          1
          1
          1
          1
          1
          1
          1
          1
          1
          1
          1
          1
          1
          1
          1
          1
          1
          1
          1
          1
          1
          1
          1
          1
          1
          1
          1
          1
          1
          1
          1
          1
          1
          1
          1
          1
          1
          1
          1
          1
          1
          1
          1
          1
          1
          1
          1
          1
          1
          1
          1
          1
          1
          1
          1
          1
          1
          1
          1
          1
          1
          1
          1
          1
          1
          1
          1
          1
          1
          1
          1
          1
          1
          1
          1
          1
          1
          1
          1
          1
          1
          1
          1
          1
          1
          1
          1
          1
          1
          1
          1
          1
          1
          1
          1
          1
          1
          1
          1
          1
          1
          1
          1
          1
          1
          1
          1
          1
          1
          1
          1
          1
          1
          1
          1
          1
          1
          1
          1
          1
          1
          1
          1
          1
          1
          1
          1
          1
          1
          1
          1
          1
          1
          1
          1
          1
          1
          1
          1
          1
          1
          1
          1
          1
          1
          1
          1
          1
          1
          1
          1
          1
          1
          1
          1
          1
          1
          1
          1
          1
          1
          1
          1
          1
          1
          1
          1
          1
          1
          1
          1
          1
          1
          1
          1
          1
          1
          1
          1
          1
          1
   0.999999
   0.999999
   0.999998
   0.999997
   0.999996
   0.999995
   0.999995
   0.999996
   0.999997
   0.999998
   0.999999
   0.999999
          1
          1
          1
          1
          1
          1
          1
          1
          1
          1
          1
          1
          1
          1
          1
          1
          1
          1
          1
          1
          1
          1
          1
          1
          1
          1
          1
          1
          1
          1
          1
          1
          1
          1
          1
          1
          1
          1
          1
          1
          1
          1
          1
          1
          1
          1
   0.999999
   0.999997
   0.999994
   0.999988
   0.999979
   0.999967
   0.999956
    0.99995
    0.99995
   0.999957
   0.999967
   0.999979
   0.999988
   0.999994
   0.999998
   0.999999
          1
          1
          1
          1
          1
          1
          1
          1
          1
          1
          1
          1
          1
          1
          1
          1
          1
          1
          1
          1
          1
          1
          1
          1
          1
          1
          1
          1
          1
          1
          1
          1
          1
          1
          1
          1
          1
          1
          1
          1
          1
          1
   0.999999
   0.999997
   0.999992
   0.999977
   0.999945
   0.999886
   0.999793
   0.999675
   0.999562
   0.999488
   0.999489
   0.999559
   0.999675
   0.999793
   0.999886
   0.999946
   0.999977
   0.999992
   0.999997
   0.999999
          1
          1
          1
          1
          1
          1
          1
          1
          1
          1
          1
          1
          1
          1
          1
          1
          1
          1
          1
          1
          1
          1
          1
          1
          1
          1
          1
          1
          1
          1
          1
          1
          1
          1
          1
          1
          1
          1
          1
   0.999998
   0.999994
   0.999978
   0.999929
   0.999802
   0.999512
   0.998951
   0.998054
   0.996888
   0.995759
   0.995014
   0.995004
   0.995755
   0.996891
   0.998056
   0.998951
   0.999508
   0.999803
   0.999928
   0.999978
   0.999994
   0.999998
          1
          1
          1
          1
          1
          1
          1
          1
          1
          1
          1
          1
          1
          1
          1
          1
          1
          1
          1
          1
          1
          1
          1
          1
          1
          1
          1
          1
          1
          1
          1
          1
          1
          1
          1
          1
          1
   0.999998
   0.999989
   0.999955
   0.999833
    0.99945
   0.998386
   0.995883
   0.990985
   0.982942
   0.972673
   0.962422
   0.956143
   0.956095
   0.962369
   0.972649
   0.982982
   0.990992
   0.995898
   0.998368
   0.999447
    0.99983
   0.999956
   0.999989
   0.999998
          1
          1
          1
          1
          1
          1
          1
          1
          1
          1
          1
          1
          1
          1
          1
          1
          1
          1
          1
          1
          1
          1
          1
          1
          1
          1
          1
          1
          1
          1
          1
          1
          1
          1
          1
   0.999997
   0.999986
   0.999933
   0.999705
   0.998838
   0.995961
   0.987892
   0.968858
   0.931793
   0.876197
   0.810996
   0.754817
    0.72224
   0.722047
   0.754879
   0.810683
   0.876232
   0.932087
   0.968811
    0.98794
    0.99596
   0.998846
   0.999703
   0.999934
   0.999986
   0.999997
          1
          1
          1
          1
          1
          1
          1
          1
          1
          1
          1
          1
          1
          1
          1
          1
          1
          1
          1
          1
          1
          1
          1
          1
          1
          1
          1
          1
          1
          1
          1
          1
          1
   0.999998
   0.999986
   0.999923
   0.999601
   0.998197
   0.992537
   0.973823
   0.921993
   0.813997
   0.653979
   0.490868
   0.368024
   0.294118
   0.260399
   0.260703
   0.293429
   0.368697
   0.490528
   0.655091
   0.814271
   0.922004
   0.973765
   0.992568
   0.998187
   0.999603
   0.999924
   0.999986
   0.999998
          1
          1
          1
          1
          1
          1
          1
          1
          1
          1
          1
          1
          1
          1
          1
          1
          1
          1
          1
          1
          1
          1
          1
          1
          1
          1
          1
          1
          1
          1
          1
   0.999999
    0.99999
   0.999933
   0.999602
   0.997907
   0.989866
    0.95851
   0.860634
   0.657829
   0.410242
   0.230965
   0.133759
   0.086591
  0.0644225
  0.0556965
  0.0555962
  0.0646884
   0.086406
   0.134195
   0.230999
   0.412198
   0.658492
   0.861151
   0.958701
   0.989971
   0.997905
   0.999604
   0.999933
    0.99999
   0.999998
          1
          1
          1
          1
          1
          1
          1
          1
          1
          1
          1
          1
          1
          1
          1
          1
          1
          1
          1
          1
          1
          1
          1
          1
          1
          1
          1
          1
          1
   0.999999
   0.999994
   0.999956
   0.999706
   0.998195
   0.989884
   0.951671
   0.816944
   0.538109
   0.263184
   0.116609
  0.0556834
  0.0312328
  0.0206896
  0.0160225
  0.0141397
  0.0141848
  0.0159879
  0.0207563
  0.0311529
  0.0559604
   0.116293
   0.263817
    0.53895
   0.816694
   0.951841
    0.98997
   0.998205
   0.999707
   0.999957
   0.999994
   0.999999
          1
          1
          1
          1
          1
          1
          1
          1
          1
          1
          1
          1
          1
          1
          1
          1
          1
          1
          1
          1
          1
          1
          1
          1
          1
          1
          1
          1
   0.999997
   0.999979
   0.999838
    0.99886
   0.992632
   0.958714
   0.817379
   0.496475
   0.204258
   0.075278
  0.0312555
   0.015994
  0.0100596
 0.00751295
 0.00636525
 0.00592357
 0.00591561
 0.00638186
 0.00750698
  0.0100795
  0.0159951
  0.0313936
   0.075338
   0.204352
   0.498403
    0.81732
   0.958883
   0.992639
   0.998854
   0.999838
   0.999979
   0.999997
          1
          1
          1
          1
          1
          1
          1
          1
          1
          1
          1
          1
          1
          1
          1
          1
          1
          1
          1
          1
          1
          1
          1
          1
          1
          1
          1
   0.999999
   0.999992
   0.999934
   0.999469
   0.996066
   0.974362
   0.861999
     0.5397
   0.204936
  0.0649449
  0.0237681
  0.0112318
 0.00687152
 0.00518444
 0.00446207
 0.00415768
 0.00403798
 0.00404709
 0.00415201
 0.00446839
 0.00517415
 0.00689262
  0.0112185
  0.0237683
  0.0651664
   0.205087
   0.541828
     0.8627
   0.974345
   0.996082
   0.999467
   0.999933
   0.999992
   0.999999
          1
          1
          1
          1
          1
          1
          1
          1
          1
          1
          1
          1
          1
          1
          1
          1
          1
          1
          1
          1
          1
          1
          1
          1
          1
          1
   0.999998
   0.999979
   0.999817
   0.998454
   0.988335
   0.924061
   0.662221
   0.266074
  0.0759261
  0.0238493
  0.0101107
 0.00589944
 0.00446131
 0.00393655
 0.00377594
 0.00373757
  0.0037456
 0.00374167
 0.00374323
 0.00377238
 0.00394389
 0.00445795
  0.0059124
  0.0101089
  0.0238743
  0.0760195
    0.26652
   0.662951
   0.924168
   0.988274
    0.99846
   0.999815
   0.999979
   0.999998
          1
          1
          1
          1
          1
          1
          1
          1
          1
          1
          1
          1
          1
          1
          1
          1
          1
          1
          1
          1
          1
          1
          1
          1
          1
   0.999999
   0.999995
    0.99995
   0.999547
   0.996087
   0.969963
   0.819441
   0.415931
    0.11838
  0.0316422
  0.0112979
 0.00591166
 0.00429047
 0.00380087
 0.00373155
 0.00379923
  0.0038976
 0.00395431
 0.00395976
 0.00389342
 0.00380222
 0.00372699
 0.00380923
 0.00428511
 0.00591687
  0.0113049
  0.0317431
   0.118852
    0.41751
   0.820401
    0.97008
   0.996095
   0.999544
    0.99995
   0.999995
   0.999999
          1
          1
          1
          1
          1
          1
          1
          1
          1
          1
          1
          1
          1
          1
          1
          1
          1
          1
          1
          1
          1
          1
          1
          1
   0.999999
   0.999989
   0.999896
   0.999028
   0.991435
   0.934667
   0.662273
   0.235848
  0.0567587
  0.0162041
 0.00691375
 0.00446565
 0.00379941
 0.00374229
 0.00388405
 0.00408907
 0.00426172
  0.0043638
 0.00435909
 0.00426536
 0.00408749
 0.00388848
 0.00373883
 0.00380684
 0.00446357
 0.00692401
  0.0162315
  0.0568295
   0.236794
   0.662807
   0.934941
   0.991473
   0.999024
   0.999895
   0.999989
   0.999999
          1
          1
          1
          1
          1
          1
          1
          1
          1
          1
          1
          1
          1
          1
          1
          1
          1
          1
          1
          1
          1
          1
          1
          1
   0.999998
    0.99998
    0.99981
   0.998202
   0.983877
   0.880819
   0.501465
   0.136879
  0.0318711
  0.0101714
 0.00520249
 0.00393626
 0.00372933
  0.0038816
 0.00416723
 0.00445672
 0.00468705
 0.00481137
 0.00481514
 0.00468447
 0.00445767
 0.00416353
 0.00388527
 0.00372653
 0.00394124
 0.00520798
  0.0101892
  0.0319674
   0.137306
   0.502986
   0.881165
    0.98396
   0.998187
   0.999811
    0.99998
   0.999998
          1
          1
          1
          1
          1
          1
          1
          1
          1
          1
          1
          1
          1
          1
          1
          1
          1
          1
          1
          1
          1
          1
          1
          1
   0.999997
    0.99997
   0.999705
   0.997118
   0.974181
   0.819099
   0.377476
  0.0891749
  0.0210887
 0.00758462
 0.00447151
 0.00377055
 0.00379162
 0.00408508
 0.00445242
 0.00480927
  0.0050784
 0.00522834
  0.0052266
 0.00508148
 0.00480542
 0.00445482
 0.00408377
 0.00379538
 0.00376864
  0.0044752
 0.00758745
  0.0211213
  0.0892539
   0.378518
   0.819599
   0.974303
   0.997124
   0.999702
    0.99997
   0.999997
          1
          1
          1
          1
          1
          1
          1
          1
          1
          1
          1
          1
          1
          1
          1
          1
          1
          1
          1
          1
          1
          1
          1
          1
   0.999996
    0.99996
   0.999598
   0.996073
   0.964622
   0.764186
   0.303897
  0.0662476
  0.0163488
 0.00641198
 0.00415586
 0.00372862
 0.00388709
 0.00425254
 0.00468082
 0.00507501
 0.00537797
 0.00553866
 0.00554014
 0.00537459
 0.00507739
 0.00467682
 0.00425545
 0.00388405
 0.00373374
  0.0041547
 0.00642659
  0.0163453
  0.0665723
   0.304508
   0.764802
   0.964806
    0.99604
   0.999599
    0.99996
   0.999996
          1
          1
          1
          1
          1
          1
          1
          1
          1
          1
          1
          1
          1
          1
          1
          1
          1
          1
          1
          1
          1
          1
          1
          1
   0.999996
   0.999953
   0.999536
   0.995391
   0.958747
   0.733925
    0.26903
  0.0575348
  0.0144296
 0.00595964
 0.00403617
 0.00373319
  0.0039428
 0.00435089
  0.0048035
 0.00522219
 0.00553641
    0.00571
 0.00570731
 0.00553835
 0.00522053
 0.00480552
 0.00434802
  0.0039463
 0.00372983
  0.0040424
 0.00595467
  0.0144624
  0.0575245
    0.26997
   0.734358
   0.958938
   0.995403
    0.99953
   0.999954
   0.999996
          1
          1
          1
          1
          1
          1
          1
          1
          1
          1
          1
          1
          1
          1
          1
          1
          1
          1
          1
          1
          1
          1
          1
          1
   0.999996
   0.999954
   0.999533
   0.995425
    0.95875
    0.73305
   0.269998
  0.0572383
  0.0144622
 0.00595371
 0.00404012
 0.00372907
 0.00394654
  0.0043472
 0.00480498
 0.00522202
 0.00553761
 0.00570568
 0.00570978
 0.00553575
 0.00522152
 0.00480012
 0.00435363
 0.00394215
 0.00373433
 0.00403675
 0.00596958
  0.0144691
  0.0575178
   0.270568
   0.733559
    0.95899
   0.995365
   0.999536
   0.999954
   0.999996
          1
          1
          1
          1
          1
          1
          1
          1
          1
          1
          1
          1
          1
          1
          1
          1
          1
          1
          1
          1
          1
          1
          1
          1
   0.999996
   0.999959
   0.999602
   0.996053
   0.964659
    0.76483
   0.302647
  0.0665943
  0.0162984
 0.00642094
 0.00415595
 0.00373221
 0.00388519
 0.00425687
  0.0046798
 0.00507761
 0.00537721
 0.00554125
 0.00553894
 0.00537934
 0.00507457
 0.00468217
 0.00425297
 0.00388902
    0.00373
 0.00415819
 0.00641301
   0.016346
  0.0665193
    0.30391
   0.764946
   0.964728
   0.996071
   0.999595
    0.99996
   0.999996
          1
          1
          1
          1
          1
          1
          1
          1
          1
          1
          1
          1
          1
          1
          1
          1
          1
          1
          1
          1
          1
          1
          1
          1
   0.999997
    0.99997
   0.999702
   0.997137
   0.974193
   0.818765
    0.37837
  0.0887562
  0.0211502
 0.00757963
 0.00447316
 0.00376907
 0.00379604
  0.0040819
 0.00445656
 0.00480716
 0.00508053
 0.00522715
 0.00522909
 0.00507628
 0.00480994
 0.00445096
  0.0040859
 0.00379147
 0.00377336
 0.00446934
 0.00759521
  0.0211179
  0.0892083
   0.378691
   0.818996
   0.974257
   0.997099
   0.999704
    0.99997
   0.999997
          1
          1
          1
          1
          1
          1
          1
          1
          1
          1
          1
          1
          1
          1
          1
          1
          1
          1
          1
          1
          1
          1
          1
          1
   0.999998
    0.99998
   0.999813
   0.998194
   0.983968
   0.881386
   0.500598
   0.137455
  0.0318426
  0.0101833
 0.00520526
 0.00393947
 0.00372719
 0.00388655
 0.00416605
 0.00446012
 0.00468756
 0.00481586
 0.00481364
 0.00469065
 0.00445568
 0.00416945
 0.00388484
 0.00373123
 0.00393703
 0.00520858
  0.0101718
  0.0319127
   0.137261
   0.502106
   0.881171
   0.983948
   0.998198
   0.999808
   0.999981
   0.999998
          1
          1
          1
          1
          1
          1
          1
          1
          1
          1
          1
          1
          1
          1
          1
          1
          1
          1
          1
          1
          1
          1
          1
          1
   0.999999
   0.999989
   0.999894
   0.999036
   0.991448
   0.934706
    0.66307
   0.234938
  0.0569344
  0.0161834
 0.00692289
 0.00445784
 0.00380756
 0.00373656
 0.00388706
  0.0040888
 0.00426551
 0.00435869
 0.00436452
 0.00426063
 0.00409169
 0.00388209
 0.00374382
 0.00380037
 0.00446954
 0.00691119
  0.0162508
  0.0568425
   0.236752
   0.663179
   0.934757
   0.991441
   0.999019
   0.999896
   0.999989
   0.999999
          1
          1
          1
          1
          1
          1
          1
          1
          1
          1
          1
          1
          1
          1
          1
          1
          1
          1
          1
          1
          1
          1
          1
          1
   0.999999
   0.999994
    0.99995
   0.999543
   0.996116
   0.970063
   0.818518
   0.417567
   0.117981
   0.031715
  0.0112876
 0.00591657
 0.00428104
 0.00380705
 0.00372844
 0.00380124
 0.00389337
 0.00396037
 0.00395433
 0.00389776
 0.00379723
  0.0037352
 0.00380112
 0.00429205
 0.00590849
  0.0113078
  0.0316369
   0.118588
   0.416924
   0.819491
   0.970018
   0.996094
   0.999548
   0.999949
   0.999995
   0.999999
          1
          1
          1
          1
          1
          1
          1
          1
          1
          1
          1
          1
          1
          1
          1
          1
          1
          1
          1
          1
          1
          1
          1
          1
          1
   0.999998
   0.999979
   0.999817
   0.998452
   0.988344
   0.924459
   0.660369
   0.266851
  0.0756875
  0.0238802
  0.0100919
 0.00590769
 0.00445051
 0.00394037
 0.00377049
 0.00374096
 0.00373733
 0.00374565
 0.00373481
 0.00377516
 0.00393054
 0.00446452
 0.00589301
  0.0101136
  0.0238125
  0.0761648
   0.266242
   0.662445
   0.924426
    0.98826
   0.998456
   0.999813
   0.999979
   0.999998
          1
          1
          1
          1
          1
          1
          1
          1
          1
          1
          1
          1
          1
          1
          1
          1
          1
          1
          1
          1
          1
          1
          1
          1
          1
          1
   0.999999
   0.999992
   0.999933
   0.999469
   0.996085
   0.974335
   0.862501
    0.53983
    0.20481
  0.0650581
  0.0237644
  0.0112122
 0.00688972
 0.00517684
 0.00446837
  0.0041529
 0.00404595
  0.0040382
 0.00416059
 0.00446036
 0.00519162
 0.00687232
  0.0112476
   0.023754
  0.0651564
    0.20499
   0.540078
   0.862603
   0.974045
    0.99607
   0.999462
   0.999934
   0.999992
   0.999999
          1
          1
          1
          1
          1
          1
          1
          1
          1
          1
          1
          1
          1
          1
          1
          1
          1
          1
          1
          1
          1
          1
          1
          1
          1
          1
          1
   0.999997
   0.999979
   0.999837
   0.998857
   0.992668
   0.958764
   0.817091
   0.497256
   0.204198
  0.0751648
  0.0312865
  0.0159705
  0.0100701
 0.00751045
 0.00637601
 0.00591108
 0.00592561
 0.00636139
 0.00752278
  0.0100407
  0.0160314
  0.0312183
  0.0753157
   0.203925
   0.497297
   0.817956
   0.958628
   0.992713
    0.99884
   0.999838
   0.999979
   0.999997
          1
          1
          1
          1
          1
          1
          1
          1
          1
          1
          1
          1
          1
          1
          1
          1
          1
          1
          1
          1
          1
          1
          1
          1
          1
          1
          1
          1
   0.999999
   0.999994
   0.999957
   0.999705
   0.998196
   0.989942
   0.951818
   0.816523
   0.538239
   0.263582
   0.116269
  0.0557305
  0.0311953
  0.0207157
   0.015984
  0.0141784
    0.01415
  0.0160431
  0.0206558
  0.0313156
   0.055672
   0.116966
   0.263381
   0.538173
   0.817293
   0.951551
   0.990028
   0.998167
   0.999709
   0.999956
   0.999994
   0.999999
          1
          1
          1
          1
          1
          1
          1
          1
          1
          1
          1
          1
          1
          1
          1
          1
          1
          1
          1
          1
          1
          1
          1
          1
          1
          1
          1
          1
          1
   0.999999
   0.999989
   0.999933
   0.999606
   0.997894
   0.989923
   0.958623
   0.860891
   0.657618
     0.4107
   0.230937
   0.133513
  0.0865203
  0.0645399
  0.0555389
   0.055662
  0.0643591
  0.0866376
   0.133383
    0.23139
    0.41001
   0.657245
   0.860609
   0.958304
   0.989958
    0.99787
    0.99961
   0.999933
    0.99999
   0.999999
          1
          1
          1
          1
          1
          1
          1
          1
          1
          1
          1
          1
          1
          1
          1
          1
          1
          1
          1
          1
          1
          1
          1
          1
          1
          1
          1
          1
          1
          1
          1
   0.999998
   0.999986
   0.999922
   0.999605
   0.998185
   0.992561
   0.973918
   0.922078
   0.814293
   0.653528
   0.491258
   0.367644
   0.293609
    0.26039
   0.260422
   0.294135
   0.367686
   0.492069
   0.654037
   0.814376
   0.922221
   0.973697
   0.992603
   0.998172
    0.99961
   0.999922
   0.999986
   0.999998
          1
          1
          1
          1
          1
          1
          1
          1
          1
          1
          1
          1
          1
          1
          1
          1
          1
          1
          1
          1
          1
          1
          1
          1
          1
          1
          1
          1
          1
          1
          1
          1
          1
   0.999997
   0.999986
   0.999932
   0.999702
   0.998841
   0.995959
    0.98798
   0.968742
   0.932219
   0.875544
   0.811582
   0.754066
   0.722557
   0.722232
    0.75476
   0.811005
    0.87597
   0.932022
   0.968867
   0.987807
    0.99596
   0.998815
   0.999707
   0.999932
   0.999986
   0.999997
          1
          1
          1
          1
          1
          1
          1
          1
          1
          1
          1
          1
          1
          1
          1
          1
          1
          1
          1
          1
          1
          1
          1
          1
          1
          1
          1
          1
          1
          1
          1
          1
          1
          1
          1
   0.999998
   0.999989
   0.999956
   0.999832
   0.999448
   0.998376
   0.995904
   0.990938
   0.983042
   0.972495
   0.962553
   0.955904
   0.956083
   0.962262
   0.972574
    0.98292
   0.990972
   0.995867
   0.998389
    0.99944
   0.999835
   0.999955
    0.99999
   0.999998
          1
          1
          1
          1
          1
          1
          1
          1
          1
          1
          1
          1
          1
          1
          1
          1
          1
          1
          1
          1
          1
          1
          1
          1
          1
          1
          1
          1
          1
          1
          1
          1
          1
          1
          1
          1
          1
   0.999998
   0.999994
   0.999978
   0.999929
   0.999801
   0.999507
   0.998953
   0.998046
   0.996899
   0.995722
   0.995029
   0.994994
   0.995753
   0.996865
   0.998053
   0.998946
   0.999512
   0.999798
    0.99993
   0.999977
   0.999994
   0.999998
          1
          1
          1
          1
          1
          1
          1
          1
          1
          1
          1
          1
          1
          1
          1
          1
          1
          1
          1
          1
          1
          1
          1
          1
          1
          1
          1
          1
          1
          1
          1
          1
          1
          1
          1
          1
          1
          1
          1
   0.999999
   0.999997
   0.999991
   0.999977
   0.999945
   0.999885
   0.999792
   0.999673
   0.999559
   0.999482
   0.999485
   0.999555
   0.999673
   0.999791
   0.999885
   0.999944
   0.999977
   0.999991
   0.999997
   0.999999
          1
          1
          1
          1
          1
          1
          1
          1
          1
          1
          1
          1
          1
          1
          1
          1
          1
          1
          1
          1
          1
          1
          1
          1
          1
          1
          1
          1
          1
          1
          1
          1
          1
          1
          1
          1
          1
          1
          1
          1
          1
          1
   0.999999
   0.999997
   0.999994
   0.999988
   0.999979
   0.999967
   0.999956
    0.99995
   0.999949
   0.999957
   0.999967
   0.999979
   0.999988
   0.999994
   0.999997
   0.999999
          1
          1
          1
          1
          1
          1
          1
          1
          1
          1
          1
          1
          1
          1
          1
          1
          1
          1
          1
          1
          1
          1
          1
          1
          1
          1
          1
          1
          1
          1
          1
          1
          1
          1
          1
          1
          1
          1
          1
          1
          1
          1
          1
          1
          1
          1
   0.999999
   0.999999
   0.999998
   0.999997
   0.999996
   0.999995
   0.999995
   0.999996
   0.999997
   0.999998
   0.999999
   0.999999
          1
          1
          1
          1
          1
          1
          1
          1
          1
          1
          1
          1
          1
          1
          1
          1
          1
          1
          1
          1
          1
          1
          1
          1
          1
          1
          1
          1
          1
          1
          1
          1
          1
          1
          1
          1
          1
          1
          1
          1
          1
          1
          1
          1
          1
          1
          1
          1
          1
          1
          1
          1
          1
          1
          1
          1
          1
          1
          1
          1
          1
          1
          1
          1
          1
          1
          1
          1
          1
          1
          1
          1
          1
          1
          1
          1
          1
          1
          1
          1
          1
          1
          1
          1
          1
          1
          1
          1
          1
          1
          1
          1
          1
          1
          1
          1
          1
          1
          1
          1
          1
          1
          1
          1
          1
          1
          1
          1
          1
          1
          1
          1
          1
          1
          1
          1
          1
          1
          1
          1
          1
          1
          1
          1
          1
          1
          1
          1
          1
          1
          1
          1
          1
          1
          1
          1
          1
          1
          1
          1
          1
          1
          1
          1
          1
          1
          1
          1
          1
          1
          1
          1
          1
          1
          1
          1
          1
          1
          1
          1
          1
          1
          1
          1
          1
          1
          1
          1
          1
          1
          1
          1
          1
          1
          1
          1
          1
          1
          1
          1
          1
          1
          1
          1
          1
          1
          1
          1
          1
          1
          1
          1
          1
          1
          1
          1
          1
          1
          1
          1
          1
          1
          1
          1
          1
          1
          1
          1
          1
          1
          1
          1
          1
          1
          1
          1
          1
          1
          1
          1
          1
          1
          1
          1
          1
          1
          1
          1
          1
          1
          1
          1
          1
          1
          1
          1
          1
          1
          1
          1
          1
          1
          1
          1
          1
          1
          1
          1
          1
          1
          1
          1
          1
          1
          1
          1
          1
          1
          1
          1
          1
          1
          1
          1
          1
          1
          1
          1
          1
          1
          1
          1
          1
          1
          1
          1
          1
          1
          1
          1
          1
          1
          1
          1
          1
          1
          1
          1
          1
          1
          1
          1
          1
          1
          1
          1
          1
          1
          1
          1
          1
          1
          1
          1
          1
          1
          1
          1
          1
          1
          1
          1
          1
          1
          1
          1
          1
          1
          1
          1
          1
          1
          1
          1
          1
          1
          1
          1
          1
          1
          1
          1
          1
          1
          1
          1
          1
          1
          1
          1
          1
          1
          1
          1
          1
          1
          1
          1
          1
          1
          1
          1
          1
          1
          1
          1
          1
          1
          1
          1
          1
          1
          1
          1
          1
          1
          1
          1
          1
          1
          1
          1
          1
          1
          1
          1
          1
          1
          1
          1
          1
          1
          1
          1
          1
          1
          1
          1
          1
          1
          1
          1
          1
          1
          1
          1
          1
          1
          1
          1
          1
          1
          1
          1
          1
          1
          1
          1
          1
          1
          1
          1
          1
          1
          1
          1
          1
          1
          1
          1
          1
          1
          1
          1
          1
          1
          1
          1
          1
          1
          1
          1
          1
          1
          1
          1
          1
          1
          1
          1
          1
          1
          1
          1
          1
          1
          1
          1
          1
          1
          1
          1
          1
          1
          1
          1
          1
          1
          1
          1
          1
          1
          1
          1
          1
          1
          1
          1
          1
          1
          1
          1
          1
          1
          1
          1
          1
          1
          1
          1
          1
          1
          1
          1
          1
          1
          1
          1
          1
          1
          1
          1
          1
          1
          1
          1
          1
          1
          1
          1
          1
          1
          1
          1
          1
          1
          1
          1
          1
          1
          1
          1
          1
          1
          1
          1
          1
          1
          1
          1
          1
          1
          1
          1
          1
          1
          1
          1
          1
          1
          1
          1
          1
          1
          1
          1
          1
          1
          1
          1
          1
          1
          1
          1
          1
          1
          1
          1
          1
          1
          1
          1
          1
          1
          1
          1
          1
          1
          1
          1
          1
          1
          1
          1
          1
          1
          1
          1
          1
          1
          1
          1
          1
          1
          1
          1
          1
          1
          1
          1
          1
          1
          1
          1
          1
          1
          1
          1
          1
          1
          1
          1
          1
          1
          1
          1
          1
          1
          1
          1
          1
          1
          1
          1
          1
          1
          1
          1
          1
          1
          1
          1
          1
          1
          1
          1
          1
          1
          1
          1
          1
          1
          1
          1
          1
          1
          1
          1
          1
          1
          1
          1
          1
          1
          1
          1
          1
          1
          1
          1
          1
          1
          1
          1
          1
          1
          1
          1
          1
          1
          1
          1
          1
          1
          1
          1
          1
          1
          1
          1
          1
          1
          1
          1
          1
          1
          1
          1
          1
          1
          1
          1
          1
          1
          1
          1
          1
          1
          1
          1
          1
          1
          1
          1
          1
          1
          1
          1
          1
          1
          1
          1
          1
          1
          1
          1
          1
          1
          1
          1
          1
          1
          1
          1
          1
          1
          1
          1
          1
          1
          1
          1
          1
          1
          1
          1
          1
          1
          1
          1
          1
          1
          1
          1
          1
          1
          1
          1
          1
          1
          1
          1
          1
          1
          1
          1
          1
          1
          1
          1
          1
          1
          1
          1
          1
          1
          1
          1
          1
          1
          1
          1
          1
          1
          1
          1
          1
          1
          1
          1
          1
          1
          1
          1
          1
          1
          1
          1
          1
          1
          1
          1
          1
          1
          1
          1
          1
          1
          1
          1
          1
          1
          1
          1
          1
          1
          1
          1
          1
          1
          1
          1
          1
          1
          1
          1
          1
          1
          1
          1
          1
          1
          1
          1
          1
          1
          1
          1
          1
          1
          1
          1
          1
          1
          1
          1
          1
          1
          1
          1
          1
          1
          1
          1
          1
          1
          1
          1
          1
          1
          1
          1
          1
          1
          1
          1
          1
          1
          1
          1
          1
          1
          1
          1
          1
          1
          1
          1
          1
          1
          1
          1
          1
          1
          1
          1
          1
          1
          1
          1
          1
          1
          1
          1
          1
          1
          1
          1
          1
          1
          1
          1
          1
          1
          1
          1
          1
          1
          1
          1
          1
          1
          1
          1
          1
          1
          1
          1
          1
          1
          1
          1
          1
          1
          1
          1
          1
          1
          1
          1
          1
          1
          1
          1
          1
          1
          1
          1
          1
          1
          1
          1
          1
          1
          1
          1
          1
          1
          1
          1
          1
          1
          1
          1
          1
          1
          1
          1
          1
          1
          1
          1
          1
          1
          1
          1
          1
          1
          1
          1
          1
          1
          1
          1
          1
          1
          1
          1
          1
          1
          1
          1
          1
          1
          1
          1
          1
          1
          1
          1
          1
          1
          1
          1
          1
          1
          1
          1
          1
          1
          1
          1
          1
          1
          1
          1
          1
          1
          1
          1
          1
          1
          1
          1
          1
          1
          1
          1
          1
          1
          1
          1
          1
          1
          1
          1
          1
          1
          1
          1
          1
          1
          1
          1
          1
          1
          1
          1
          1
          1
          1
          1
          1
          1
          1
          1
          1
          1
          1
          1
          1
          1
          1
          1
          1
          1
          1
          1
          1
          1
          1
          1
          1
          1
          1
          1
          1
          1
          1
          1
          1
          1
          1
          1
          1
          1
          1
          1
          1
          1
          1
          1
          1
          1
          1
          1
          1
          1
          1
          1
          1
          1
          1
          1
          1
          1
          1
          1
          1
          1
          1
          1
          1
          1
          1
          1
          1
          1
          1
          1
          1
          1
          1
          1
          1
          1
          1
          1
          1
          1
          1
          1
          1
          1
          1
          1
          1
          1
          1
          1
          1
          1
          1
          1
          1
          1
          1
          1
          1
          1
          1
          1
          1
          1
          1
          1
          1
          1
          1
          1
          1
          1
          1
          1
          1
          1
          1
          1
          1
          1
          1
          1
          1
          1
          1
          1
          1
          1
          1
          1
          1
          1
          1
          1
          1
          1
          1
          1
          1
          1
          1
          1
          1
          1
          1
          1
          1
          1
          1
          1
          1
          1
          1
          1
          1
          1
          1
          1
          1
          1
          1
          1
          1
          1
          1
          1
          1
          1
          1
          1
          1
          1
          1
          1
          1
          1
          1
          1
          1
          1
          1
          1
          1
          1
          1
          1
          1
          1
          1
          1
          1
          1
          1
          1
          1
          1
          1
          1
          1
          1
          1
          1
          1
          1
          1
          1
          1
          1
          1
          1
          1
          1
          1
          1
          1
          1
          1
          1
          1
          1
          1
          1
          1
          1
          1
          1
          1
          1
          1
          1
          1
          1
          1
          1
          1
          1
          1
          1
          1
          1
          1
          1
          1
          1
          1
          1
          1
          1
          1
          1
          1
          1
          1
          1
          1
          1
          1
          1
          1
          1
          1
          1
          1
          1
          1
          1
          1
          1
          1
          1
          1
          1
          1
          1
          1
          1
          1
          1
          1
          1
          1
          1
          1
          1
          1
          1
          1
          1
          1
          1
          1
          1
          1
          1
          1
          1
          1
          1
          1
          1
          1
          1
          1
          1
          1
          1
          1
          1
          1
          1
          1
          1
          1
          1
          1
          1
          1
          1
          1
          1
          1
          1
          1
          1
          1
          1
          1
          1
          1
          1
          1
          1
          1
          1
          1
          1
          1
          1
          1
          1
          1
          1
          1
          1
          1
          1
          1
          1
          1
          1
          1
          1
          1
          1
          1
          1
          1
          1
          1
          1
          1
          1
          1
          1
          1
          1
          1
          1
          1
          1
          1
          1
          1
          1
          1
          1
          1
          1
          1
          1
          1
          1
          1
          1
          1
          1
          1
          1
          1
          1
          1
          1
          1
          1
          1
          1
          1
          1
          1
          1
          1
          1
          1
          1
          1
          1
          1
          1
          1
          1
          1
          1
          1
          1
          1
          1
          1
          1
          1
          1
          1
          1
          1
          1
          1
          1
          1
          1
          1
          1
          1
          1
          1
          1
          1
          1
          1
          1
          1
          1
          1
          1
          1
          1
          1
          1
          1
          1
          1
          1
          1
          1
          1
          1
          1
          1
          1
          1
          1
          1
          1
          1
          1
          1
          1
          1
          1
          1
          1
          1
          1
          1
          1
          1
          1
          1
          1
          1
          1
          1
          1
          1
          1
          1
          1
          1
          1
          1
          1
          1
          1
          1
          1
          1
          1
          1
          1
          1
          1
          1
          1
          1
          1
          1
          1
          1
          1
          1
          1
          1
          1
          1
          1
          1
          1
          1
          1
          1
          1
          1
          1
          1
          1
          1
          1
          1
          1
          1
          1
          1
          1
          1
          1
          1
          1
          1
          1
          1
   0.999999
   0.999999
   0.999998
   0.999997
   0.999996
   0.999995
   0.999995
   0.999996
   0.999997
   0.999998
   0.999999
   0.999999
          1
          1
          1
          1
          1
          1
          1
          1
          1
          1
          1
          1
          1
          1
          1
          1
          1
          1
          1
          1
          1
          1
          1
          1
          1
          1
          1
          1
          1
          1
          1
          1
          1
          1
          1
          1
          1
          1
          1
          1
          1
          1
          1
          1
          1
          1
   0.999999
   0.999998
   0.999995
   0.999989
   0.999981
    0.99997
    0.99996
   0.999954
   0.999954
   0.999961
    0.99997
   0.999981
   0.999989
   0.999995
   0.999998
   0.999999
          1
          1
          1
          1
          1
          1
          1
          1
          1
          1
          1
          1
          1
          1
          1
          1
          1
          1
          1
          1
          1
          1
          1
          1
          1
          1
          1
          1
          1
          1
          1
          1
          1
          1
          1
          1
          1
          1
          1
          1
          1
          1
   0.999999
   0.999998
   0.999993
   0.999981
   0.999955
   0.999906
    0.99983
   0.999736
   0.999643
   0.999582
   0.999588
    0.99964
   0.999736
   0.999831
   0.999906
   0.999955
   0.999981
   0.999993
   0.999998
   0.999999
          1
          1
          1
          1
          1
          1
          1
          1
          1
          1
          1
          1
          1
          1
          1
          1
          1
          1
          1
          1
          1
          1
          1
          1
          1
          1
          1
          1
          1
          1
          1
          1
          1
          1
          1
          1
          1
          1
          1
   0.999999
   0.999996
   0.999984
   0.999949
    0.99986
   0.999651
   0.999252
   0.998623
   0.997812
   0.997012
   0.996503
   0.996499
   0.997027
   0.997801
   0.998626
   0.999253
   0.999649
    0.99986
   0.999949
   0.999984
   0.999996
   0.999999
          1
          1
          1
          1
          1
          1
          1
          1
          1
          1
          1
          1
          1
          1
          1
          1
          1
          1
          1
          1
          1
          1
          1
          1
          1
          1
          1
          1
          1
          1
          1
          1
          1
          1
          1
          1
          1
   0.999999
   0.999993
   0.999973
   0.999897
   0.999662
   0.999006
    0.99748
   0.994477
   0.989597
   0.983331
    0.97703
   0.973063
   0.973162
   0.976991
   0.983349
   0.989586
   0.994471
   0.997486
    0.99901
   0.999661
   0.999896
   0.999973
   0.999993
   0.999999
          1
          1
          1
          1
          1
          1
          1
          1
          1
          1
          1
          1
          1
          1
          1
          1
          1
          1
          1
          1
          1
          1
          1
          1
          1
          1
          1
          1
          1
          1
          1
          1
          1
          1
          1
   0.999999
   0.999992
   0.999964
   0.999838
   0.999391
   0.997859
   0.993641
   0.983454
   0.963472
   0.932038
   0.893099
   0.856363
    0.83468
   0.834296
   0.856865
   0.892457
   0.932134
   0.963247
   0.983487
   0.993644
   0.997875
   0.999381
    0.99984
   0.999964
   0.999992
   0.999999
          1
          1
          1
          1
          1
          1
          1
          1
          1
          1
          1
          1
          1
          1
          1
          1
          1
          1
          1
          1
          1
          1
          1
          1
          1
          1
          1
          1
          1
          1
          1
          1
          1
   0.999999
   0.999993
   0.999964
   0.999809
   0.999173
   0.996617
   0.988147
   0.963732
   0.908507
   0.811051
   0.686972
     0.5696
   0.485161
   0.441687
   0.442742
   0.484064
   0.570193
    0.68654
   0.811536
   0.907829
   0.963753
   0.988065
   0.996614
   0.999153
   0.999812
   0.999963
   0.999993
   0.999999
          1
          1
          1
          1
          1
          1
          1
          1
          1
          1
          1
          1
          1
          1
          1
          1
          1
          1
          1
          1
          1
          1
          1
          1
          1
          1
          1
          1
          1
          1
          1
   0.999999
   0.999996
   0.999972
   0.999837
   0.999167
   0.996056
   0.983793
   0.942641
   0.836661
   0.649758
   0.443704
   0.287993
   0.195864
   0.147668
   0.128039
   0.127725
   0.148289
   0.195248
   0.288433
   0.442669
   0.650932
   0.836126
   0.942499
   0.983818
   0.996076
    0.99916
   0.999838
   0.999972
   0.999995
   0.999999
          1
          1
          1
          1
          1
          1
          1
          1
          1
          1
          1
          1
          1
          1
          1
          1
          1
          1
          1
          1
          1
          1
          1
          1
          1
          1
          1
          1
          1
          1
   0.999998
   0.999984
   0.999895
   0.999385
    0.99661
   0.983837
    0.93364
   0.786816
   0.529512
   0.288713
   0.148221
  0.0821574
  0.0521307
  0.0385002
  0.0330602
  0.0331751
  0.0384531
   0.052145
  0.0820554
    0.14813
   0.287856
   0.529067
   0.786225
    0.93291
   0.983803
   0.996609
   0.999382
   0.999896
   0.999985
   0.999998
          1
          1
          1
          1
          1
          1
          1
          1
          1
          1
          1
          1
          1
          1
          1
          1
          1
          1
          1
          1
          1
          1
          1
          1
          1
          1
          1
          1
          1
   0.999999
   0.999993
    0.99995
   0.999664
   0.997868
   0.988215
    0.94312
     0.7877
   0.490402
   0.225179
  0.0956467
  0.0448182
  0.0247149
  0.0161934
  0.0123877
   0.010914
  0.0108884
  0.0124098
  0.0161741
  0.0247523
  0.0447635
  0.0956786
   0.225554
   0.489496
   0.787699
    0.94288
     0.9882
   0.997875
   0.999663
    0.99995
   0.999993
   0.999999
          1
          1
          1
          1
          1
          1
          1
          1
          1
          1
          1
          1
          1
          1
          1
          1
          1
          1
          1
          1
          1
          1
          1
          1
          1
          1
          1
          1
   0.999998
   0.999981
   0.999862
   0.999024
   0.993765
    0.96431
    0.83923
   0.533185
   0.226883
  0.0828616
  0.0333546
   0.016172
 0.00966475
  0.0068617
 0.00561863
 0.00511459
 0.00512474
 0.00560708
 0.00687013
 0.00964545
  0.0161895
  0.0332773
  0.0827419
   0.226603
   0.532738
   0.838785
   0.964319
   0.993756
   0.999033
   0.999863
   0.999982
   0.999998
          1
          1
          1
          1
          1
          1
          1
          1
          1
          1
          1
          1
          1
          1
          1
          1
          1
          1
          1
          1
          1
          1
          1
          1
          1
          1
          1
   0.999999
   0.999995
   0.999956
   0.999661
   0.997563
    0.98385
   0.910791
   0.655758
   0.293148
  0.0969429
  0.0335282
  0.0141957
 0.00766412
 0.00511806
 0.00402274
 0.00352606
 0.00333829
 0.00333233
 0.00353165
 0.00401888
 0.00512321
 0.00764858
  0.0142119
  0.0335312
  0.0969219
   0.292661
   0.655576
   0.910303
   0.983761
   0.997556
   0.999661
   0.999957
   0.999995
   0.999999
          1
          1
          1
          1
          1
          1
          1
          1
          1
          1
          1
          1
          1
          1
          1
          1
          1
          1
          1
          1
          1
          1
          1
          1
          1
          1
   0.999999
   0.999989
    0.99991
   0.999279
    0.99466
   0.964602
   0.815437
   0.450837
    0.15125
   0.045558
   0.016318
 0.00769198
 0.00469122
 0.00352964
 0.00302528
 0.00280905
 0.00272261
  0.0027282
  0.0028053
 0.00302659
 0.00352223
 0.00469494
 0.00767442
  0.0163256
   0.045519
   0.150921
   0.450917
     0.8156
   0.964628
   0.994655
   0.999283
    0.99991
    0.99999
   0.999999
          1
          1
          1
          1
          1
          1
          1
          1
          1
          1
          1
          1
          1
          1
          1
          1
          1
          1
          1
          1
          1
          1
          1
          1
          1
          1
   0.999998
   0.999981
   0.999839
   0.998676
   0.990063
   0.934019
   0.695218
   0.294115
     0.0841
  0.0251842
 0.00975919
 0.00513722
 0.00353424
 0.00290777
 0.00265761
 0.00256086
 0.00252993
  0.0025271
  0.0025628
 0.00265585
 0.00290965
 0.00352976
 0.00513991
 0.00975124
  0.0251395
  0.0839777
   0.293328
   0.694812
   0.933717
   0.989972
   0.998662
    0.99984
   0.999981
   0.999998
          1
          1
          1
          1
          1
          1
          1
          1
          1
          1
          1
          1
          1
          1
          1
          1
          1
          1
          1
          1
          1
          1
          1
          1
          1
          1
   0.999997
   0.999971
   0.999748
   0.997897
    0.98398
   0.896855
   0.578208
   0.201037
  0.0534117
  0.0164945
 0.00692824
 0.00404098
 0.00302851
 0.00265913
 0.00252699
 0.00249446
 0.00248728
 0.00248873
  0.0024907
 0.00252979
 0.00265578
 0.00302755
 0.00403398
 0.00692672
  0.0164747
  0.0533474
   0.200943
   0.578618
   0.896853
   0.983941
   0.997893
   0.999745
   0.999972
   0.999997
          1
          1
          1
          1
          1
          1
          1
          1
          1
          1
          1
          1
          1
          1
          1
          1
          1
          1
          1
          1
          1
          1
          1
          1
          1
          1
   0.999996
   0.999962
   0.999659
   0.997122
   0.978062
   0.861068
    0.49559
   0.151755
  0.0395282
  0.0126185
 0.00566902
 0.00353811
 0.00280992
 0.00256022
 0.00249308
 0.00248776
  0.0024991
 0.00249726
  0.0024898
 0.00249092
 0.00256218
 0.00280711
 0.00354057
 0.00565795
  0.0126146
  0.0394415
   0.151839
   0.494679
   0.860982
   0.977999
   0.997111
   0.999662
   0.999962
   0.999996
          1
          1
          1
          1
          1
          1
          1
          1
          1
          1
          1
          1
          1
          1
          1
          1
          1
          1
          1
          1
          1
          1
          1
          1
          1
          1
   0.999995
   0.999956
   0.999605
   0.996636
   0.974242
   0.840785
   0.451583
   0.132039
  0.0339873
  0.0111069
 0.00516149
 0.00334547
  0.0027234
   0.002527
 0.00248599
 0.00249742
  0.0025103
 0.00251264
 0.00249609
 0.00248616
 0.00252349
 0.00272483
 0.00333903
 0.00515995
  0.0110753
  0.0339743
   0.131853
   0.452077
   0.841126
   0.974213
   0.996656
   0.999599
   0.999957
   0.999995
          1
          1
          1
          1
          1
          1
          1
          1
          1
          1
          1
          1
          1
          1
          1
          1
          1
          1
          1
          1
          1
          1
          1
          1
          1
          1
   0.999995
   0.999956
   0.999603
   0.996639
   0.974404
   0.839847
   0.453416
   0.131581
  0.0340492
  0.0110991
 0.00516783
 0.00334134
 0.00272734
  0.0025262
 0.00248561
  0.0024967
 0.00251329
 0.00251027
 0.00249839
 0.00248493
 0.00252825
 0.00272053
 0.00334476
 0.00515606
  0.0110964
  0.0339076
   0.131455
   0.452455
    0.83998
   0.974372
   0.996619
   0.999609
   0.999956
   0.999995
          1
          1
          1
          1
          1
          1
          1
          1
          1
          1
          1
          1
          1
          1
          1
          1
          1
          1
          1
          1
          1
          1
          1
          1
          1
          1
   0.999996
   0.999962
    0.99966
   0.997127
   0.977965
   0.861969
   0.493528
   0.152479
   0.039487
  0.0126243
 0.00566411
 0.00354135
 0.00280718
 0.00256096
 0.00249026
 0.00248819
 0.00249675
 0.00249825
 0.00248565
 0.00249225
 0.00255659
 0.00280825
 0.00353225
 0.00566221
  0.0125971
  0.0394945
   0.152073
   0.494918
    0.86203
   0.977992
   0.997149
   0.999655
   0.999962
   0.999996
          1
          1
          1
          1
          1
          1
          1
          1
          1
          1
          1
          1
          1
          1
          1
          1
          1
          1
          1
          1
          1
          1
          1
          1
          1
          1
   0.999997
   0.999971
   0.999747
   0.997889
   0.984027
   0.896324
   0.579957
   0.200522
  0.0534956
  0.0164986
 0.00693482
 0.00403744
 0.00303067
  0.0026559
 0.00252876
 0.00249143
 0.00248782
 0.00248589
 0.00249448
 0.00252488
  0.0026591
  0.0030254
 0.00403972
 0.00691663
  0.0164914
  0.0533635
   0.200713
   0.579034
    0.89635
   0.983997
   0.997886
   0.999752
   0.999971
   0.999997
          1
          1
          1
          1
          1
          1
          1
          1
          1
          1
          1
          1
          1
          1
          1
          1
          1
          1
          1
          1
          1
          1
          1
          1
          1
          1
   0.999998
   0.999981
   0.999839
   0.998669
   0.989991
   0.934409
   0.694014
   0.294871
  0.0840772
  0.0251687
  0.0097494
 0.00514084
 0.00352775
 0.00290699
 0.00265453
 0.00255963
 0.00252452
  0.0025276
 0.00255642
 0.00265632
 0.00290173
 0.00352759
 0.00512852
 0.00974591
  0.0251112
  0.0840689
   0.294416
    0.69488
   0.934377
   0.990019
   0.998685
   0.999837
   0.999982
   0.999998
          1
          1
          1
          1
          1
          1
          1
          1
          1
          1
          1
          1
          1
          1
          1
          1
          1
          1
          1
          1
          1
          1
          1
          1
          1
          1
   0.999999
   0.999989
   0.999909
   0.999279
   0.994676
   0.964418
   0.816913
   0.450153
   0.151497
  0.0455308
  0.0163597
 0.00767133
 0.00469954
 0.00352473
 0.00302423
 0.00280342
 0.00272539
 0.00271965
 0.00280774
 0.00302007
 0.00352916
 0.00468584
 0.00768617
   0.016305
  0.0456203
   0.150996
   0.450671
    0.81602
   0.964378
   0.994668
   0.999279
   0.999912
   0.999989
   0.999999
          1
          1
          1
          1
          1
          1
          1
          1
          1
          1
          1
          1
          1
          1
          1
          1
          1
          1
          1
          1
          1
          1
          1
          1
          1
          1
   0.999999
   0.999995
   0.999956
   0.999659
   0.997557
   0.984015
   0.909996
   0.657722
   0.292799
  0.0971322
  0.0335151
  0.0142371
  0.0076491
 0.00511963
 0.00402058
 0.00352889
 0.00332923
 0.00333568
 0.00352198
 0.00402267
 0.00510684
 0.00766098
  0.0141774
  0.0335232
  0.0968245
   0.293196
   0.656731
   0.910456
   0.983978
   0.997555
   0.999665
   0.999956
   0.999995
   0.999999
          1
          1
          1
          1
          1
          1
          1
          1
          1
          1
          1
          1
          1
          1
          1
          1
          1
          1
          1
          1
          1
          1
          1
          1
          1
          1
          1
   0.999998
   0.999981
   0.999861
   0.999031
   0.993723
   0.964723
   0.838452
   0.534461
   0.226858
  0.0830281
  0.0333061
  0.0162212
 0.00965296
  0.0068679
  0.0056104
 0.00512349
 0.00511055
 0.00561905
 0.00685619
  0.0096747
  0.0161686
  0.0333974
  0.0829147
    0.22747
   0.533496
   0.838875
   0.964589
   0.993697
   0.999035
   0.999862
   0.999982
   0.999998
          1
          1
          1
          1
          1
          1
          1
          1
          1
          1
          1
          1
          1
          1
          1
          1
          1
          1
          1
          1
          1
          1
          1
          1
          1
          1
          1
          1
   0.999999
   0.999993
    0.99995
   0.999658
   0.997887
   0.988169
    0.94326
   0.787837
   0.489886
    0.22548
  0.0958404
  0.0447779
  0.0247539
  0.0161933
  0.0124018
  0.0108986
  0.0109239
  0.0123888
  0.0162069
  0.0246923
  0.0448938
  0.0956568
   0.225542
   0.490452
   0.787588
   0.943367
   0.988138
   0.997926
   0.999663
   0.999952
   0.999993
   0.999999
          1
          1
          1
          1
          1
          1
          1
          1
          1
          1
          1
          1
          1
          1
          1
          1
          1
          1
          1
          1
          1
          1
          1
          1
          1
          1
          1
          1
          1
   0.999998
   0.999984
   0.999896
   0.999375
   0.996648
   0.983893
   0.933512
   0.787267
   0.531075
   0.289031
   0.148532
  0.0822761
  0.0522053
  0.0385439
   0.033191
  0.0331496
  0.0386169
  0.0521669
  0.0824722
   0.148407
   0.289664
   0.530915
   0.787526
   0.933837
   0.983783
   0.996678
   0.999375
   0.999899
   0.999984
   0.999998
          1
          1
          1
          1
          1
          1
          1
          1
          1
          1
          1
          1
          1
          1
          1
          1
          1
          1
          1
          1
          1
          1
          1
          1
          1
          1
          1
          1
          1
          1
   0.999999
   0.999996
   0.999972
    0.99984
   0.999155
   0.996093
   0.983888
   0.942715
   0.836689
   0.651911
   0.444289
   0.288551
   0.196189
    0.14839
   0.128135
   0.128302
    0.14818
   0.196449
   0.288138
   0.444833
   0.650996
   0.836527
   0.942772
   0.983723
     0.9961
   0.999153
   0.999843
   0.999972
   0.999996
   0.999999
          1
          1
          1
          1
          1
          1
          1
          1
          1
          1
          1
          1
          1
          1
          1
          1
          1
          1
          1
          1
          1
          1
          1
          1
          1
          1
          1
          1
          1
          1
          1
   0.999999
   0.999993
   0.999963
   0.999815
   0.999159
   0.996635
   0.988163
   0.963985
   0.908499
   0.811665
   0.688468
    0.57017
   0.485407
   0.442824
   0.443314
   0.486011
   0.570325
   0.688364
   0.811711
   0.908503
   0.964029
    0.98813
   0.996654
   0.999157
   0.999817
   0.999963
   0.999993
   0.999999
          1
          1
          1
          1
          1
          1
          1
          1
          1
          1
          1
          1
          1
          1
          1
          1
          1
          1
          1
          1
          1
          1
          1
          1
          1
          1
          1
          1
          1
          1
          1
          1
          1
   0.999999
   0.999992
   0.999963
   0.999842
   0.999381
   0.997876
    0.99367
   0.983578
   0.963742
   0.932203
   0.893881
   0.857295
   0.835691
   0.835516
     0.8577
   0.893839
   0.932468
    0.96373
   0.983608
   0.993639
   0.997898
   0.999381
   0.999842
   0.999963
   0.999992
   0.999999
          1
          1
          1
          1
          1
          1
          1
          1
          1
          1
          1
          1
          1
          1
          1
          1
          1
          1
          1
          1
          1
          1
          1
          1
          1
          1
          1
          1
          1
          1
          1
          1
          1
          1
          1
   0.999999
   0.999993
   0.999973
   0.999897
   0.999658
   0.999009
   0.997495
   0.994452
   0.989672
   0.983281
   0.977173
   0.973066
    0.97328
   0.977041
   0.983379
    0.98961
   0.994495
   0.997475
   0.999022
    0.99966
   0.999899
   0.999972
   0.999994
   0.999999
          1
          1
          1
          1
          1
          1
          1
          1
          1
          1
          1
          1
          1
          1
          1
          1
          1
          1
          1
          1
          1
          1
          1
          1
          1
          1
          1
          1
          1
          1
          1
          1
          1
          1
          1
          1
          1
   0.999999
   0.999996
   0.999984
    0.99995
   0.999859
   0.999651
   0.999258
   0.998626
   0.997837
   0.997019
    0.99653
   0.996525
   0.997051
   0.997817
   0.998639
   0.999259
   0.999656
   0.999859
   0.999951
   0.999984
   0.999996
   0.999999
          1
          1
          1
          1
          1
          1
          1
          1
          1
          1
          1
          1
          1
          1
          1
          1
          1
          1
          1
          1
          1
          1
          1
          1
          1
          1
          1
          1
          1
          1
          1
          1
          1
          1
          1
          1
          1
          1
          1
   0.999999
   0.999998
   0.999993
   0.999981
   0.999955
   0.999905
   0.999831
   0.999736
   0.999644
   0.999583
   0.999587
   0.999642
   0.999737
    0.99983
   0.999907
   0.999955
   0.999982
   0.999993
   0.999998
   0.999999
          1
          1
          1
          1
          1
          1
          1
          1
          1
          1
          1
          1
          1
          1
          1
          1
          1
          1
          1
          1
          1
          1
          1
          1
          1
          1
          1
          1
          1
          1
          1
          1
          1
          1
          1
          1
          1
          1
          1
          1
          1
          1
   0.999999
   0.999998
   0.999995
   0.999989
   0.999981
    0.99997
    0.99996
   0.999954
   0.999954
   0.999961
    0.99997
   0.999981
   0.999989
   0.999995
   0.999998
   0.999999
          1
          1
          1
          1
          1
          1
          1
          1
          1
          1
          1
          1
          1
          1
          1
          1
          1
          1
          1
          1
          1
          1
          1
          1
          1
          1
          1
          1
          1
          1
          1
          1
          1
          1
          1
          1
          1
          1
          1
          1
          1
          1
          1
          1
          1
          1
   0.999999
   0.999999
   0.999998
   0.999997
   0.999996
   0.999995
   0.999995
   0.999996
   0.999997
   0.999998
   0.999999
   0.999999
          1
          1
          1
          1
          1
          1
          1
          1
          1
          1
          1
          1
          1
          1
          1
          1
          1
          1
          1
          1
          1
          1
          1
          1
          1
          1
          1
          1
          1
          1
          1
          1
          1
          1
          1
          1
          1
          1
          1
          1
          1
          1
          1
          1
          1
          1
          1
          1
          1
          1
          1
          1
          1
          1
          1
          1
          1
          1
          1
          1
          1
          1
          1
          1
          1
          1
          1
          1
          1
          1
          1
          1
          1
          1
          1
          1
          1
          1
          1
          1
          1
          1
          1
          1
          1
          1
          1
          1
          1
          1
          1
          1
          1
          1
          1
          1
          1
          1
          1
          1
          1
          1
          1
          1
          1
          1
          1
          1
          1
          1
          1
          1
          1
          1
          1
          1
          1
          1
          1
          1
          1
          1
          1
          1
          1
          1
          1
          1
          1
          1
          1
          1
          1
          1
          1
          1
          1
          1
          1
          1
          1
          1
          1
          1
          1
          1
          1
          1
          1
          1
          1
          1
          1
          1
          1
          1
          1
          1
          1
          1
          1
          1
          1
          1
          1
          1
          1
          1
          1
          1
          1
          1
          1
          1
          1
          1
          1
          1
          1
          1
          1
          1
          1
          1
          1
          1
          1
          1
          1
          1
          1
          1
          1
          1
          1
          1
          1
          1
          1
          1
          1
          1
          1
          1
          1
          1
          1
          1
          1
          1
          1
          1
          1
          1
          1
          1
          1
          1
          1
          1
          1
          1
          1
          1
          1
          1
          1
          1
          1
          1
          1
          1
          1
          1
          1
          1
          1
          1
          1
          1
          1
          1
          1
          1
          1
          1
          1
          1
          1
          1
          1
          1
          1
          1
          1
          1
          1
          1
          1
          1
          1
          1
          1
          1
          1
          1
          1
          1
          1
          1
          1
          1
          1
          1
          1
          1
          1
          1
          1
          1
          1
          1
          1
          1
          1
          1
          1
          1
          1
          1
          1
          1
          1
          1
          1
          1
          1
          1
          1
          1
          1
          1
          1
          1
          1
          1
          1
          1
          1
          1
          1
          1
          1
          1
          1
          1
          1
          1
          1
          1
          1
          1
          1
          1
          1
          1
          1
          1
          1
          1
          1
          1
          1
          1
          1
          1
          1
          1
          1
          1
          1
          1
          1
          1
          1
          1
          1
          1
          1
          1
          1
          1
          1
          1
          1
          1
          1
          1
          1
          1
          1
          1
          1
          1
          1
          1
          1
          1
          1
          1
          1
          1
          1
          1
          1
          1
          1
          1
          1
          1
          1
          1
          1
          1
          1
          1
          1
          1
          1
          1
          1
          1
          1
          1
          1
          1
          1
          1
          1
          1
          1
          1
          1
          1
          1
          1
          1
          1
          1
          1
          1
          1
          1
          1
          1
          1
          1
          1
          1
          1
          1
          1
          1
          1
          1
          1
          1
          1
          1
          1
          1
          1
          1
          1
          1
          1
          1
          1
          1
          1
          1
          1
          1
          1
          1
          1
          1
          1
          1
          1
          1
          1
          1
          1
          1
          1
          1
          1
          1
          1
          1
          1
          1
          1
          1
          1
          1
          1
          1
          1
          1
          1
          1
          1
          1
          1
          1
          1
          1
          1
          1
          1
          1
          1
          1
          1
          1
          1
          1
          1
          1
          1
          1
          1
          1
          1
          1
          1
          1
          1
          1
          1
          1
          1
          1
          1
          1
          1
          1
          1
          1
          1
          1
          1
          1
          1
          1
          1
          1
          1
          1
          1
          1
          1
          1
          1
          1
          1
          1
          1
          1
          1
          1
          1
          1
          1
          1
          1
          1
          1
          1
          1
          1
          1
          1
          1
          1
          1
          1
          1
          1
          1
          1
          1
          1
          1
          1
          1
          1
          1
          1
          1
          1
          1
          1
          1
          1
          1
          1
          1
          1
          1
          1
          1
          1
          1
          1
          1
          1
          1
          1
          1
          1
          1
          1
          1
          1
          1
          1
          1
          1
          1
          1
          1
          1
          1
          1
          1
          1
          1
          1
          1
          1
          1
          1
          1
          1
          1
          1
          1
          1
          1
          1
          1
          1
          1
          1
          1
          1
          1
          1
          1
          1
          1
          1
          1
          1
          1
          1
          1
          1
          1
          1
          1
          1
          1
          1
          1
          1
          1
          1
          1
          1
          1
          1
          1
          1
          1
          1
          1
          1
          1
          1
          1
          1
          1
          1
          1
          1
          1
          1
          1
          1
          1
          1
          1
          1
          1
          1
          1
          1
          1
          1
          1
          1
          1
          1
          1
          1
          1
          1
          1
          1
          1
          1
          1
          1
          1
          1
          1
          1
          1
          1
          1
          1
          1
          1
          1
          1
          1
          1
          1
          1
          1
          1
          1
          1
          1
          1
          1
          1
          1
          1
          1
          1
          1
          1
          1
          1
          1
          1
          1
          1
          1
          1
          1
          1
          1
          1
          1
          1
          1
          1
          1
          1
          1
          1
          1
          1
          1
          1
          1
          1
          1
          1
          1
          1
          1
          1
          1
          1
          1
          1
          1
          1
          1
          1
          1
          1
          1
          1
          1
          1
          1
          1
          1
          1
          1
          1
          1
          1
          1
          1
          1
          1
          1
          1
          1
          1
          1
          1
          1
          1
          1
          1
          1
          1
          1
          1
          1
          1
          1
          1
          1
          1
          1
          1
          1
          1
          1
          1
          1
          1
          1
          1
          1
          1
          1
          1
          1
          1
          1
          1
          1
          1
          1
          1
          1
          1
          1
          1
          1
          1
          1
          1
          1
          1
          1
          1
          1
          1
          1
          1
          1
          1
          1
          1
          1
          1
          1
          1
          1
          1
          1
          1
          1
          1
          1
          1
          1
          1
          1
          1
          1
          1
          1
          1
          1
          1
          1
          1
          1
          1
          1
          1
          1
          1
          1
          1
          1
          1
          1
          1
          1
          1
          1
          1
          1
          1
          1
          1
          1
          1
          1
          1
          1
          1
          1
          1
          1
          1
          1
          1
          1
          1
          1
          1
          1
          1
          1
          1
          1
          1
          1
          1
          1
          1
          1
          1
          1
          1
          1
          1
          1
          1
          1
          1
          1
          1
          1
          1
          1
          1
          1
          1
          1
          1
          1
          1
          1
          1
          1
          1
          1
          1
          1
          1
          1
          1
          1
          1
          1
          1
          1
          1
          1
          1
          1
          1
          1
          1
          1
          1
          1
          1
          1
          1
          1
          1
          1
          1
          1
          1
          1
          1
          1
          1
          1
          1
          1
          1
          1
          1
          1
          1
          1
          1
          1
          1
          1
          1
          1
          1
          1
          1
          1
          1
          1
          1
          1
          1
          1
          1
          1
          1
          1
          1
          1
          1
          1
          1
          1
          1
          1
          1
          1
          1
          1
          1
          1
          1
          1
          1
          1
          1
          1
          1
          1
          1
          1
          1
          1
          1
          1
          1
          1
          1
          1
          1
          1
          1
          1
          1
          1
          1
          1
          1
          1
          1
          1
          1
          1
          1
          1
          1
          1
          1
          1
          1
          1
          1
          1
          1
          1
          1
          1
          1
          1
          1
          1
          1
          1
          1
          1
          1
          1
          1
          1
          1
          1
          1
          1
          1
          1
          1
          1
          1
          1
          1
          1
          1
          1
          1
          1
          1
          1
          1
          1
          1
          1
          1
          1
          1
          1
          1
          1
          1
          1
          1
          1
          1
          1
          1
          1
          1
          1
          1
          1
          1
          1
          1
          1
          1
          1
          1
          1
          1
          1
          1
          1
          1
          1
          1
          1
          1
          1
          1
          1
          1
          1
          1
          1
          1
          1
          1
          1
          1
          1
          1
          1
          1
          1
          1
          1
          1
          1
          1
          1
          1
          1
          1
          1
          1
          1
          1
          1
          1
          1
          1
          1
          1
          1
          1
          1
          1
          1
          1
          1
          1
          1
          1
          1
          1
          1
          1
          1
          1
          1
          1
          1
          1
          1
          1
          1
          1
          1
          1
          1
          1
          1
          1
          1
          1
          1
          1
          1
          1
          1
          1
          1
          1
          1
          1
          1
          1
          1
          1
          1
          1
          1
          1
          1
          1
          1
          1
          1
          1
          1
          1
          1
          1
          1
          1
          1
          1
          1
          1
          1
          1
          1
          1
          1
          1
          1
          1
          1
          1
          1
          1
          1
          1
          1
          1
          1
          1
          1
          1
          1
          1
          1
          1
          1
          1
          1
          1
          1
          1
          1
          1
          1
          1
          1
          1
          1
          1
          1
          1
          1
          1
          1
          1
          1
          1
          1
          1
          1
          1
          1
          1
          1
          1
          1
          1
          1
          1
          1
          1
          1
          1
          1
          1
          1
          1
          1
          1
          1
          1
          1
          1
          1
          1
          1
          1
          1
          1
          1
          1
          1
          1
          1
          1
          1
          1
          1
          1
          1
          1
          1
          1
          1
          1
          1
          1
          1
          1
          1
          1
          1
          1
          1
          1
          1
          1
          1
          1
          1
          1
          1
          1
          1
          1
          1
          1
          1
          1
          1
          1
          1
          1
          1
          1
          1
          1
          1
          1
          1
          1
          1
          1
          1
          1
          1
          1
          1
          1
          1
          1
          1
          1
          1
          1
          1
          1
          1
          1
          1
          1
          1
          1
          1
          1
          1
          1
          1
          1
          1
          1
          1
          1
          1
          1
          1
          1
          1
          1
          1
          1
          1
          1
          1
          1
          1
          1
          1
          1
          1
          1
          1
          1
          1
          1
          1
          1
          1
          1
          1
          1
          1
          1
          1
          1
          1
          1
          1
          1
          1
          1
          1
          1
          1
          1
          1
          1
          1
          1
          1
          1
          1
          1
          1
          1
          1
          1
          1
          1
          1
          1
          1
          1
          1
          1
          1
          1
          1
          1
          1
          1
          1
          1
          1
          1
          1
          1
          1
          1
          1
          1
          1
          1
          1
          1
          1
          1
          1
          1
          1
          1
          1
          1
          1
          1
          1
          1
          1
          1
          1
          1
          1
          1
          1
          1
          1
          1
          1
          1
          1
          1
          1
          1
          1
          1
          1
          1
          1
          1
          1
          1
          1
          1
          1
          1
          1
          1
          1
          1
          1
          1
          1
          1
          1
          1
          1
          1
          1
          1
          1
          1
          1
          1
          1
          1
          1
          1
          1
          1
          1
          1
          1
          1
          1
          1
          1
          1
          1
          1
          1
          1
          1
          1
          1
          1
          1
          1
          1
          1
          1
          1
          1
          1
          1
          1
          1
          1
          1
          1
          1
          1
          1
          1
          1
          1
          1
          1
          1
          1
          1
          1
          1
          1
          1
          1
          1
          1
          1
          1
          1
          1
          1
          1
          1
          1
          1
          1
          1
          1
          1
          1
          1
          1
          1
          1
          1
          1
          1
          1
          1
          1
          1
          1
          1
          1
          1
          1
          1
          1
          1
          1
          1
          1
          1
          1
          1
          1
          1
          1
          1
          1
          1
          1
          1
          1
          1
          1
          1
          1
          1
          1
          1
          1
          1
          1
          1
          1
          1
          1
          1
          1
          1
          1
          1
          1
          1
          1
          1
          1
          1
          1
          1
          1
          1
          1
          1
          1
          1
          1
          1
          1
          1
   0.999999
   0.999999
   0.999998
   0.999997
   0.999996
   0.999996
   0.999996
   0.999996
   0.999997
   0.999998
   0.999999
   0.999999
          1
          1
          1
          1
          1
          1
          1
          1
          1
          1
          1
          1
          1
          1
          1
          1
          1
          1
          1
          1
          1
          1
          1
          1
          1
          1
          1
          1
          1
          1
          1
          1
          1
          1
          1
          1
          1
          1
          1
          1
          1
          1
          1
          1
          1
          1
   0.999999
   0.999998
   0.999996
   0.999992
   0.999986
   0.999978
   0.999971
   0.999967
   0.999966
   0.999971
   0.999978
   0.999986
   0.999992
   0.999996
   0.999998
   0.999999
          1
          1
          1
          1
          1
          1
          1
          1
          1
          1
          1
          1
          1
          1
          1
          1
          1
          1
          1
          1
          1
          1
          1
          1
          1
          1
          1
          1
          1
          1
          1
          1
          1
          1
          1
          1
          1
          1
          1
          1
          1
          1
          1
   0.999999
   0.999996
   0.999988
   0.999971
    0.99994
   0.999892
    0.99983
   0.999773
   0.999735
   0.999738
   0.999771
   0.999832
   0.999892
    0.99994
   0.999972
   0.999988
   0.999996
   0.999999
          1
          1
          1
          1
          1
          1
          1
          1
          1
          1
          1
          1
          1
          1
          1
          1
          1
          1
          1
          1
          1
          1
          1
          1
          1
          1
          1
          1
          1
          1
          1
          1
          1
          1
          1
          1
          1
          1
          1
          1
   0.999999
   0.999997
   0.999991
   0.999972
   0.999923
   0.999807
   0.999594
   0.999248
   0.998813
   0.998384
   0.998119
   0.998107
   0.998391
   0.998812
   0.999254
   0.999595
   0.999808
   0.999923
   0.999972
   0.999991
   0.999997
   0.999999
          1
          1
          1
          1
          1
          1
          1
          1
          1
          1
          1
          1
          1
          1
          1
          1
          1
          1
          1
          1
          1
          1
          1
          1
          1
          1
          1
          1
          1
          1
          1
          1
          1
          1
          1
          1
          1
   0.999999
   0.999997
   0.999987
   0.999949
    0.99984
   0.999528
   0.998829
   0.997426
   0.995197
    0.99226
   0.989468
   0.987566
   0.987663
   0.989393
    0.99233
   0.995179
   0.997455
   0.998824
   0.999532
   0.999839
    0.99995
   0.999987
   0.999997
   0.999999
          1
          1
          1
          1
          1
          1
          1
          1
          1
          1
          1
          1
          1
          1
          1
          1
          1
          1
          1
          1
          1
          1
          1
          1
          1
          1
          1
          1
          1
          1
          1
          1
          1
          1
          1
   0.999999
   0.999997
   0.999985
   0.999931
   0.999747
   0.999135
   0.997481
   0.993437
   0.985601
   0.972736
   0.956404
   0.940173
   0.930573
   0.930169
   0.940522
   0.956239
   0.972899
   0.985524
   0.993491
   0.997459
   0.999145
   0.999745
   0.999933
   0.999985
   0.999997
   0.999999
          1
          1
          1
          1
          1
          1
          1
          1
          1
          1
          1
          1
          1
          1
          1
          1
          1
          1
          1
          1
          1
          1
          1
          1
          1
          1
          1
          1
          1
          1
          1
          1
          1
          1
   0.999997
   0.999987
   0.999932
   0.999707
   0.998833
   0.995972
   0.987727
   0.968324
    0.93053
   0.873359
   0.806507
   0.748831
   0.714471
   0.715593
   0.748073
   0.807305
   0.873102
   0.930747
   0.968179
   0.987802
   0.995975
   0.998834
   0.999705
   0.999933
   0.999987
   0.999997
          1
          1
          1
          1
          1
          1
          1
          1
          1
          1
          1
          1
          1
          1
          1
          1
          1
          1
          1
          1
          1
          1
          1
          1
          1
          1
          1
          1
          1
          1
          1
          1
          1
   0.999999
   0.999991
   0.999949
    0.99975
   0.998833
    0.99528
   0.983276
     0.9493
   0.873059
   0.748713
    0.60159
   0.475479
   0.391286
   0.351697
   0.350859
   0.392042
   0.475406
   0.601894
   0.748763
   0.873498
   0.949326
   0.983323
   0.995309
   0.998843
   0.999752
    0.99995
   0.999991
   0.999999
          1
          1
          1
          1
          1
          1
          1
          1
          1
          1
          1
          1
          1
          1
          1
          1
          1
          1
          1
          1
          1
          1
          1
          1
          1
          1
          1
          1
          1
          1
          1
   0.999999
   0.999996
   0.999972
   0.999841
   0.999148
   0.995994
   0.983392
   0.941135
   0.832996
   0.643135
   0.434039
   0.278539
      0.188
   0.141283
    0.12171
   0.121891
   0.141068
   0.188145
   0.278864
   0.433899
   0.643472
   0.832725
   0.941202
   0.983358
   0.996003
   0.999154
   0.999842
   0.999972
   0.999996
   0.999999
          1
          1
          1
          1
          1
          1
          1
          1
          1
          1
          1
          1
          1
          1
          1
          1
          1
          1
          1
          1
          1
          1
          1
          1
          1
          1
          1
          1
          1
          1
   0.999998
   0.999988
   0.999924
   0.999538
   0.997535
   0.987908
    0.94987
   0.833459
   0.605172
   0.353182
   0.188558
   0.104965
  0.0662865
  0.0484562
  0.0415473
  0.0414059
  0.0485566
  0.0662495
   0.105151
   0.188577
   0.353513
   0.605128
   0.833856
    0.94994
   0.987977
   0.997529
   0.999541
   0.999924
   0.999988
   0.999998
          1
          1
          1
          1
          1
          1
          1
          1
          1
          1
          1
          1
          1
          1
          1
          1
          1
          1
          1
          1
          1
          1
          1
          1
          1
          1
          1
          1
          1
          1
   0.999996
   0.999972
    0.99981
    0.99886
   0.993601
   0.968966
   0.875187
   0.645754
   0.354879
   0.164544
  0.0776572
  0.0416482
  0.0262058
   0.019354
  0.0166498
  0.0166837
  0.0193314
  0.0262117
    0.04162
  0.0777408
   0.164482
   0.354793
   0.645347
    0.87506
   0.968848
   0.993619
   0.998866
   0.999812
   0.999973
   0.999996
          1
          1
          1
          1
          1
          1
          1
          1
          1
          1
          1
          1
          1
          1
          1
          1
          1
          1
          1
          1
          1
          1
          1
          1
          1
          1
          1
          1
          1
   0.999999
   0.999992
   0.999942
   0.999603
   0.997505
   0.985995
   0.932076
   0.752377
   0.437459
   0.190064
  0.0778403
  0.0357799
  0.0193702
  0.0125277
  0.0094917
 0.00831527
 0.00829217
 0.00950399
  0.0125227
  0.0193965
  0.0357331
  0.0779715
   0.190109
   0.437646
   0.752587
   0.931893
   0.985984
   0.997502
   0.999605
   0.999942
   0.999993
   0.999999
          1
          1
          1
          1
          1
          1
          1
          1
          1
          1
          1
          1
          1
          1
          1
          1
          1
          1
          1
          1
          1
          1
          1
          1
          1
          1
          1
          1
   0.999998
   0.999986
   0.999896
   0.999269
   0.995372
   0.973368
   0.876331
   0.607096
   0.282236
   0.106337
  0.0419709
   0.019447
  0.0109182
 0.00733608
 0.00574308
 0.00511533
 0.00512051
 0.00573759
 0.00734201
  0.0109197
  0.0194645
   0.041962
   0.106422
   0.282806
    0.60716
   0.876561
   0.973417
   0.995382
   0.999273
   0.999898
   0.999987
   0.999998
          1
          1
          1
          1
          1
          1
          1
          1
          1
          1
          1
          1
          1
          1
          1
          1
          1
          1
          1
          1
          1
          1
          1
          1
          1
          1
          1
          1
   0.999997
   0.999979
   0.999838
   0.998848
   0.992542
   0.957703
   0.810584
    0.48145
   0.190942
  0.0673008
  0.0264217
  0.0125941
 0.00734177
 0.00512938
 0.00413426
 0.00374707
 0.00374382
 0.00414079
 0.00512612
  0.0073529
  0.0126012
  0.0264701
  0.0673932
   0.191281
   0.482188
   0.810638
   0.957601
    0.99252
   0.998849
   0.999837
    0.99998
   0.999997
          1
          1
          1
          1
          1
          1
          1
          1
          1
          1
          1
          1
          1
          1
          1
          1
          1
          1
          1
          1
          1
          1
          1
          1
          1
          1
          1
          1
   0.999997
   0.999972
   0.999782
   0.998431
   0.989894
    0.94191
   0.754595
   0.397418
   0.144025
   0.049334
  0.0195777
 0.00956163
 0.00575744
 0.00414085
 0.00341907
 0.00312899
 0.00313047
 0.00341759
 0.00414749
 0.00575251
 0.00956797
  0.0195724
  0.0494125
    0.14403
   0.397689
     0.7542
   0.942006
   0.989867
   0.998434
   0.999786
   0.999972
   0.999997
          1
          1
          1
          1
          1
          1
          1
          1
          1
          1
          1
          1
          1
          1
          1
          1
          1
          1
          1
          1
          1
          1
          1
          1
          1
          1
          1
          1
   0.999996
   0.999968
   0.999748
   0.998174
   0.988077
   0.932911
   0.720877
   0.357849
   0.124401
  0.0423095
  0.0168703
 0.00837728
 0.00513484
 0.00375273
 0.00313173
 0.00288771
 0.00288554
 0.00313422
 0.00375433
 0.00514147
 0.00837831
  0.0169132
  0.0423359
   0.124692
   0.358271
   0.721474
   0.932788
   0.988008
   0.998182
   0.999745
   0.999969
   0.999996
          1
          1
          1
          1
          1
          1
          1
          1
          1
          1
          1
          1
          1
          1
          1
          1
          1
          1
          1
          1
          1
          1
          1
          1
          1
          1
          1
          1
   0.999996
   0.999968
   0.999747
   0.998165
   0.988191
   0.932333
   0.722043
   0.357135
   0.124452
   0.042242
  0.0168946
 0.00836729
 0.00513449
 0.00375385
  0.0031327
 0.00288449
 0.00288877
 0.00313188
 0.00375672
 0.00513267
 0.00838699
  0.0168765
  0.0423382
   0.124454
   0.357959
   0.722032
   0.932589
   0.988163
   0.998173
   0.999751
   0.999968
   0.999996
          1
          1
          1
          1
          1
          1
          1
          1
          1
          1
          1
          1
          1
          1
          1
          1
          1
          1
          1
          1
          1
          1
          1
          1
          1
          1
          1
          1
   0.999997
   0.999972
   0.999782
   0.998435
   0.989805
   0.942403
   0.753571
   0.398185
   0.143926
  0.0493861
  0.0195671
 0.00957298
 0.00575405
 0.00414286
 0.00341727
 0.00313141
 0.00312762
 0.00342137
 0.00414387
 0.00576695
 0.00956408
  0.0196139
  0.0494139
   0.144368
   0.398208
   0.753952
   0.942105
   0.989792
   0.998439
   0.999781
   0.999973
   0.999997
          1
          1
          1
          1
          1
          1
          1
          1
          1
          1
          1
          1
          1
          1
          1
          1
          1
          1
          1
          1
          1
          1
          1
          1
          1
          1
          1
          1
   0.999997
   0.999979
   0.999838
   0.998841
   0.992598
   0.957376
   0.811425
   0.481487
   0.191035
  0.0672643
  0.0264516
  0.0125956
 0.00735385
 0.00512804
 0.00414124
 0.00374657
 0.00375076
 0.00413642
 0.00514013
 0.00734601
  0.0126123
  0.0264456
  0.0674158
   0.191069
   0.481696
   0.811123
   0.957469
   0.992578
    0.99885
    0.99984
   0.999979
   0.999997
          1
          1
          1
          1
          1
          1
          1
          1
          1
          1
          1
          1
          1
          1
          1
          1
          1
          1
          1
          1
          1
          1
          1
          1
          1
          1
          1
          1
   0.999998
   0.999986
   0.999897
   0.999271
    0.99534
    0.97357
   0.875915
   0.607402
   0.282654
   0.106617
  0.0419432
  0.0194796
  0.0109287
 0.00734722
 0.00574304
 0.00512477
 0.00511931
 0.00575612
 0.00734182
  0.0109479
  0.0194921
  0.0420842
   0.106696
   0.283292
   0.607974
   0.876283
   0.973511
   0.995327
   0.999268
   0.999895
   0.999987
   0.999998
          1
          1
          1
          1
          1
          1
          1
          1
          1
          1
          1
          1
          1
          1
          1
          1
          1
          1
          1
          1
          1
          1
          1
          1
          1
          1
          1
          1
   0.999999
   0.999992
   0.999942
   0.999601
   0.997522
   0.985863
   0.932197
   0.752094
   0.437753
   0.189838
  0.0781599
  0.0357345
  0.0194094
  0.0125481
  0.0095234
 0.00831422
 0.00833133
 0.00950451
  0.0125715
  0.0194034
  0.0358586
  0.0780687
   0.190408
   0.437555
   0.752444
    0.93208
   0.985888
   0.997518
   0.999602
   0.999943
   0.999992
   0.999999
          1
          1
          1
          1
          1
          1
          1
          1
          1
          1
          1
          1
          1
          1
          1
          1
          1
          1
          1
          1
          1
          1
          1
          1
          1
          1
          1
          1
          1
   0.999996
   0.999973
   0.999811
   0.998847
   0.993668
   0.968707
   0.875311
   0.645239
   0.355278
   0.164219
  0.0778687
  0.0416455
  0.0261997
  0.0193691
  0.0167141
  0.0166733
  0.0193912
  0.0262227
  0.0417793
  0.0778309
   0.164853
   0.355823
   0.646457
   0.875556
   0.968838
   0.993642
   0.998851
   0.999813
   0.999972
   0.999996
          1
          1
          1
          1
          1
          1
          1
          1
          1
          1
          1
          1
          1
          1
          1
          1
          1
          1
          1
          1
          1
          1
          1
          1
          1
          1
          1
          1
          1
          1
   0.999998
   0.999988
   0.999923
   0.999542
   0.997502
   0.987968
   0.949709
   0.833489
    0.60438
   0.354017
   0.188483
   0.105284
  0.0664077
  0.0486101
  0.0415499
  0.0416371
   0.048582
  0.0665326
   0.105226
   0.188949
   0.353983
   0.605329
   0.833545
   0.949738
   0.987924
   0.997499
   0.999546
   0.999923
   0.999989
   0.999998
          1
          1
          1
          1
          1
          1
          1
          1
          1
          1
          1
          1
          1
          1
          1
          1
          1
          1
          1
          1
          1
          1
          1
          1
          1
          1
          1
          1
          1
          1
   0.999999
   0.999996
   0.999972
    0.99984
   0.999157
   0.995999
   0.983389
   0.941205
   0.832879
   0.642866
   0.434471
   0.279047
   0.188107
   0.141353
   0.121934
   0.121815
   0.141454
   0.188312
   0.279196
   0.434385
   0.643205
   0.833124
   0.941133
   0.983424
   0.995977
   0.999163
   0.999838
   0.999972
   0.999996
   0.999999
          1
          1
          1
          1
          1
          1
          1
          1
          1
          1
          1
          1
          1
          1
          1
          1
          1
          1
          1
          1
          1
          1
          1
          1
          1
          1
          1
          1
          1
          1
          1
   0.999999
   0.999991
   0.999951
   0.999747
   0.998834
   0.995295
   0.983262
   0.949131
   0.873497
   0.748933
   0.602206
   0.476225
   0.391828
   0.351664
   0.351851
   0.391818
   0.476311
   0.602201
   0.748803
   0.873429
   0.949139
   0.983212
   0.995248
   0.998842
   0.999745
   0.999951
   0.999991
   0.999999
          1
          1
          1
          1
          1
          1
          1
          1
          1
          1
          1
          1
          1
          1
          1
          1
          1
          1
          1
          1
          1
          1
          1
          1
          1
          1
          1
          1
          1
          1
          1
          1
          1
   0.999997
   0.999986
   0.999935
   0.999705
   0.998831
   0.995967
   0.987769
   0.968058
   0.930475
   0.873258
   0.806272
   0.748329
   0.714782
   0.714547
   0.748078
   0.806341
   0.873248
   0.930395
   0.968058
   0.987729
   0.995938
   0.998837
   0.999705
   0.999935
   0.999986
   0.999998
          1
          1
          1
          1
          1
          1
          1
          1
          1
          1
          1
          1
          1
          1
          1
          1
          1
          1
          1
          1
          1
          1
          1
          1
          1
          1
          1
          1
          1
          1
          1
          1
          1
          1
   0.999999
   0.999997
   0.999984
   0.999933
   0.999746
   0.999143
   0.997457
    0.99348
    0.98561
   0.972672
   0.956378
     0.9403
   0.930579
   0.930341
   0.940461
   0.956432
    0.97277
   0.985544
    0.99347
    0.99746
   0.999144
   0.999745
   0.999933
   0.999984
   0.999997
   0.999999
          1
          1
          1
          1
          1
          1
          1
          1
          1
          1
          1
          1
          1
          1
          1
          1
          1
          1
          1
          1
          1
          1
          1
          1
          1
          1
          1
          1
          1
          1
          1
          1
          1
          1
          1
   0.999999
   0.999997
   0.999986
    0.99995
   0.999838
   0.999531
    0.99882
   0.997424
   0.995201
   0.992216
   0.989413
   0.987551
   0.987609
   0.989372
   0.992257
    0.99517
   0.997415
   0.998808
   0.999532
   0.999837
    0.99995
   0.999986
   0.999997
   0.999999
          1
          1
          1
          1
          1
          1
          1
          1
          1
          1
          1
          1
          1
          1
          1
          1
          1
          1
          1
          1
          1
          1
          1
          1
          1
          1
          1
          1
          1
          1
          1
          1
          1
          1
          1
          1
          1
   0.999999
   0.999998
   0.999991
   0.999972
   0.999922
   0.999808
   0.999595
   0.999243
   0.998813
   0.998369
   0.998119
   0.998101
   0.998387
   0.998804
   0.999249
   0.999591
    0.99981
   0.999922
   0.999972
   0.999991
   0.999998
   0.999999
          1
          1
          1
          1
          1
          1
          1
          1
          1
          1
          1
          1
          1
          1
          1
          1
          1
          1
          1
          1
          1
          1
          1
          1
          1
          1
          1
          1
          1
          1
          1
          1
          1
          1
          1
          1
          1
          1
          1
          1
   0.999999
   0.999996
   0.999988
   0.999971
    0.99994
   0.999892
    0.99983
   0.999773
   0.999736
   0.999738
   0.999772
   0.999832
   0.999892
    0.99994
   0.999971
   0.999988
   0.999996
   0.999999
          1
          1
          1
          1
          1
          1
          1
          1
          1
          1
          1
          1
          1
          1
          1
          1
          1
          1
          1
          1
          1
          1
          1
          1
          1
          1
          1
          1
          1
          1
          1
          1
          1
          1
          1
          1
          1
          1
          1
          1
          1
          1
          1
   0.999999
   0.999998
   0.999996
   0.999992
   0.999986
   0.999978
   0.999971
   0.999966
   0.999966
   0.999971
   0.999978
   0.999986
   0.999992
   0.999996
   0.999998
   0.999999
          1
          1
          1
          1
          1
          1
          1
          1
          1
          1
          1
          1
          1
          1
          1
          1
          1
          1
          1
          1
          1
          1
          1
          1
          1
          1
          1
          1
          1
          1
          1
          1
          1
          1
          1
          1
          1
          1
          1
          1
          1
          1
          1
          1
          1
          1
   0.999999
   0.999999
   0.999998
   0.999997
   0.999996
   0.999996
   0.999996
   0.999997
   0.999997
   0.999998
   0.999999
   0.999999
          1
          1
          1
          1
          1
          1
          1
          1
          1
          1
          1
          1
          1
          1
          1
          1
          1
          1
          1
          1
          1
          1
          1
          1
          1
          1
          1
          1
          1
          1
          1
          1
          1
          1
          1
          1
          1
          1
          1
          1
          1
          1
          1
          1
          1
          1
          1
          1
          1
          1
          1
          1
          1
          1
          1
          1
          1
          1
          1
          1
          1
          1
          1
          1
          1
          1
          1
          1
          1
          1
          1
          1
          1
          1
          1
          1
          1
          1
          1
          1
          1
          1
          1
          1
          1
          1
          1
          1
          1
          1
          1
          1
          1
          1
          1
          1
          1
          1
          1
          1
          1
          1
          1
          1
          1
          1
          1
          1
          1
          1
          1
          1
          1
          1
          1
          1
          1
          1
          1
          1
          1
          1
          1
          1
          1
          1
          1
          1
          1
          1
          1
          1
          1
          1
          1
          1
          1
          1
          1
          1
          1
          1
          1
          1
          1
          1
          1
          1
          1
          1
          1
          1
          1
          1
          1
          1
          1
          1
          1
          1
          1
          1
          1
          1
          1
          1
          1
          1
          1
          1
          1
          1
          1
          1
          1
          1
          1
          1
          1
          1
          1
          1
          1
          1
          1
          1
          1
          1
          1
          1
          1
          1
          1
          1
          1
          1
          1
          1
          1
          1
          1
          1
          1
          1
          1
          1
          1
          1
          1
          1
          1
          1
          1
          1
          1
          1
          1
          1
          1
          1
          1
          1
          1
          1
          1
          1
          1
          1
          1
          1
          1
          1
          1
          1
          1
          1
          1
          1
          1
          1
          1
          1
          1
          1
          1
          1
          1
          1
          1
          1
          1
          1
          1
          1
          1
          1
          1
          1
          1
          1
          1
          1
          1
          1
          1
          1
          1
          1
          1
          1
          1
          1
          1
          1
          1
          1
          1
          1
          1
          1
          1
          1
          1
          1
          1
          1
          1
          1
          1
          1
          1
          1
          1
          1
          1
          1
          1
          1
          1
          1
          1
          1
          1
          1
          1
          1
          1
          1
          1
          1
          1
          1
          1
          1
          1
          1
          1
          1
          1
          1
          1
          1
          1
          1
          1
          1
          1
          1
          1
          1
          1
          1
          1
          1
          1
          1
          1
          1
          1
          1
          1
          1
          1
          1
          1
          1
          1
          1
          1
          1
          1
          1
          1
          1
          1
          1
          1
          1
          1
          1
          1
          1
          1
          1
          1
          1
          1
          1
          1
          1
          1
          1
          1
          1
          1
          1
          1
          1
          1
          1
          1
          1
          1
          1
          1
          1
          1
          1
          1
          1
          1
          1
          1
          1
          1
          1
          1
          1
          1
          1
          1
          1
          1
          1
          1
          1
          1
          1
          1
          1
          1
          1
          1
          1
          1
          1
          1
          1
          1
          1
          1
          1
          1
          1
          1
          1
          1
          1
          1
          1
          1
          1
          1
          1
          1
          1
          1
          1
          1
          1
          1
          1
          1
          1
          1
          1
          1
          1
          1
          1
          1
          1
          1
          1
          1
          1
          1
          1
          1
          1
          1
          1
          1
          1
          1
          1
          1
          1
          1
          1
          1
          1
          1
          1
          1
          1
          1
          1
          1
          1
          1
          1
          1
          1
          1
          1
          1
          1
          1
          1
          1
          1
          1
          1
          1
          1
          1
          1
          1
          1
          1
          1
          1
          1
          1
          1
          1
          1
          1
          1
          1
          1
          1
          1
          1
          1
          1
          1
          1
          1
          1
          1
          1
          1
          1
          1
          1
          1
          1
          1
          1
          1
          1
          1
          1
          1
          1
          1
          1
          1
          1
          1
          1
          1
          1
          1
          1
          1
          1
          1
          1
          1
          1
          1
          1
          1
          1
          1
          1
          1
          1
          1
          1
          1
          1
          1
          1
          1
          1
          1
          1
          1
          1
          1
          1
          1
          1
          1
          1
          1
          1
          1
          1
          1
          1
          1
          1
          1
          1
          1
          1
          1
          1
          1
          1
          1
          1
          1
          1
          1
          1
          1
          1
          1
          1
          1
          1
          1
          1
          1
          1
          1
          1
          1
          1
          1
          1
          1
          1
          1
          1
          1
          1
          1
          1
          1
          1
          1
          1
          1
          1
          1
          1
          1
          1
          1
          1
          1
          1
          1
          1
          1
          1
          1
          1
          1
          1
          1
          1
          1
          1
          1
          1
          1
          1
          1
          1
          1
          1
          1
          1
          1
          1
          1
          1
          1
          1
          1
          1
          1
          1
          1
          1
          1
          1
          1
          1
          1
          1
          1
          1
          1
          1
          1
          1
          1
          1
          1
          1
          1
          1
          1
          1
          1
          1
          1
          1
          1
          1
          1
          1
          1
          1
          1
          1
          1
          1
          1
          1
          1
          1
          1
          1
          1
          1
          1
          1
          1
          1
          1
          1
          1
          1
          1
          1
          1
          1
          1
          1
          1
          1
          1
          1
          1
          1
          1
          1
          1
          1
          1
          1
          1
          1
          1
          1
          1
          1
          1
          1
          1
          1
          1
          1
          1
          1
          1
          1
          1
          1
          1
          1
          1
          1
          1
          1
          1
          1
          1
          1
          1
          1
          1
          1
          1
          1
          1
          1
          1
          1
          1
          1
          1
          1
          1
          1
          1
          1
          1
          1
          1
          1
          1
          1
          1
          1
          1
          1
          1
          1
          1
          1
          1
          1
          1
          1
          1
          1
          1
          1
          1
          1
          1
          1
          1
          1
          1
          1
          1
          1
          1
          1
          1
          1
          1
          1
          1
          1
          1
          1
          1
          1
          1
          1
          1
          1
          1
          1
          1
          1
          1
          1
          1
          1
          1
          1
          1
          1
          1
          1
          1
          1
          1
          1
          1
          1
          1
          1
          1
          1
          1
          1
          1
          1
          1
          1
          1
          1
          1
          1
          1
          1
          1
          1
          1
          1
          1
          1
          1
          1
          1
          1
          1
          1
          1
          1
          1
          1
          1
          1
          1
          1
          1
          1
          1
          1
          1
          1
          1
          1
          1
          1
          1
          1
          1
          1
          1
          1
          1
          1
          1
          1
          1
          1
          1
          1
          1
          1
          1
          1
          1
          1
          1
          1
          1
          1
          1
          1
          1
          1
          1
          1
          1
          1
          1
          1
          1
          1
          1
          1
          1
          1
          1
          1
          1
          1
          1
          1
          1
          1
          1
          1
          1
          1
          1
          1
          1
          1
          1
          1
          1
          1
          1
          1
          1
          1
          1
          1
          1
          1
          1
          1
          1
          1
          1
          1
          1
          1
          1
          1
          1
          1
          1
          1
          1
          1
          1
          1
          1
          1
          1
          1
          1
          1
          1
          1
          1
          1
          1
          1
          1
          1
          1
          1
          1
          1
          1
          1
          1
          1
          1
          1
          1
          1
          1
          1
          1
          1
          1
          1
          1
          1
          1
          1
          1
          1
          1
          1
          1
          1
          1
          1
          1
          1
          1
          1
          1
          1
          1
          1
          1
          1
          1
          1
          1
          1
          1
          1
          1
          1
          1
          1
          1
          1
          1
          1
          1
          1
          1
          1
          1
          1
          1
          1
          1
          1
          1
          1
          1
          1
          1
          1
          1
          1
          1
          1
          1
          1
          1
          1
          1
          1
          1
          1
          1
          1
          1
          1
          1
          1
          1
          1
          1
          1
          1
          1
          1
          1
          1
          1
          1
          1
          1
          1
          1
          1
          1
          1
          1
          1
          1
          1
          1
          1
          1
          1
          1
          1
          1
          1
          1
          1
          1
          1
          1
          1
          1
          1
          1
          1
          1
          1
          1
          1
          1
          1
          1
          1
          1
          1
          1
          1
          1
          1
          1
          1
          1
          1
          1
          1
          1
          1
          1
          1
          1
          1
          1
          1
          1
          1
          1
          1
          1
          1
          1
          1
          1
          1
          1
          1
          1
          1
          1
          1
          1
          1
          1
          1
          1
          1
          1
          1
          1
          1
          1
          1
          1
          1
          1
          1
          1
          1
          1
          1
          1
          1
          1
          1
          1
          1
          1
          1
          1
          1
          1
          1
          1
          1
          1
          1
          1
          1
          1
          1
          1
          1
          1
          1
          1
          1
          1
          1
          1
          1
          1
          1
          1
          1
          1
          1
          1
          1
          1
          1
          1
          1
          1
          1
          1
          1
          1
          1
          1
          1
          1
          1
          1
          1
          1
          1
          1
          1
          1
          1
          1
          1
          1
          1
          1
          1
          1
          1
          1
          1
          1
          1
          1
          1
          1
          1
          1
          1
          1
          1
          1
          1
          1
          1
          1
          1
          1
          1
          1
          1
          1
          1
          1
          1
          1
          1
          1
          1
          1
          1
          1
          1
          1
          1
          1
          1
          1
          1
          1
          1
          1
          1
          1
          1
          1
          1
          1
          1
          1
          1
          1
          1
          1
          1
          1
          1
          1
          1
          1
          1
          1
          1
          1
          1
          1
          1
          1
          1
          1
          1
          1
          1
          1
          1
          1
          1
          1
          1
          1
          1
          1
          1
          1
          1
          1
          1
          1
          1
          1
          1
          1
          1
          1
          1
          1
          1
          1
          1
          1
          1
          1
          1
          1
          1
          1
          1
          1
          1
          1
          1
          1
          1
          1
          1
          1
          1
          1
          1
          1
          1
          1
          1
          1
          1
          1
          1
          1
          1
          1
          1
          1
          1
          1
          1
          1
          1
          1
          1
          1
          1
          1
          1
          1
          1
          1
          1
          1
          1
          1
          1
          1
          1
          1
          1
          1
          1
          1
          1
          1
          1
          1
          1
          1
          1
          1
          1
          1
          1
          1
          1
          1
          1
          1
          1
          1
          1
          1
          1
          1
          1
          1
          1
          1
          1
          1
          1
          1
          1
          1
          1
          1
          1
          1
          1
          1
          1
          1
          1
          1
          1
          1
          1
          1
          1
          1
          1
          1
          1
          1
          1
          1
          1
          1
          1
          1
          1
          1
          1
          1
          1
          1
          1
          1
          1
          1
          1
          1
          1
          1
          1
          1
          1
          1
          1
          1
          1
          1
          1
          1
          1
          1
          1
          1
          1
          1
          1
          1
          1
          1
          1
          1
          1
          1
          1
          1
          1
          1
          1
          1
          1
          1
          1
          1
          1
          1
          1
          1
          1
          1
          1
          1
          1
          1
          1
          1
          1
          1
          1
          1
          1
          1
          1
          1
          1
          1
          1
          1
          1
          1
          1
          1
          1
          1
          1
          1
          1
          1
          1
          1
          1
          1
          1
          1
          1
          1
          1
          1
          1
          1
          1
          1
          1
          1
          1
          1
          1
          1
          1
          1
          1
          1
          1
          1
          1
          1
          1
          1
          1
          1
          1
          1
          1
          1
          1
          1
          1
          1
          1
          1
          1
          1
          1
          1
          1
          1
          1
          1
          1
          1
          1
          1
          1
          1
          1
          1
          1
          1
          1
          1
          1
          1
          1
          1
          1
          1
          1
          1
          1
          1
          1
          1
          1
          1
          1
          1
          1
          1
          1
          1
          1
          1
          1
          1
          1
          1
          1
          1
          1
          1
          1
          1
          1
          1
          1
          1
          1
          1
          1
          1
          1
          1
          1
          1
          1
          1
          1
          1
          1
          1
          1
          1
          1
          1
          1
          1
          1
          1
          1
          1
          1
          1
          1
          1
          1
          1
          1
          1
          1
          1
          1
          1
          1
          1
          1
          1
          1
          1
          1
          1
          1
          1
          1
          1
          1
          1
          1
          1
          1
          1
          1
          1
          1
          1
          1
          1
          1
          1
          1
          1
          1
          1
          1
          1
          1
          1
          1
          1
          1
          1
          1
          1
          1
          1
          1
          1
          1
          1
          1
          1
          1
          1
          1
          1
          1
          1
          1
          1
          1
          1
          1
          1
          1
          1
          1
          1
          1
          1
          1
          1
          1
          1
          1
          1
          1
          1
          1
          1
          1
          1
          1
          1
          1
          1
          1
          1
          1
          1
          1
          1
          1
          1
          1
          1
          1
          1
          1
   0.999999
   0.999999
   0.999998
   0.999998
   0.999997
   0.999997
   0.999998
   0.999998
   0.999999
   0.999999
          1
          1
          1
          1
          1
          1
          1
          1
          1
          1
          1
          1
          1
          1
          1
          1
          1
          1
          1
          1
          1
          1
          1
          1
          1
          1
          1
          1
          1
          1
          1
          1
          1
          1
          1
          1
          1
          1
          1
          1
          1
          1
          1
          1
          1
          1
          1
          1
   0.999999
   0.999998
   0.999996
   0.999992
   0.999988
   0.999984
   0.999981
   0.999981
   0.999984
   0.999988
   0.999992
   0.999996
   0.999998
   0.999999
          1
          1
          1
          1
          1
          1
          1
          1
          1
          1
          1
          1
          1
          1
          1
          1
          1
          1
          1
          1
          1
          1
          1
          1
          1
          1
          1
          1
          1
          1
          1
          1
          1
          1
          1
          1
          1
          1
          1
          1
          1
          1
          1
          1
   0.999999
   0.999998
   0.999994
   0.999986
   0.999971
   0.999949
   0.999918
   0.999891
   0.999872
   0.999873
    0.99989
   0.999919
   0.999948
   0.999971
   0.999986
   0.999994
   0.999998
   0.999999
          1
          1
          1
          1
          1
          1
          1
          1
          1
          1
          1
          1
          1
          1
          1
          1
          1
          1
          1
          1
          1
          1
          1
          1
          1
          1
          1
          1
          1
          1
          1
          1
          1
          1
          1
          1
          1
          1
          1
          1
          1
   0.999999
   0.999996
   0.999988
   0.999967
   0.999919
   0.999832
   0.999688
    0.99951
   0.999327
   0.999221
   0.999214
   0.999333
   0.999506
   0.999691
    0.99983
    0.99992
   0.999967
   0.999988
   0.999996
   0.999999
          1
          1
          1
          1
          1
          1
          1
          1
          1
          1
          1
          1
          1
          1
          1
          1
          1
          1
          1
          1
          1
          1
          1
          1
          1
          1
          1
          1
          1
          1
          1
          1
          1
          1
          1
          1
          1
          1
          1
   0.999999
   0.999995
   0.999981
   0.999941
   0.999828
   0.999584
   0.999092
   0.998328
   0.997298
   0.996329
   0.995654
   0.995699
   0.996312
   0.997321
   0.998318
   0.999104
   0.999579
   0.999831
    0.99994
   0.999982
   0.999995
   0.999999
          1
          1
          1
          1
          1
          1
          1
          1
          1
          1
          1
          1
          1
          1
          1
          1
          1
          1
          1
          1
          1
          1
          1
          1
          1
          1
          1
          1
          1
          1
          1
          1
          1
          1
          1
          1
          1
   0.999999
   0.999995
   0.999979
   0.999921
   0.999734
   0.999233
   0.998044
   0.995743
   0.992005
   0.987142
   0.982259
   0.979221
   0.979173
   0.982382
   0.987105
   0.992026
   0.995741
   0.998051
   0.999226
   0.999734
   0.999921
   0.999979
   0.999995
   0.999999
          1
          1
          1
          1
          1
          1
          1
          1
          1
          1
          1
          1
          1
          1
          1
          1
          1
          1
          1
          1
          1
          1
          1
          1
          1
          1
          1
          1
          1
          1
          1
          1
          1
          1
          1
   0.999999
   0.999996
   0.999982
   0.999922
   0.999697
   0.998963
   0.996891
   0.992044
   0.982358
   0.966865
   0.946703
   0.927432
   0.915012
   0.915558
   0.927403
   0.946877
   0.966928
   0.982391
   0.992043
   0.996911
    0.99896
   0.999696
   0.999922
   0.999982
   0.999996
   0.999999
          1
          1
          1
          1
          1
          1
          1
          1
          1
          1
          1
          1
          1
          1
          1
          1
          1
          1
          1
          1
          1
          1
          1
          1
          1
          1
          1
          1
          1
          1
          1
          1
          1
          1
   0.999998
   0.999988
   0.999942
    0.99974
   0.998972
   0.996409
   0.989128
   0.971776
   0.937975
   0.886552
   0.824787
   0.771078
   0.739724
   0.739583
   0.771362
    0.82545
   0.886463
   0.938322
   0.971686
   0.989126
   0.996412
   0.998969
   0.999739
   0.999942
   0.999988
   0.999998
          1
          1
          1
          1
          1
          1
          1
          1
          1
          1
          1
          1
          1
          1
          1
          1
          1
          1
          1
          1
          1
          1
          1
          1
          1
          1
          1
          1
          1
          1
          1
          1
          1
   0.999999
   0.999994
   0.999968
   0.999834
   0.999252
   0.996959
   0.989213
   0.967134
   0.916394
   0.825576
   0.707017
   0.591622
   0.507673
   0.463946
   0.464886
   0.507399
   0.592257
   0.707784
   0.825763
   0.916537
    0.96717
   0.989197
   0.996952
   0.999247
   0.999835
   0.999968
   0.999994
   0.999999
          1
          1
          1
          1
          1
          1
          1
          1
          1
          1
          1
          1
          1
          1
          1
          1
          1
          1
          1
          1
          1
          1
          1
          1
          1
          1
          1
          1
          1
          1
          1
          1
   0.999998
   0.999987
   0.999921
   0.999595
   0.998092
   0.992173
   0.971944
   0.916531
   0.800364
   0.632489
   0.465124
   0.342023
   0.269589
   0.236873
   0.236681
   0.269993
   0.342325
   0.465286
   0.632958
   0.800589
   0.916585
   0.972021
   0.992177
   0.998109
   0.999596
   0.999921
   0.999987
   0.999998
          1
          1
          1
          1
          1
          1
          1
          1
          1
          1
          1
          1
          1
          1
          1
          1
          1
          1
          1
          1
          1
          1
          1
          1
          1
          1
          1
          1
          1
          1
          1
   0.999999
   0.999996
   0.999972
   0.999836
   0.999123
   0.995862
   0.982766
   0.938651
   0.826509
   0.633602
   0.423409
   0.270297
   0.181231
    0.13579
   0.116672
   0.116947
   0.135824
   0.181383
   0.270486
   0.424058
   0.634215
   0.826767
   0.938818
   0.982734
   0.995868
   0.999129
   0.999836
   0.999972
   0.999996
   0.999999
          1
          1
          1
          1
          1
          1
          1
          1
          1
          1
          1
          1
          1
          1
          1
          1
          1
          1
          1
          1
          1
          1
          1
          1
          1
          1
          1
          1
          1
          1
   0.999999
   0.999992
    0.99995
   0.999699
   0.998387
   0.992221
   0.967536
   0.887649
   0.708491
   0.466299
   0.270457
   0.157499
   0.100565
  0.0737505
  0.0629211
  0.0629227
  0.0738372
   0.100622
   0.157476
   0.270655
    0.46653
   0.709271
   0.887668
   0.967626
   0.992215
   0.998394
   0.999699
    0.99995
   0.999992
   0.999999
          1
          1
          1
          1
          1
          1
          1
          1
          1
          1
          1
          1
          1
          1
          1
          1
          1
          1
          1
          1
          1
          1
          1
          1
          1
          1
          1
          1
          1
          1
   0.999998
   0.999989
   0.999923
    0.99953
   0.997422
   0.987523
   0.948099
   0.827419
   0.594803
   0.344517
   0.182126
   0.100937
  0.0632441
  0.0460308
  0.0392347
   0.039264
  0.0460444
  0.0632883
   0.101076
    0.18222
   0.344867
   0.594782
   0.827784
   0.948009
   0.987555
   0.997419
   0.999532
   0.999922
   0.999989
   0.999998
          1
          1
          1
          1
          1
          1
          1
          1
          1
          1
          1
          1
          1
          1
          1
          1
          1
          1
          1
          1
          1
          1
          1
          1
          1
          1
          1
          1
          1
          1
   0.999998
   0.999985
   0.999896
   0.999359
   0.996488
   0.982781
   0.929138
   0.773822
   0.511066
   0.271639
   0.136401
  0.0740642
  0.0460247
  0.0334874
  0.0285927
  0.0286011
  0.0335103
  0.0460293
  0.0741596
   0.136583
     0.2719
   0.511297
   0.774286
   0.929437
   0.982855
   0.996507
   0.999357
   0.999896
   0.999984
   0.999998
          1
          1
          1
          1
          1
          1
          1
          1
          1
          1
          1
          1
          1
          1
          1
          1
          1
          1
          1
          1
          1
          1
          1
          1
          1
          1
          1
          1
          1
          1
   0.999998
   0.999982
   0.999879
   0.999256
   0.995864
   0.979886
   0.917306
   0.743531
   0.468516
   0.239369
    0.11764
  0.0632756
  0.0393339
  0.0286255
  0.0244629
  0.0244707
  0.0286658
  0.0393401
  0.0633012
   0.117729
   0.239392
   0.468631
   0.743529
   0.917196
   0.979876
   0.995855
   0.999258
   0.999878
   0.999982
   0.999998
          1
          1
          1
          1
          1
          1
          1
          1
          1
          1
          1
          1
          1
          1
          1
          1
          1
          1
          1
          1
          1
          1
          1
          1
          1
          1
          1
          1
          1
          1
   0.999998
   0.999982
   0.999879
   0.999252
   0.995883
   0.979808
   0.917481
   0.743169
   0.468638
   0.238974
   0.117613
  0.0632217
  0.0392595
  0.0286177
  0.0244413
  0.0244435
  0.0286408
  0.0392801
  0.0633009
   0.117651
   0.239331
   0.468667
   0.743682
   0.917466
    0.97983
   0.995884
   0.999251
   0.999879
   0.999982
   0.999998
          1
          1
          1
          1
          1
          1
          1
          1
          1
          1
          1
          1
          1
          1
          1
          1
          1
          1
          1
          1
          1
          1
          1
          1
          1
          1
          1
          1
          1
          1
   0.999998
   0.999985
   0.999896
   0.999358
   0.996464
   0.982846
   0.929061
   0.773938
   0.511002
   0.272005
   0.136502
  0.0741087
   0.046055
  0.0335202
  0.0286164
  0.0286478
  0.0335376
  0.0461068
  0.0741527
   0.136724
    0.27204
   0.511338
   0.774086
   0.929122
   0.982821
   0.996474
   0.999361
   0.999896
   0.999985
   0.999998
          1
          1
          1
          1
          1
          1
          1
          1
          1
          1
          1
          1
          1
          1
          1
          1
          1
          1
          1
          1
          1
          1
          1
          1
          1
          1
          1
          1
          1
          1
   0.999998
   0.999989
   0.999923
   0.999529
   0.997424
   0.987484
      0.948
   0.827291
    0.59462
   0.344262
   0.181859
   0.100842
  0.0631872
  0.0459638
  0.0392259
  0.0392144
  0.0460505
  0.0631742
   0.100996
   0.182101
   0.344609
   0.594841
   0.827524
    0.94818
   0.987517
   0.997437
    0.99953
   0.999923
   0.999988
   0.999998
          1
          1
          1
          1
          1
          1
          1
          1
          1
          1
          1
          1
          1
          1
          1
          1
          1
          1
          1
          1
          1
          1
          1
          1
          1
          1
          1
          1
          1
          1
   0.999999
   0.999992
    0.99995
     0.9997
   0.998381
   0.992225
    0.96748
   0.887441
   0.708163
   0.466653
   0.270437
   0.157411
   0.100624
  0.0738491
  0.0629253
  0.0630495
  0.0738284
   0.100741
   0.157581
   0.270695
   0.466669
   0.708678
   0.887536
   0.967429
   0.992202
   0.998384
     0.9997
    0.99995
   0.999993
   0.999999
          1
          1
          1
          1
          1
          1
          1
          1
          1
          1
          1
          1
          1
          1
          1
          1
          1
          1
          1
          1
          1
          1
          1
          1
          1
          1
          1
          1
          1
          1
   0.999999
   0.999996
   0.999972
   0.999835
    0.99913
   0.995851
   0.982695
   0.938397
   0.826315
   0.632457
   0.423288
   0.269796
   0.180953
   0.135495
   0.116636
   0.116554
   0.135842
   0.181001
    0.27013
   0.423187
   0.632983
   0.826589
   0.938629
    0.98273
   0.995869
   0.999136
   0.999836
   0.999972
   0.999996
   0.999999
          1
          1
          1
          1
          1
          1
          1
          1
          1
          1
          1
          1
          1
          1
          1
          1
          1
          1
          1
          1
          1
          1
          1
          1
          1
          1
          1
          1
          1
          1
          1
   0.999998
   0.999987
   0.999922
   0.999591
   0.998106
   0.992192
   0.971991
    0.91627
    0.80093
   0.632153
   0.465286
   0.342455
   0.269571
   0.236657
   0.237017
   0.269719
   0.342451
   0.465249
   0.632678
   0.800812
   0.916235
   0.971926
   0.992144
   0.998101
   0.999595
   0.999921
   0.999986
   0.999998
          1
          1
          1
          1
          1
          1
          1
          1
          1
          1
          1
          1
          1
          1
          1
          1
          1
          1
          1
          1
          1
          1
          1
          1
          1
          1
          1
          1
          1
          1
          1
          1
   0.999999
   0.999994
   0.999968
   0.999835
   0.999249
   0.996952
   0.989193
   0.967114
   0.915876
   0.825277
     0.7064
   0.590619
   0.506601
   0.463348
   0.463289
   0.506871
   0.590756
   0.706384
   0.825409
    0.91577
    0.96701
   0.989158
    0.99694
   0.999248
   0.999836
   0.999967
   0.999994
   0.999999
          1
          1
          1
          1
          1
          1
          1
          1
          1
          1
          1
          1
          1
          1
          1
          1
          1
          1
          1
          1
          1
          1
          1
          1
          1
          1
          1
          1
          1
          1
          1
          1
          1
   0.999998
   0.999988
   0.999942
   0.999738
   0.998973
   0.996406
   0.989127
   0.971739
   0.937943
   0.886185
    0.82515
    0.77043
   0.739236
    0.73953
   0.771014
   0.824762
   0.886547
   0.937917
   0.971801
   0.989108
   0.996413
   0.998968
    0.99974
   0.999942
   0.999988
   0.999998
          1
          1
          1
          1
          1
          1
          1
          1
          1
          1
          1
          1
          1
          1
          1
          1
          1
          1
          1
          1
          1
          1
          1
          1
          1
          1
          1
          1
          1
          1
          1
          1
          1
          1
   0.999999
   0.999996
   0.999982
   0.999922
   0.999694
   0.998958
   0.996894
    0.99199
   0.982241
   0.966684
   0.946445
   0.927096
   0.914707
   0.914875
   0.927071
   0.946449
   0.966644
   0.982276
   0.991959
   0.996882
   0.998957
   0.999695
   0.999922
   0.999982
   0.999996
   0.999999
          1
          1
          1
          1
          1
          1
          1
          1
          1
          1
          1
          1
          1
          1
          1
          1
          1
          1
          1
          1
          1
          1
          1
          1
          1
          1
          1
          1
          1
          1
          1
          1
          1
          1
          1
   0.999999
   0.999995
   0.999979
   0.999921
   0.999734
   0.999227
   0.998058
   0.995748
   0.991963
   0.987106
   0.982209
    0.97914
   0.979135
   0.982287
   0.987102
      0.992
   0.995748
   0.998054
   0.999229
   0.999735
   0.999921
   0.999979
   0.999995
   0.999999
          1
          1
          1
          1
          1
          1
          1
          1
          1
          1
          1
          1
          1
          1
          1
          1
          1
          1
          1
          1
          1
          1
          1
          1
          1
          1
          1
          1
          1
          1
          1
          1
          1
          1
          1
          1
          1
   0.999999
   0.999995
   0.999982
    0.99994
    0.99983
   0.999577
   0.999092
   0.998323
    0.99729
    0.99631
   0.995647
   0.995672
   0.996309
   0.997299
   0.998322
   0.999093
   0.999579
   0.999829
    0.99994
   0.999981
   0.999995
   0.999999
          1
          1
          1
          1
          1
          1
          1
          1
          1
          1
          1
          1
          1
          1
          1
          1
          1
          1
          1
          1
          1
          1
          1
          1
          1
          1
          1
          1
          1
          1
          1
          1
          1
          1
          1
          1
          1
          1
          1
   0.999999
   0.999996
   0.999988
   0.999967
    0.99992
   0.999831
   0.999686
   0.999509
   0.999323
   0.999213
   0.999213
    0.99933
   0.999507
   0.999689
   0.999832
    0.99992
   0.999967
   0.999988
   0.999996
   0.999999
          1
          1
          1
          1
          1
          1
          1
          1
          1
          1
          1
          1
          1
          1
          1
          1
          1
          1
          1
          1
          1
          1
          1
          1
          1
          1
          1
          1
          1
          1
          1
          1
          1
          1
          1
          1
          1
          1
          1
          1
          1
   0.999999
   0.999998
   0.999994
   0.999986
   0.999971
   0.999948
   0.999919
   0.999891
   0.999873
   0.999874
   0.999891
   0.999919
   0.999949
   0.999971
   0.999986
   0.999994
   0.999998
   0.999999
          1
          1
          1
          1
          1
          1
          1
          1
          1
          1
          1
          1
          1
          1
          1
          1
          1
          1
          1
          1
          1
          1
          1
          1
          1
          1
          1
          1
          1
          1
          1
          1
          1
          1
          1
          1
          1
          1
          1
          1
          1
          1
          1
          1
   0.999999
   0.999998
   0.999996
   0.999992
   0.999988
   0.999984
   0.999981
   0.999981
   0.999984
   0.999988
   0.999992
   0.999996
   0.999998
   0.999999
          1
          1
          1
          1
          1
          1
          1
          1
          1
          1
          1
          1
          1
          1
          1
          1
          1
          1
          1
          1
          1
          1
          1
          1
          1
          1
          1
          1
          1
          1
          1
          1
          1
          1
          1
          1
          1
          1
          1
          1
          1
          1
          1
          1
          1
          1
          1
          1
   0.999999
   0.999999
   0.999998
   0.999998
   0.999997
   0.999997
   0.999998
   0.999998
   0.999999
   0.999999
          1
          1
          1
          1
          1
          1
          1
          1
          1
          1
          1
          1
          1
          1
          1
          1
          1
          1
          1
          1
          1
          1
          1
          1
          1
          1
          1
          1
          1
          1
          1
          1
          1
          1
          1
          1
          1
          1
          1
          1
          1
          1
          1
          1
          1
          1
          1
          1
          1
          1
          1
          1
          1
          1
          1
          1
          1
          1
          1
          1
          1
          1
          1
          1
          1
          1
          1
          1
          1
          1
          1
          1
          1
          1
          1
          1
          1
          1
          1
          1
          1
          1
          1
          1
          1
          1
          1
          1
          1
          1
          1
          1
          1
          1
          1
          1
          1
          1
          1
          1
          1
          1
          1
          1
          1
          1
          1
          1
          1
          1
          1
          1
          1
          1
          1
          1
          1
          1
          1
          1
          1
          1
          1
          1
          1
          1
          1
          1
          1
          1
          1
          1
          1
          1
          1
          1
          1
          1
          1
          1
          1
          1
          1
          1
          1
          1
          1
          1
          1
          1
          1
          1
          1
          1
          1
          1
          1
          1
          1
          1
          1
          1
          1
          1
          1
          1
          1
          1
          1
          1
          1
          1
          1
          1
          1
          1
          1
          1
          1
          1
          1
          1
          1
          1
          1
          1
          1
          1
          1
          1
          1
          1
          1
          1
          1
          1
          1
          1
          1
          1
          1
          1
          1
          1
          1
          1
          1
          1
          1
          1
          1
          1
          1
          1
          1
          1
          1
          1
          1
          1
          1
          1
          1
          1
          1
          1
          1
          1
          1
          1
          1
          1
          1
          1
          1
          1
          1
          1
          1
          1
          1
          1
          1
          1
          1
          1
          1
          1
          1
          1
          1
          1
          1
          1
          1
          1
          1
          1
          1
          1
          1
          1
          1
          1
          1
          1
          1
          1
          1
          1
          1
          1
          1
          1
          1
          1
          1
          1
          1
          1
          1
          1
          1
          1
          1
          1
          1
          1
          1
          1
          1
          1
          1
          1
          1
          1
          1
          1
          1
          1
          1
          1
          1
          1
          1
          1
          1
          1
          1
          1
          1
          1
          1
          1
          1
          1
          1
          1
          1
          1
          1
          1
          1
          1
          1
          1
          1
          1
          1
          1
          1
          1
          1
          1
          1
          1
          1
          1
          1
          1
          1
          1
          1
          1
          1
          1
          1
          1
          1
          1
          1
          1
          1
          1
          1
          1
          1
          1
          1
          1
          1
          1
          1
          1
          1
          1
          1
          1
          1
          1
          1
          1
          1
          1
          1
          1
          1
          1
          1
          1
          1
          1
          1
          1
          1
          1
          1
          1
          1
          1
          1
          1
          1
          1
          1
          1
          1
          1
          1
          1
          1
          1
          1
          1
          1
          1
          1
          1
          1
          1
          1
          1
          1
          1
          1
          1
          1
          1
          1
          1
          1
          1
          1
          1
          1
          1
          1
          1
          1
          1
          1
          1
          1
          1
          1
          1
          1
          1
          1
          1
          1
          1
          1
          1
          1
          1
          1
          1
          1
          1
          1
          1
          1
          1
          1
          1
          1
          1
          1
          1
          1
          1
          1
          1
          1
          1
          1
          1
          1
          1
          1
          1
          1
          1
          1
          1
          1
          1
          1
          1
          1
          1
          1
          1
          1
          1
          1
          1
          1
          1
          1
          1
          1
          1
          1
          1
          1
          1
          1
          1
          1
          1
          1
          1
          1
          1
          1
          1
          1
          1
          1
          1
          1
          1
          1
          1
          1
          1
          1
          1
          1
          1
          1
          1
          1
          1
          1
          1
          1
          1
          1
          1
          1
          1
          1
          1
          1
          1
          1
          1
          1
          1
          1
          1
          1
          1
          1
          1
          1
          1
          1
          1
          1
          1
          1
          1
          1
          1
          1
          1
          1
          1
          1
          1
          1
          1
          1
          1
          1
          1
          1
          1
          1
          1
          1
          1
          1
          1
          1
          1
          1
          1
          1
          1
          1
          1
          1
          1
          1
          1
          1
          1
          1
          1
          1
          1
          1
          1
          1
          1
          1
          1
          1
          1
          1
          1
          1
          1
          1
          1
          1
          1
          1
          1
          1
          1
          1
          1
          1
          1
          1
          1
          1
          1
          1
          1
          1
          1
          1
          1
          1
          1
          1
          1
          1
          1
          1
          1
          1
          1
          1
          1
          1
          1
          1
          1
          1
          1
          1
          1
          1
          1
          1
          1
          1
          1
          1
          1
          1
          1
          1
          1
          1
          1
          1
          1
          1
          1
          1
          1
          1
          1
          1
          1
          1
          1
          1
          1
          1
          1
          1
          1
          1
          1
          1
          1
          1
          1
          1
          1
          1
          1
          1
          1
          1
          1
          1
          1
          1
          1
          1
          1
          1
          1
          1
          1
          1
          1
          1
          1
          1
          1
          1
          1
          1
          1
          1
          1
          1
          1
          1
          1
          1
          1
          1
          1
          1
          1
          1
          1
          1
          1
          1
          1
          1
          1
          1
          1
          1
          1
          1
          1
          1
          1
          1
          1
          1
          1
          1
          1
          1
          1
          1
          1
          1
          1
          1
          1
          1
          1
          1
          1
          1
          1
          1
          1
          1
          1
          1
          1
          1
          1
          1
          1
          1
          1
          1
          1
          1
          1
          1
          1
          1
          1
          1
          1
          1
          1
          1
          1
          1
          1
          1
          1
          1
          1
          1
          1
          1
          1
          1
          1
          1
          1
          1
          1
          1
          1
          1
          1
          1
          1
          1
          1
          1
          1
          1
          1
          1
          1
          1
          1
          1
          1
          1
          1
          1
          1
          1
          1
          1
          1
          1
          1
          1
          1
          1
          1
          1
          1
          1
          1
          1
          1
          1
          1
          1
          1
          1
          1
          1
          1
          1
          1
          1
          1
          1
          1
          1
          1
          1
          1
          1
          1
          1
          1
          1
          1
          1
          1
          1
          1
          1
          1
          1
          1
          1
          1
          1
          1
          1
          1
          1
          1
          1
          1
          1
          1
          1
          1
          1
          1
          1
          1
          1
          1
          1
          1
          1
          1
          1
          1
          1
          1
          1
          1
          1
          1
          1
          1
          1
          1
          1
          1
          1
          1
          1
          1
          1
          1
          1
          1
          1
          1
          1
          1
          1
          1
          1
          1
          1
          1
          1
          1
          1
          1
          1
          1
          1
          1
          1
          1
          1
          1
          1
          1
          1
          1
          1
          1
          1
          1
          1
          1
          1
          1
          1
          1
          1
          1
          1
          1
          1
          1
          1
          1
          1
          1
          1
          1
          1
          1
          1
          1
          1
          1
          1
          1
          1
          1
          1
          1
          1
          1
          1
          1
          1
          1
          1
          1
          1
          1
          1
          1
          1
          1
          1
          1
          1
          1
          1
          1
          1
          1
          1
          1
          1
          1
          1
          1
          1
          1
          1
          1
          1
          1
          1
          1
          1
          1
          1
          1
          1
          1
          1
          1
          1
          1
          1
          1
          1
          1
          1
          1
          1
          1
          1
          1
          1
          1
          1
          1
          1
          1
          1
          1
          1
          1
          1
          1
          1
          1
          1
          1
          1
          1
          1
          1
          1
          1
          1
          1
          1
          1
          1
          1
          1
          1
          1
          1
          1
          1
          1
          1
          1
          1
          1
          1
          1
          1
          1
          1
          1
          1
          1
          1
          1
          1
          1
          1
          1
          1
          1
          1
          1
          1
          1
          1
          1
          1
          1
          1
          1
          1
          1
          1
          1
          1
          1
          1
          1
          1
          1
          1
          1
          1
          1
          1
          1
          1
          1
          1
          1
          1
          1
          1
          1
          1
          1
          1
          1
          1
          1
          1
          1
          1
          1
          1
          1
          1
          1
          1
          1
          1
          1
          1
          1
          1
          1
          1
          1
          1
          1
          1
          1
          1
          1
          1
          1
          1
          1
          1
          1
          1
          1
          1
          1
          1
          1
          1
          1
          1
          1
          1
          1
          1
          1
          1
          1
          1
          1
          1
          1
          1
          1
          1
          1
          1
          1
          1
          1
          1
          1
          1
          1
          1
          1
          1
          1
          1
          1
          1
          1
          1
          1
          1
          1
          1
          1
          1
          1
          1
          1
          1
          1
          1
          1
          1
          1
          1
          1
          1
          1
          1
          1
          1
          1
          1
          1
          1
          1
          1
          1
          1
          1
          1
          1
          1
          1
          1
          1
          1
          1
          1
          1
          1
          1
          1
          1
          1
          1
          1
          1
          1
          1
          1
          1
          1
          1
          1
          1
          1
          1
          1
          1
          1
          1
          1
          1
          1
          1
          1
          1
          1
          1
          1
          1
          1
          1
          1
          1
          1
          1
          1
          1
          1
          1
          1
          1
          1
          1
          1
          1
          1
          1
          1
          1
          1
          1
          1
          1
          1
          1
          1
          1
          1
          1
          1
          1
          1
          1
          1
          1
          1
          1
          1
          1
          1
          1
          1
          1
          1
          1
          1
          1
          1
          1
          1
          1
          1
          1
          1
          1
          1
          1
          1
          1
          1
          1
          1
          1
          1
          1
          1
          1
          1
          1
          1
          1
          1
          1
          1
          1
          1
          1
          1
          1
          1
          1
          1
          1
          1
          1
          1
          1
          1
          1
          1
          1
          1
          1
          1
          1
          1
          1
          1
          1
          1
          1
          1
          1
          1
          1
          1
          1
          1
          1
          1
          1
          1
          1
          1
          1
          1
          1
          1
          1
          1
          1
          1
          1
          1
          1
          1
          1
          1
          1
          1
          1
          1
          1
          1
          1
          1
          1
          1
          1
          1
          1
          1
          1
          1
          1
          1
          1
          1
          1
          1
          1
          1
          1
          1
          1
          1
          1
          1
          1
          1
          1
          1
          1
          1
          1
          1
          1
          1
          1
          1
          1
          1
          1
          1
          1
          1
          1
          1
          1
          1
          1
          1
          1
          1
          1
          1
          1
          1
          1
          1
          1
          1
          1
          1
          1
          1
          1
          1
          1
          1
          1
          1
          1
          1
          1
          1
          1
          1
          1
          1
          1
          1
          1
          1
          1
          1
          1
          1
          1
          1
          1
          1
          1
          1
          1
          1
          1
          1
          1
          1
          1
          1
          1
          1
          1
          1
          1
          1
          1
          1
          1
          1
          1
          1
          1
          1
          1
          1
          1
          1
          1
          1
          1
          1
          1
          1
          1
          1
          1
          1
          1
          1
          1
          1
          1
          1
          1
          1
          1
          1
          1
          1
          1
          1
          1
          1
          1
          1
          1
          1
          1
          1
          1
          1
          1
          1
          1
          1
          1
          1
          1
          1
          1
          1
          1
          1
          1
          1
          1
          1
          1
          1
          1
          1
          1
          1
          1
          1
          1
          1
          1
          1
          1
          1
          1
          1
          1
          1
          1
          1
          1
          1
          1
          1
          1
          1
          1
          1
          1
          1
          1
          1
          1
          1
          1
          1
          1
          1
          1
          1
          1
          1
          1
          1
          1
          1
          1
          1
          1
          1
          1
          1
          1
          1
          1
          1
          1
          1
          1
          1
          1
          1
          1
          1
          1
          1
          1
          1
          1
          1
          1
          1
          1
          1
          1
          1
          1
          1
          1
          1
          1
          1
          1
          1
          1
          1
          1
          1
          1
          1
          1
          1
          1
          1
          1
          1
          1
          1
          1
          1
          1
          1
          1
          1
          1
          1
          1
          1
          1
          1
          1
          1
          1
          1
          1
          1
          1
          1
          1
          1
          1
          1
          1
          1
          1
          1
          1
          1
          1
          1
          1
          1
          1
          1
          1
          1
          1
          1
          1
          1
          1
          1
          1
          1
          1
          1
          1
          1
          1
          1
          1
          1
          1
          1
          1
          1
          1
          1
          1
          1
          1
          1
          1
          1
          1
          1
          1
          1
          1
          1
          1
          1
          1
          1
          1
          1
          1
          1
          1
          1
          1
          1
          1
          1
          1
          1
          1
          1
          1
          1
          1
          1
          1
          1
          1
          1
          1
          1
          1
          1
          1
          1
          1
          1
          1
          1
          1
          1
          1
          1
          1
          1
          1
          1
          1
          1
          1
          1
          1
          1
          1
          1
          1
          1
          1
          1
          1
          1
          1
          1
          1
          1
          1
          1
          1
          1
          1
          1
          1
          1
          1
          1
          1
          1
          1
          1
          1
          1
          1
          1
          1
          1
          1
          1
          1
          1
          1
          1
          1
          1
          1
          1
          1
          1
          1
          1
          1
          1
          1
          1
          1
          1
          1
          1
          1
          1
          1
          1
          1
          1
          1
          1
          1
          1
          1
          1
          1
          1
          1
          1
          1
          1
          1
          1
          1
          1
          1
          1
          1
          1
          1
          1
          1
          1
          1
          1
          1
          1
          1
          1
          1
          1
          1
          1
          1
          1
          1
          1
          1
          1
          1
          1
          1
          1
          1
          1
          1
          1
          1
          1
          1
          1
          1
   0.999999
   0.999999
   0.999999
   0.999999
   0.999999
   0.999999
   0.999999
   0.999999
          1
          1
          1
          1
          1
          1
          1
          1
          1
          1
          1
          1
          1
          1
          1
          1
          1
          1
          1
          1
          1
          1
          1
          1
          1
          1
          1
          1
          1
          1
          1
          1
          1
          1
          1
          1
          1
          1
          1
          1
          1
          1
          1
          1
          1
          1
          1
          1
          1
          1
   0.999999
   0.999998
   0.999996
   0.999995
   0.999993
   0.999992
   0.999992
   0.999993
   0.999995
   0.999997
   0.999998
   0.999999
          1
          1
          1
          1
          1
          1
          1
          1
          1
          1
          1
          1
          1
          1
          1
          1
          1
          1
          1
          1
          1
          1
          1
          1
          1
          1
          1
          1
          1
          1
          1
          1
          1
          1
          1
          1
          1
          1
          1
          1
          1
          1
          1
          1
          1
          1
   0.999999
   0.999998
   0.999995
   0.999989
   0.999981
    0.99997
    0.99996
   0.999953
   0.999953
   0.999959
    0.99997
   0.999981
   0.999989
   0.999995
   0.999998
   0.999999
          1
          1
          1
          1
          1
          1
          1
          1
          1
          1
          1
          1
          1
          1
          1
          1
          1
          1
          1
          1
          1
          1
          1
          1
          1
          1
          1
          1
          1
          1
          1
          1
          1
          1
          1
          1
          1
          1
          1
          1
          1
          1
          1
   0.999999
   0.999996
   0.999989
   0.999974
   0.999947
   0.999902
   0.999849
    0.99979
    0.99976
   0.999757
   0.999792
   0.999846
   0.999903
   0.999946
   0.999974
   0.999989
   0.999996
   0.999999
          1
          1
          1
          1
          1
          1
          1
          1
          1
          1
          1
          1
          1
          1
          1
          1
          1
          1
          1
          1
          1
          1
          1
          1
          1
          1
          1
          1
          1
          1
          1
          1
          1
          1
          1
          1
          1
          1
          1
          1
          1
   0.999999
   0.999995
   0.999984
   0.999953
   0.999888
   0.999761
   0.999559
     0.9993
   0.999045
   0.998881
   0.998885
   0.999039
   0.999299
   0.999558
    0.99976
   0.999886
   0.999954
   0.999984
   0.999995
   0.999999
          1
          1
          1
          1
          1
          1
          1
          1
          1
          1
          1
          1
          1
          1
          1
          1
          1
          1
          1
          1
          1
          1
          1
          1
          1
          1
          1
          1
          1
          1
          1
          1
          1
          1
          1
          1
          1
          1
          1
   0.999999
   0.999995
   0.999981
   0.999939
   0.999826
   0.999563
   0.999063
   0.998249
   0.997219
   0.996161
   0.995518
   0.995487
   0.996166
   0.997204
   0.998245
   0.999061
   0.999561
   0.999824
   0.999939
   0.999981
   0.999995
   0.999999
          1
          1
          1
          1
          1
          1
          1
          1
          1
          1
          1
          1
          1
          1
          1
          1
          1
          1
          1
          1
          1
          1
          1
          1
          1
          1
          1
          1
          1
          1
          1
          1
          1
          1
          1
          1
          1
   0.999999
   0.999996
   0.999984
   0.999939
   0.999801
   0.999412
   0.998515
   0.996756
   0.993865
   0.990184
   0.986448
   0.984121
   0.984145
   0.986436
   0.990154
   0.993903
   0.996733
   0.998514
   0.999412
   0.999798
   0.999939
   0.999984
   0.999996
   0.999999
          1
          1
          1
          1
          1
          1
          1
          1
          1
          1
          1
          1
          1
          1
          1
          1
          1
          1
          1
          1
          1
          1
          1
          1
          1
          1
          1
          1
          1
          1
          1
          1
          1
          1
          1
          1
   0.999998
    0.99999
   0.999955
   0.999827
   0.999416
    0.99828
   0.995575
   0.990256
     0.9816
    0.97038
   0.959388
   0.952521
   0.952293
   0.959349
   0.970385
   0.981581
   0.990297
   0.995546
   0.998269
   0.999416
   0.999825
   0.999955
    0.99999
   0.999998
          1
          1
          1
          1
          1
          1
          1
          1
          1
          1
          1
          1
          1
          1
          1
          1
          1
          1
          1
          1
          1
          1
          1
          1
          1
          1
          1
          1
          1
          1
          1
          1
          1
          1
          1
   0.999999
   0.999995
   0.999975
   0.999892
   0.999571
   0.998537
   0.995587
   0.988648
   0.974806
   0.952661
   0.924916
   0.898089
   0.881865
   0.881901
   0.897873
   0.924889
   0.952782
   0.974799
   0.988633
   0.995582
   0.998529
   0.999569
    0.99989
   0.999975
   0.999995
   0.999999
          1
          1
          1
          1
          1
          1
          1
          1
          1
          1
          1
          1
          1
          1
          1
          1
          1
          1
          1
          1
          1
          1
          1
          1
          1
          1
          1
          1
          1
          1
          1
          1
          1
          1
   0.999998
   0.999989
   0.999949
    0.99977
   0.999076
    0.99681
   0.990343
   0.974894
   0.944833
   0.898873
   0.843552
   0.793743
   0.764631
   0.764635
   0.793694
   0.843328
   0.898603
   0.944901
   0.974795
   0.990305
   0.996789
   0.999073
   0.999769
   0.999949
   0.999989
   0.999998
          1
          1
          1
          1
          1
          1
          1
          1
          1
          1
          1
          1
          1
          1
          1
          1
          1
          1
          1
          1
          1
          1
          1
          1
          1
          1
          1
          1
          1
          1
          1
          1
          1
   0.999999
   0.999997
   0.999981
   0.999908
   0.999578
   0.998306
   0.994041
   0.981835
    0.95304
   0.899113
   0.819994
   0.734134
   0.662719
   0.623779
   0.623627
   0.662346
   0.733819
   0.820463
   0.899006
   0.953012
   0.981756
    0.99403
   0.998293
   0.999578
   0.999907
   0.999982
   0.999997
   0.999999
          1
          1
          1
          1
          1
          1
          1
          1
          1
          1
          1
          1
          1
          1
          1
          1
          1
          1
          1
          1
          1
          1
          1
          1
          1
          1
          1
          1
          1
          1
          1
          1
   0.999999
   0.999995
   0.999971
   0.999854
   0.999332
   0.997278
   0.990418
   0.970733
   0.925445
   0.843524
   0.734048
   0.623713
   0.541517
   0.498736
   0.498574
   0.541085
   0.624032
   0.733703
   0.843505
   0.925204
   0.970707
   0.990361
    0.99728
    0.99933
   0.999855
   0.999971
   0.999995
   0.999999
          1
          1
          1
          1
          1
          1
          1
          1
          1
          1
          1
          1
          1
          1
          1
          1
          1
          1
          1
          1
          1
          1
          1
          1
          1
          1
          1
          1
          1
          1
          1
          1
   0.999999
   0.999993
   0.999962
   0.999805
   0.999094
   0.996317
   0.986923
   0.960141
   0.899463
   0.794998
   0.663262
   0.542407
   0.456851
   0.414927
   0.414707
   0.456791
   0.542171
   0.663326
   0.794875
   0.899322
   0.959996
   0.986861
   0.996285
   0.999093
   0.999802
   0.999962
   0.999993
   0.999999
          1
          1
          1
          1
          1
          1
          1
          1
          1
          1
          1
          1
          1
          1
          1
          1
          1
          1
          1
          1
          1
          1
          1
          1
          1
          1
          1
          1
          1
          1
          1
          1
   0.999999
   0.999992
   0.999956
   0.999773
   0.998945
   0.995666
   0.984654
   0.953348
   0.883263
   0.765822
   0.624606
   0.499434
   0.415527
     0.3739
   0.374357
   0.414853
   0.499323
   0.624381
   0.766412
   0.883095
    0.95327
   0.984593
   0.995662
   0.998946
   0.999775
   0.999955
   0.999992
   0.999999
          1
          1
          1
          1
          1
          1
          1
          1
          1
          1
          1
          1
          1
          1
          1
          1
          1
          1
          1
          1
          1
          1
          1
          1
          1
          1
          1
          1
          1
          1
          1
          1
   0.999999
   0.999992
   0.999956
   0.999775
   0.998946
   0.995679
   0.984684
   0.953398
   0.883548
   0.766491
    0.62451
   0.500003
     0.4152
   0.374592
   0.374177
   0.415192
   0.499896
   0.624878
   0.766125
   0.883604
   0.953316
   0.984601
   0.995665
   0.998943
   0.999772
   0.999956
   0.999992
   0.999999
          1
          1
          1
          1
          1
          1
          1
          1
          1
          1
          1
          1
          1
          1
          1
          1
          1
          1
          1
          1
          1
          1
          1
          1
          1
          1
          1
          1
          1
          1
          1
          1
   0.999999
   0.999993
   0.999962
   0.999804
     0.9991
   0.996303
   0.986892
   0.960033
    0.89931
   0.794768
   0.663249
   0.541815
   0.456788
   0.414352
   0.414219
   0.456293
   0.541887
   0.663134
   0.794734
   0.899045
   0.959959
   0.986844
   0.996279
   0.999094
   0.999804
   0.999962
   0.999993
   0.999999
          1
          1
          1
          1
          1
          1
          1
          1
          1
          1
          1
          1
          1
          1
          1
          1
          1
          1
          1
          1
          1
          1
          1
          1
          1
          1
          1
          1
          1
          1
          1
          1
   0.999999
   0.999995
   0.999971
   0.999856
   0.999331
   0.997309
   0.990446
    0.97082
   0.925594
   0.844138
    0.73398
   0.624272
    0.54151
   0.498535
   0.498742
   0.541244
    0.62397
   0.734404
   0.843891
   0.925466
   0.970725
   0.990401
   0.997284
   0.999329
   0.999854
   0.999971
   0.999995
   0.999999
          1
          1
          1
          1
          1
          1
          1
          1
          1
          1
          1
          1
          1
          1
          1
          1
          1
          1
          1
          1
          1
          1
          1
          1
          1
          1
          1
          1
          1
          1
          1
          1
   0.999999
   0.999997
   0.999981
   0.999907
   0.999581
   0.998297
   0.994048
   0.981864
   0.953009
   0.898735
   0.820359
   0.733884
   0.662159
   0.623359
   0.622944
   0.662191
   0.733693
   0.819927
   0.898834
   0.952915
   0.981781
   0.994011
   0.998297
   0.999582
   0.999908
   0.999982
   0.999997
   0.999999
          1
          1
          1
          1
          1
          1
          1
          1
          1
          1
          1
          1
          1
          1
          1
          1
          1
          1
          1
          1
          1
          1
          1
          1
          1
          1
          1
          1
          1
          1
          1
          1
          1
   0.999998
    0.99999
   0.999949
   0.999771
   0.999087
   0.996833
   0.990394
   0.975027
   0.945006
   0.898775
   0.843579
   0.793918
   0.764837
   0.764714
   0.793403
   0.843424
   0.898856
   0.944987
   0.974941
   0.990309
   0.996818
   0.999082
    0.99977
   0.999949
    0.99999
   0.999998
          1
          1
          1
          1
          1
          1
          1
          1
          1
          1
          1
          1
          1
          1
          1
          1
          1
          1
          1
          1
          1
          1
          1
          1
          1
          1
          1
          1
          1
          1
          1
          1
          1
          1
   0.999999
   0.999995
   0.999975
   0.999891
    0.99957
   0.998542
   0.995612
   0.988621
   0.974813
   0.952666
   0.924802
   0.898233
   0.881814
   0.881763
   0.898063
   0.924722
    0.95267
    0.97483
   0.988578
     0.9956
   0.998534
    0.99957
   0.999892
   0.999975
   0.999995
   0.999999
          1
          1
          1
          1
          1
          1
          1
          1
          1
          1
          1
          1
          1
          1
          1
          1
          1
          1
          1
          1
          1
          1
          1
          1
          1
          1
          1
          1
          1
          1
          1
          1
          1
          1
          1
   0.999998
    0.99999
   0.999955
   0.999829
   0.999423
   0.998289
   0.995602
   0.990308
   0.981646
   0.970531
   0.959396
   0.952637
   0.952561
   0.959409
   0.970501
   0.981677
   0.990287
   0.995621
    0.99829
   0.999424
   0.999828
   0.999955
    0.99999
   0.999998
          1
          1
          1
          1
          1
          1
          1
          1
          1
          1
          1
          1
          1
          1
          1
          1
          1
          1
          1
          1
          1
          1
          1
          1
          1
          1
          1
          1
          1
          1
          1
          1
          1
          1
          1
          1
   0.999999
   0.999996
   0.999984
   0.999939
     0.9998
   0.999415
   0.998518
   0.996748
    0.99393
   0.990177
   0.986551
   0.984194
   0.984191
   0.986486
   0.990217
   0.993889
    0.99677
   0.998512
   0.999413
   0.999799
   0.999939
   0.999984
   0.999996
   0.999999
          1
          1
          1
          1
          1
          1
          1
          1
          1
          1
          1
          1
          1
          1
          1
          1
          1
          1
          1
          1
          1
          1
          1
          1
          1
          1
          1
          1
          1
          1
          1
          1
          1
          1
          1
          1
          1
   0.999999
   0.999995
   0.999981
    0.99994
   0.999826
   0.999567
   0.999072
   0.998252
   0.997233
    0.99618
   0.995534
   0.995524
   0.996173
   0.997226
   0.998266
    0.99907
   0.999567
   0.999827
    0.99994
   0.999981
   0.999995
   0.999999
          1
          1
          1
          1
          1
          1
          1
          1
          1
          1
          1
          1
          1
          1
          1
          1
          1
          1
          1
          1
          1
          1
          1
          1
          1
          1
          1
          1
          1
          1
          1
          1
          1
          1
          1
          1
          1
          1
          1
   0.999998
   0.999995
   0.999984
   0.999954
   0.999887
   0.999762
   0.999567
   0.999307
   0.999059
   0.998895
   0.998895
   0.999053
   0.999312
   0.999566
   0.999764
   0.999888
   0.999954
   0.999984
   0.999995
   0.999999
          1
          1
          1
          1
          1
          1
          1
          1
          1
          1
          1
          1
          1
          1
          1
          1
          1
          1
          1
          1
          1
          1
          1
          1
          1
          1
          1
          1
          1
          1
          1
          1
          1
          1
          1
          1
          1
          1
          1
          1
          1
   0.999999
   0.999996
   0.999989
   0.999975
   0.999947
   0.999903
   0.999848
   0.999793
   0.999761
    0.99976
   0.999793
   0.999849
   0.999903
   0.999947
   0.999974
   0.999989
   0.999996
   0.999999
          1
          1
          1
          1
          1
          1
          1
          1
          1
          1
          1
          1
          1
          1
          1
          1
          1
          1
          1
          1
          1
          1
          1
          1
          1
          1
          1
          1
          1
          1
          1
          1
          1
          1
          1
          1
          1
          1
          1
          1
          1
          1
          1
   0.999999
   0.999998
   0.999995
   0.999989
   0.999981
    0.99997
    0.99996
   0.999954
   0.999954
    0.99996
    0.99997
   0.999981
   0.999989
   0.999995
   0.999998
   0.999999
          1
          1
          1
          1
          1
          1
          1
          1
          1
          1
          1
          1
          1
          1
          1
          1
          1
          1
          1
          1
          1
          1
          1
          1
          1
          1
          1
          1
          1
          1
          1
          1
          1
          1
          1
          1
          1
          1
          1
          1
          1
          1
          1
          1
          1
          1
   0.999999
   0.999998
   0.999996
   0.999995
   0.999993
   0.999992
   0.999992
   0.999993
   0.999995
   0.999996
   0.999998
   0.999999
          1
          1
          1
          1
          1
          1
          1
          1
          1
          1
          1
          1
          1
          1
          1
          1
          1
          1
          1
          1
          1
          1
          1
          1
          1
          1
          1
          1
          1
          1
          1
          1
          1
          1
          1
          1
          1
          1
          1
          1
          1
          1
          1
          1
          1
          1
          1
          1
          1
          1
   0.999999
   0.999999
   0.999999
   0.999999
   0.999999
   0.999999
   0.999999
   0.999999
          1
          1
          1
          1
          1
          1
          1
          1
          1
          1
          1
          1
          1
          1
          1
          1
          1
          1
          1
          1
          1
          1
          1
          1
          1
          1
          1
          1
          1
          1
          1
          1
          1
          1
          1
          1
          1
          1
          1
          1
          1
          1
          1
          1
          1
          1
          1
          1
          1
          1
          1
          1
          1
          1
          1
          1
          1
          1
          1
          1
          1
          1
          1
          1
          1
          1
          1
          1
          1
          1
          1
          1
          1
          1
          1
          1
          1
          1
          1
          1
          1
          1
          1
          1
          1
          1
          1
          1
          1
          1
          1
          1
          1
          1
          1
          1
          1
          1
          1
          1
          1
          1
          1
          1
          1
          1
          1
          1
          1
          1
          1
          1
          1
          1
          1
          1
          1
          1
          1
          1
          1
          1
          1
          1
          1
          1
          1
          1
          1
          1
          1
          1
          1
          1
          1
          1
          1
          1
          1
          1
          1
          1
          1
          1
          1
          1
          1
          1
          1
          1
          1
          1
          1
          1
          1
          1
          1
          1
          1
          1
          1
          1
          1
          1
          1
          1
          1
          1
          1
          1
          1
          1
          1
          1
          1
          1
          1
          1
          1
          1
          1
          1
          1
          1
          1
          1
          1
          1
          1
          1
          1
          1
          1
          1
          1
          1
          1
          1
          1
          1
          1
          1
          1
          1
          1
          1
          1
          1
          1
          1
          1
          1
          1
          1
          1
          1
          1
          1
          1
          1
          1
          1
          1
          1
          1
          1
          1
          1
          1
          1
          1
          1
          1
          1
          1
          1
          1
          1
          1
          1
          1
          1
          1
          1
          1
          1
          1
          1
          1
          1
          1
          1
          1
          1
          1
          1
          1
          1
          1
          1
          1
          1
          1
          1
          1
          1
          1
          1
          1
          1
          1
          1
          1
          1
          1
          1
          1
          1
          1
          1
          1
          1
          1
          1
          1
          1
          1
          1
          1
          1
          1
          1
          1
          1
          1
          1
          1
          1
          1
          1
          1
          1
          1
          1
          1
          1
          1
          1
          1
          1
          1
          1
          1
          1
          1
          1
          1
          1
          1
          1
          1
          1
          1
          1
          1
          1
          1
          1
          1
          1
          1
          1
          1
          1
          1
          1
          1
          1
          1
          1
          1
          1
          1
          1
          1
          1
          1
          1
          1
          1
          1
          1
          1
          1
          1
          1
          1
          1
          1
          1
          1
          1
          1
          1
          1
          1
          1
          1
          1
          1
          1
          1
          1
          1
          1
          1
          1
          1
          1
          1
          1
          1
          1
          1
          1
          1
          1
          1
          1
          1
          1
          1
          1
          1
          1
          1
          1
          1
          1
          1
          1
          1
          1
          1
          1
          1
          1
          1
          1
          1
          1
          1
          1
          1
          1
          1
          1
          1
          1
          1
          1
          1
          1
          1
          1
          1
          1
          1
          1
          1
          1
          1
          1
          1
          1
          1
          1
          1
          1
          1
          1
          1
          1
          1
          1
          1
          1
          1
          1
          1
          1
          1
          1
          1
          1
          1
          1
          1
          1
          1
          1
          1
          1
          1
          1
          1
          1
          1
          1
          1
          1
          1
          1
          1
          1
          1
          1
          1
          1
          1
          1
          1
          1
          1
          1
          1
          1
          1
          1
          1
          1
          1
          1
          1
          1
          1
          1
          1
          1
          1
          1
          1
          1
          1
          1
          1
          1
          1
          1
          1
          1
          1
          1
          1
          1
          1
          1
          1
          1
          1
          1
          1
          1
          1
          1
          1
          1
          1
          1
          1
          1
          1
          1
          1
          1
          1
          1
          1
          1
          1
          1
          1
          1
          1
          1
          1
          1
          1
          1
          1
          1
          1
          1
          1
          1
          1
          1
          1
          1
          1
          1
          1
          1
          1
          1
          1
          1
          1
          1
          1
          1
          1
          1
          1
          1
          1
          1
          1
          1
          1
          1
          1
          1
          1
          1
          1
          1
          1
          1
          1
          1
          1
          1
          1
          1
          1
          1
          1
          1
          1
          1
          1
          1
          1
          1
          1
          1
          1
          1
          1
          1
          1
          1
          1
          1
          1
          1
          1
          1
          1
          1
          1
          1
          1
          1
          1
          1
          1
          1
          1
          1
          1
          1
          1
          1
          1
          1
          1
          1
          1
          1
          1
          1
          1
          1
          1
          1
          1
          1
          1
          1
          1
          1
          1
          1
          1
          1
          1
          1
          1
          1
          1
          1
          1
          1
          1
          1
          1
          1
          1
          1
          1
          1
          1
          1
          1
          1
          1
          1
          1
          1
          1
          1
          1
          1
          1
          1
          1
          1
          1
          1
          1
          1
          1
          1
          1
          1
          1
          1
          1
          1
          1
          1
          1
          1
          1
          1
          1
          1
          1
          1
          1
          1
          1
          1
          1
          1
          1
          1
          1
          1
          1
          1
          1
          1
          1
          1
          1
          1
          1
          1
          1
          1
          1
          1
          1
          1
          1
          1
          1
          1
          1
          1
          1
          1
          1
          1
          1
          1
          1
          1
          1
          1
          1
          1
          1
          1
          1
          1
          1
          1
          1
          1
          1
          1
          1
          1
          1
          1
          1
          1
          1
          1
          1
          1
          1
          1
          1
          1
          1
          1
          1
          1
          1
          1
          1
          1
          1
          1
          1
          1
          1
          1
          1
          1
          1
          1
          1
          1
          1
          1
          1
          1
          1
          1
          1
          1
          1
          1
          1
          1
          1
          1
          1
          1
          1
          1
          1
          1
          1
          1
          1
          1
          1
          1
          1
          1
          1
          1
          1
          1
          1
          1
          1
          1
          1
          1
          1
          1
          1
          1
          1
          1
          1
          1
          1
          1
          1
          1
          1
          1
          1
          1
          1
          1
          1
          1
          1
          1
          1
          1
          1
          1
          1
          1
          1
          1
          1
          1
          1
          1
          1
          1
          1
          1
          1
          1
          1
          1
          1
          1
          1
          1
          1
          1
          1
          1
          1
          1
          1
          1
          1
          1
          1
          1
          1
          1
          1
          1
          1
          1
          1
          1
          1
          1
          1
          1
          1
          1
          1
          1
          1
          1
          1
          1
          1
          1
          1
          1
          1
          1
          1
          1
          1
          1
          1
          1
          1
          1
          1
          1
          1
          1
          1
          1
          1
          1
          1
          1
          1
          1
          1
          1
          1
          1
          1
          1
          1
          1
          1
          1
          1
          1
          1
          1
          1
          1
          1
          1
          1
          1
          1
          1
          1
          1
          1
          1
          1
          1
          1
          1
          1
          1
          1
          1
          1
          1
          1
          1
          1
          1
          1
          1
          1
          1
          1
          1
          1
          1
          1
          1
          1
          1
          1
          1
          1
          1
          1
          1
          1
          1
          1
          1
          1
          1
          1
          1
          1
          1
          1
          1
          1
          1
          1
          1
          1
          1
          1
          1
          1
          1
          1
          1
          1
          1
          1
          1
          1
          1
          1
          1
          1
          1
          1
          1
          1
          1
          1
          1
          1
          1
          1
          1
          1
          1
          1
          1
          1
          1
          1
          1
          1
          1
          1
          1
          1
          1
          1
          1
          1
          1
          1
          1
          1
          1
          1
          1
          1
          1
          1
          1
          1
          1
          1
          1
          1
          1
          1
          1
          1
          1
          1
          1
          1
          1
          1
          1
          1
          1
          1
          1
          1
          1
          1
          1
          1
          1
          1
          1
          1
          1
          1
          1
          1
          1
          1
          1
          1
          1
          1
          1
          1
          1
          1
          1
          1
          1
          1
          1
          1
          1
          1
          1
          1
          1
          1
          1
          1
          1
          1
          1
          1
          1
          1
          1
          1
          1
          1
          1
          1
          1
          1
          1
          1
          1
          1
          1
          1
          1
          1
          1
          1
          1
          1
          1
          1
          1
          1
          1
          1
          1
          1
          1
          1
          1
          1
          1
          1
          1
          1
          1
          1
          1
          1
          1
          1
          1
          1
          1
          1
          1
          1
          1
          1
          1
          1
          1
          1
          1
          1
          1
          1
          1
          1
          1
          1
          1
          1
          1
          1
          1
          1
          1
          1
          1
          1
          1
          1
          1
          1
          1
          1
          1
          1
          1
          1
          1
          1
          1
          1
          1
          1
          1
          1
          1
          1
          1
          1
          1
          1
          1
          1
          1
          1
          1
          1
          1
          1
          1
          1
          1
          1
          1
          1
          1
          1
          1
          1
          1
          1
          1
          1
          1
          1
          1
          1
          1
          1
          1
          1
          1
          1
          1
          1
          1
          1
          1
          1
          1
          1
          1
          1
          1
          1
          1
          1
          1
          1
          1
          1
          1
          1
          1
          1
          1
          1
          1
          1
          1
          1
          1
          1
          1
          1
          1
          1
          1
          1
          1
          1
          1
          1
          1
          1
          1
          1
          1
          1
          1
          1
          1
          1
          1
          1
          1
          1
          1
          1
          1
          1
          1
          1
          1
          1
          1
          1
          1
          1
          1
          1
          1
          1
          1
          1
          1
          1
          1
          1
          1
          1
          1
          1
          1
          1
          1
          1
          1
          1
          1
          1
          1
          1
          1
          1
          1
          1
          1
          1
          1
          1
          1
          1
          1
          1
          1
          1
          1
          1
          1
          1
          1
          1
          1
          1
          1
          1
          1
          1
          1
          1
          1
          1
          1
          1
          1
          1
          1
          1
          1
          1
          1
          1
          1
          1
          1
          1
          1
          1
          1
          1
          1
          1
          1
          1
          1
          1
          1
          1
          1
          1
          1
          1
          1
          1
          1
          1
          1
          1
          1
          1
          1
          1
          1
          1
          1
          1
          1
          1
          1
          1
          1
          1
          1
          1
          1
          1
          1
          1
          1
          1
          1
          1
          1
          1
          1
          1
          1
          1
          1
          1
          1
          1
          1
          1
          1
          1
          1
          1
          1
          1
          1
          1
          1
          1
          1
          1
          1
          1
          1
          1
          1
          1
          1
          1
          1
          1
          1
          1
          1
          1
          1
          1
          1
          1
          1
          1
          1
          1
          1
          1
          1
          1
          1
          1
          1
          1
          1
          1
          1
          1
          1
          1
          1
          1
          1
          1
          1
          1
          1
          1
          1
          1
          1
          1
          1
          1
          1
          1
          1
          1
          1
          1
          1
          1
          1
          1
          1
          1
          1
          1
          1
          1
          1
          1
          1
          1
          1
          1
          1
          1
          1
          1
          1
          1
          1
          1
          1
          1
          1
          1
          1
          1
          1
          1
          1
          1
          1
          1
          1
          1
          1
          1
          1
          1
          1
          1
          1
          1
          1
          1
          1
          1
          1
          1
          1
          1
          1
          1
          1
          1
          1
          1
          1
          1
          1
          1
          1
          1
          1
          1
          1
          1
          1
          1
          1
          1
          1
          1
          1
          1
          1
          1
          1
          1
          1
          1
          1
          1
          1
          1
          1
          1
          1
          1
          1
          1
          1
          1
          1
          1
          1
          1
          1
          1
          1
          1
          1
          1
          1
          1
          1
          1
          1
          1
          1
          1
          1
          1
          1
          1
          1
          1
          1
          1
          1
          1
          1
          1
          1
          1
          1
          1
          1
          1
          1
          1
          1
          1
          1
          1
          1
          1
          1
          1
          1
          1
          1
          1
          1
          1
          1
          1
          1
          1
          1
          1
          1
          1
          1
          1
          1
          1
          1
          1
          1
          1
          1
          1
          1
          1
          1
          1
          1
          1
          1
          1
          1
          1
          1
          1
          1
          1
          1
          1
          1
          1
          1
          1
          1
          1
          1
          1
          1
          1
          1
          1
          1
          1
          1
          1
          1
          1
          1
          1
          1
          1
          1
          1
          1
          1
          1
          1
          1
          1
          1
          1
          1
          1
          1
          1
          1
          1
          1
          1
          1
          1
          1
          1
          1
          1
          1
          1
          1
          1
          1
          1
          1
          1
          1
          1
          1
          1
          1
          1
          1
          1
          1
          1
          1
          1
          1
          1
          1
          1
          1
          1
          1
          1
          1
          1
          1
          1
          1
          1
          1
          1
          1
          1
          1
          1
          1
          1
          1
          1
          1
          1
          1
          1
          1
          1
          1
          1
          1
          1
          1
          1
          1
          1
          1
          1
          1
          1
          1
          1
          1
          1
          1
          1
          1
          1
          1
          1
          1
          1
          1
          1
          1
          1
          1
          1
          1
          1
          1
          1
          1
          1
          1
          1
          1
          1
          1
          1
          1
          1
          1
          1
          1
          1
          1
          1
          1
          1
          1
          1
          1
          1
          1
          1
          1
          1
          1
          1
          1
          1
          1
          1
          1
          1
          1
          1
          1
          1
          1
          1
          1
          1
          1
          1
          1
          1
          1
          1
          1
          1
          1
          1
          1
          1
          1
          1
          1
          1
          1
          1
          1
          1
          1
          1
          1
          1
          1
          1
          1
          1
          1
          1
          1
          1
          1
          1
          1
          1
          1
          1
          1
          1
          1
          1
          1
          1
          1
          1
          1
          1
          1
          1
          1
          1
          1
          1
          1
          1
          1
          1
          1
          1
          1
          1
          1
          1
          1
          1
          1
          1
          1
          1
          1
          1
          1
          1
          1
          1
          1
          1
          1
          1
          1
          1
          1
          1
          1
          1
          1
          1
          1
          1
          1
          1
          1
          1
          1
          1
          1
          1
          1
          1
          1
          1
          1
          1
          1
          1
          1
          1
          1
          1
          1
          1
          1
          1
          1
          1
          1
          1
          1
          1
          1
          1
          1
          1
          1
          1
          1
          1
          1
          1
          1
          1
          1
          1
          1
          1
          1
          1
          1
          1
          1
          1
          1
          1
          1
          1
          1
          1
          1
          1
          1
          1
          1
          1
          1
          1
          1
          1
          1
   0.999999
   0.999999
          1
          1
          1
          1
          1
          1
          1
          1
          1
          1
          1
          1
          1
          1
          1
          1
          1
          1
          1
          1
          1
          1
          1
          1
          1
          1
          1
          1
          1
          1
          1
          1
          1
          1
          1
          1
          1
          1
          1
          1
          1
          1
          1
          1
          1
          1
          1
          1
          1
          1
          1
          1
          1
          1
   0.999999
   0.999999
   0.999998
   0.999998
   0.999997
   0.999997
   0.999998
   0.999998
   0.999999
   0.999999
          1
          1
          1
          1
          1
          1
          1
          1
          1
          1
          1
          1
          1
          1
          1
          1
          1
          1
          1
          1
          1
          1
          1
          1
          1
          1
          1
          1
          1
          1
          1
          1
          1
          1
          1
          1
          1
          1
          1
          1
          1
          1
          1
          1
          1
          1
          1
          1
   0.999999
   0.999998
   0.999997
   0.999995
   0.999992
   0.999989
   0.999987
   0.999988
   0.999989
   0.999992
   0.999995
   0.999997
   0.999998
   0.999999
          1
          1
          1
          1
          1
          1
          1
          1
          1
          1
          1
          1
          1
          1
          1
          1
          1
          1
          1
          1
          1
          1
          1
          1
          1
          1
          1
          1
          1
          1
          1
          1
          1
          1
          1
          1
          1
          1
          1
          1
          1
          1
          1
          1
          1
   0.999999
   0.999997
   0.999994
   0.999987
   0.999978
   0.999966
   0.999954
   0.999946
   0.999946
   0.999953
   0.999965
   0.999978
   0.999988
   0.999994
   0.999997
   0.999999
          1
          1
          1
          1
          1
          1
          1
          1
          1
          1
          1
          1
          1
          1
          1
          1
          1
          1
          1
          1
          1
          1
          1
          1
          1
          1
          1
          1
          1
          1
          1
          1
          1
          1
          1
          1
          1
          1
          1
          1
          1
          1
          1
   0.999999
   0.999996
    0.99999
   0.999977
   0.999953
   0.999916
   0.999868
   0.999822
   0.999791
   0.999792
   0.999821
   0.999867
   0.999916
   0.999953
   0.999978
   0.999991
   0.999997
   0.999999
          1
          1
          1
          1
          1
          1
          1
          1
          1
          1
          1
          1
          1
          1
          1
          1
          1
          1
          1
          1
          1
          1
          1
          1
          1
          1
          1
          1
          1
          1
          1
          1
          1
          1
          1
          1
          1
          1
          1
          1
          1
   0.999999
   0.999997
   0.999989
    0.99997
   0.999927
   0.999847
   0.999722
   0.999557
   0.999396
   0.999296
   0.999293
   0.999398
   0.999556
   0.999721
   0.999849
   0.999927
    0.99997
   0.999989
   0.999997
   0.999999
          1
          1
          1
          1
          1
          1
          1
          1
          1
          1
          1
          1
          1
          1
          1
          1
          1
          1
          1
          1
          1
          1
          1
          1
          1
          1
          1
          1
          1
          1
          1
          1
          1
          1
          1
          1
          1
          1
          1
   0.999999
   0.999997
   0.999991
    0.99997
   0.999916
   0.999793
   0.999557
   0.999179
   0.998697
   0.998218
   0.997906
   0.997917
   0.998215
   0.998691
   0.999181
   0.999555
   0.999794
   0.999916
    0.99997
   0.999991
   0.999997
   0.999999
          1
          1
          1
          1
          1
          1
          1
          1
          1
          1
          1
          1
          1
          1
          1
          1
          1
          1
          1
          1
          1
          1
          1
          1
          1
          1
          1
          1
          1
          1
          1
          1
          1
          1
          1
          1
          1
          1
   0.999998
   0.999994
   0.999978
   0.999927
   0.999794
   0.999479
   0.998881
   0.997924
   0.996677
   0.995462
   0.994662
   0.994647
   0.995477
   0.996664
   0.997918
   0.998885
    0.99948
   0.999793
   0.999927
   0.999978
   0.999994
   0.999998
          1
          1
          1
          1
          1
          1
          1
          1
          1
          1
          1
          1
          1
          1
          1
          1
          1
          1
          1
          1
          1
          1
          1
          1
          1
          1
          1
          1
          1
          1
          1
          1
          1
          1
          1
          1
          1
   0.999999
   0.999997
   0.999987
   0.999954
   0.999847
   0.999555
   0.998875
   0.997563
   0.995415
   0.992684
   0.989971
   0.988246
   0.988236
   0.989948
   0.992674
   0.995429
   0.997561
    0.99888
   0.999555
   0.999847
   0.999954
   0.999987
   0.999997
   0.999999
          1
          1
          1
          1
          1
          1
          1
          1
          1
          1
          1
          1
          1
          1
          1
          1
          1
          1
          1
          1
          1
          1
          1
          1
          1
          1
          1
          1
          1
          1
          1
          1
          1
          1
          1
          1
   0.999999
   0.999994
   0.999978
   0.999916
    0.99972
    0.99918
   0.997919
   0.995407
   0.991479
   0.986257
    0.98113
   0.977931
   0.977921
   0.981178
   0.986237
   0.991446
    0.99544
   0.997917
    0.99918
    0.99972
   0.999916
   0.999978
   0.999995
   0.999999
          1
          1
          1
          1
          1
          1
          1
          1
          1
          1
          1
          1
          1
          1
          1
          1
          1
          1
          1
          1
          1
          1
          1
          1
          1
          1
          1
          1
          1
          1
          1
          1
          1
          1
          1
          1
   0.999998
   0.999992
   0.999965
    0.99987
   0.999559
   0.998707
   0.996676
    0.99272
   0.986251
   0.978014
   0.969712
   0.964448
   0.964584
   0.969745
   0.977917
   0.986297
    0.99276
   0.996687
   0.998704
    0.99956
    0.99987
   0.999966
   0.999992
   0.999998
          1
          1
          1
          1
          1
          1
          1
          1
          1
          1
          1
          1
          1
          1
          1
          1
          1
          1
          1
          1
          1
          1
          1
          1
          1
          1
          1
          1
          1
          1
          1
          1
          1
          1
          1
          1
   0.999998
   0.999989
   0.999954
   0.999823
   0.999401
   0.998236
   0.995489
   0.990024
   0.981239
   0.969812
   0.958719
   0.951625
   0.951573
   0.958705
   0.969787
   0.981305
   0.990057
    0.99549
   0.998237
   0.999402
   0.999824
   0.999954
   0.999989
   0.999998
          1
          1
          1
          1
          1
          1
          1
          1
          1
          1
          1
          1
          1
          1
          1
          1
          1
          1
          1
          1
          1
          1
          1
          1
          1
          1
          1
          1
          1
          1
          1
          1
          1
          1
          1
   0.999999
   0.999997
   0.999987
   0.999946
   0.999795
   0.999302
   0.997934
     0.9947
   0.988347
   0.978007
   0.964623
   0.951529
   0.943542
   0.943406
   0.951555
   0.964678
   0.978035
   0.988329
   0.994703
   0.997939
   0.999302
   0.999795
   0.999946
   0.999987
   0.999997
   0.999999
          1
          1
          1
          1
          1
          1
          1
          1
          1
          1
          1
          1
          1
          1
          1
          1
          1
          1
          1
          1
          1
          1
          1
          1
          1
          1
          1
          1
          1
          1
          1
          1
          1
          1
   0.999999
   0.999997
   0.999987
   0.999947
   0.999793
     0.9993
   0.997935
   0.994696
   0.988294
   0.978071
   0.964713
     0.9516
   0.943378
    0.94362
   0.951686
   0.964533
   0.978038
   0.988387
   0.994689
   0.997933
   0.999305
   0.999794
   0.999946
   0.999987
   0.999997
          1
          1
          1
          1
          1
          1
          1
          1
          1
          1
          1
          1
          1
          1
          1
          1
          1
          1
          1
          1
          1
          1
          1
          1
          1
          1
          1
          1
          1
          1
          1
          1
          1
          1
          1
          1
   0.999998
   0.999989
   0.999953
   0.999824
     0.9994
   0.998239
    0.99548
   0.990023
   0.981172
   0.969804
   0.958597
    0.95149
   0.951601
   0.958631
   0.969728
   0.981223
   0.990056
    0.99549
   0.998239
     0.9994
   0.999825
   0.999954
   0.999989
   0.999998
          1
          1
          1
          1
          1
          1
          1
          1
          1
          1
          1
          1
          1
          1
          1
          1
          1
          1
          1
          1
          1
          1
          1
          1
          1
          1
          1
          1
          1
          1
          1
          1
          1
          1
          1
          1
   0.999998
   0.999992
   0.999966
   0.999868
   0.999559
   0.998703
   0.996688
   0.992695
   0.986303
   0.977944
    0.96974
   0.964628
   0.964468
   0.969737
   0.977983
   0.986275
   0.992728
   0.996683
   0.998704
   0.999559
   0.999869
   0.999966
   0.999992
   0.999998
          1
          1
          1
          1
          1
          1
          1
          1
          1
          1
          1
          1
          1
          1
          1
          1
          1
          1
          1
          1
          1
          1
          1
          1
          1
          1
          1
          1
          1
          1
          1
          1
          1
          1
          1
          1
   0.999999
   0.999995
   0.999978
   0.999917
    0.99972
   0.999182
   0.997916
   0.995452
   0.991425
   0.986256
   0.981171
   0.977903
   0.977976
   0.981135
   0.986224
   0.991469
   0.995447
   0.997917
    0.99918
   0.999721
   0.999916
   0.999977
   0.999994
   0.999999
          1
          1
          1
          1
          1
          1
          1
          1
          1
          1
          1
          1
          1
          1
          1
          1
          1
          1
          1
          1
          1
          1
          1
          1
          1
          1
          1
          1
          1
          1
          1
          1
          1
          1
          1
          1
   0.999999
   0.999997
   0.999987
   0.999953
   0.999846
   0.999554
   0.998879
   0.997552
   0.995443
   0.992709
   0.989982
   0.988231
   0.988276
    0.99002
   0.992689
   0.995434
   0.997565
   0.998878
   0.999558
   0.999846
   0.999953
   0.999987
   0.999997
   0.999999
          1
          1
          1
          1
          1
          1
          1
          1
          1
          1
          1
          1
          1
          1
          1
          1
          1
          1
          1
          1
          1
          1
          1
          1
          1
          1
          1
          1
          1
          1
          1
          1
          1
          1
          1
          1
          1
   0.999998
   0.999994
   0.999978
   0.999927
   0.999792
   0.999478
   0.998883
   0.997912
   0.996673
    0.99544
    0.99465
   0.994652
   0.995449
   0.996669
   0.997916
    0.99888
   0.999483
   0.999792
   0.999927
   0.999977
   0.999994
   0.999998
          1
          1
          1
          1
          1
          1
          1
          1
          1
          1
          1
          1
          1
          1
          1
          1
          1
          1
          1
          1
          1
          1
          1
          1
          1
          1
          1
          1
          1
          1
          1
          1
          1
          1
          1
          1
          1
          1
   0.999999
   0.999997
    0.99999
    0.99997
   0.999916
   0.999792
   0.999554
   0.999184
   0.998692
   0.998224
   0.997908
   0.997914
   0.998221
   0.998691
   0.999181
   0.999559
   0.999791
   0.999916
    0.99997
   0.999991
   0.999997
   0.999999
          1
          1
          1
          1
          1
          1
          1
          1
          1
          1
          1
          1
          1
          1
          1
          1
          1
          1
          1
          1
          1
          1
          1
          1
          1
          1
          1
          1
          1
          1
          1
          1
          1
          1
          1
          1
          1
          1
          1
   0.999999
   0.999997
   0.999989
    0.99997
   0.999927
   0.999847
   0.999717
   0.999558
   0.999391
   0.999293
   0.999292
   0.999395
   0.999554
   0.999721
   0.999846
   0.999927
    0.99997
   0.999989
   0.999997
   0.999999
          1
          1
          1
          1
          1
          1
          1
          1
          1
          1
          1
          1
          1
          1
          1
          1
          1
          1
          1
          1
          1
          1
          1
          1
          1
          1
          1
          1
          1
          1
          1
          1
          1
          1
          1
          1
          1
          1
          1
          1
          1
   0.999999
   0.999996
    0.99999
   0.999977
   0.999953
   0.999916
   0.999867
   0.999822
   0.999791
   0.999791
   0.999821
   0.999867
   0.999916
   0.999953
   0.999977
    0.99999
   0.999997
   0.999999
          1
          1
          1
          1
          1
          1
          1
          1
          1
          1
          1
          1
          1
          1
          1
          1
          1
          1
          1
          1
          1
          1
          1
          1
          1
          1
          1
          1
          1
          1
          1
          1
          1
          1
          1
          1
          1
          1
          1
          1
          1
          1
          1
   0.999999
   0.999997
   0.999994
   0.999987
   0.999977
   0.999965
   0.999953
   0.999945
   0.999945
   0.999953
   0.999965
   0.999977
   0.999987
   0.999994
   0.999997
   0.999999
          1
          1
          1
          1
          1
          1
          1
          1
          1
          1
          1
          1
          1
          1
          1
          1
          1
          1
          1
          1
          1
          1
          1
          1
          1
          1
          1
          1
          1
          1
          1
          1
          1
          1
          1
          1
          1
          1
          1
          1
          1
          1
          1
          1
          1
   0.999999
   0.999998
   0.999997
   0.999995
   0.999992
   0.999989
   0.999987
   0.999987
   0.999989
   0.999992
   0.999995
   0.999997
   0.999998
   0.999999
          1
          1
          1
          1
          1
          1
          1
          1
          1
          1
          1
          1
          1
          1
          1
          1
          1
          1
          1
          1
          1
          1
          1
          1
          1
          1
          1
          1
          1
          1
          1
          1
          1
          1
          1
          1
          1
          1
          1
          1
          1
          1
          1
          1
          1
          1
          1
          1
   0.999999
   0.999999
   0.999998
   0.999998
   0.999997
   0.999997
   0.999998
   0.999998
   0.999999
   0.999999
          1
          1
          1
          1
          1
          1
          1
          1
          1
          1
          1
          1
          1
          1
          1
          1
          1
          1
          1
          1
          1
          1
          1
          1
          1
          1
          1
          1
          1
          1
          1
          1
          1
          1
          1
          1
          1
          1
          1
          1
          1
          1
          1
          1
          1
          1
          1
          1
          1
          1
          1
          1
          1
          1
   0.999999
   0.999999
          1
          1
          1
          1
          1
          1
          1
          1
          1
          1
          1
          1
          1
          1
          1
          1
          1
          1
          1
          1
          1
          1
          1
          1
          1
          1
          1
          1
          1
          1
          1
          1
          1
          1
          1
          1
          1
          1
          1
          1
          1
          1
          1
          1
          1
          1
          1
          1
          1
          1
          1
          1
          1
          1
          1
          1
          1
          1
          1
          1
          1
          1
          1
          1
          1
          1
          1
          1
          1
          1
          1
          1
          1
          1
          1
          1
          1
          1
          1
          1
          1
          1
          1
          1
          1
          1
          1
          1
          1
          1
          1
          1
          1
          1
          1
          1
          1
          1
          1
          1
          1
          1
          1
          1
          1
          1
          1
          1
          1
          1
          1
          1
          1
          1
          1
          1
          1
          1
          1
          1
          1
          1
          1
          1
          1
          1
          1
          1
          1
          1
          1
          1
          1
          1
          1
          1
          1
          1
          1
          1
          1
          1
          1
          1
          1
          1
          1
          1
          1
          1
          1
          1
          1
          1
          1
          1
          1
          1
          1
          1
          1
          1
          1
          1
          1
          1
          1
          1
          1
          1
          1
          1
          1
          1
          1
          1
          1
          1
          1
          1
          1
          1
          1
          1
          1
          1
          1
          1
          1
          1
          1
          1
          1
          1
          1
          1
          1
          1
          1
          1
          1
          1
          1
          1
          1
          1
          1
          1
          1
          1
          1
          1
          1
          1
          1
          1
          1
          1
          1
          1
          1
          1
          1
          1
          1
          1
          1
          1
          1
          1
          1
          1
          1
          1
          1
          1
          1
          1
          1
          1
          1
          1
          1
          1
          1
          1
          1
          1
          1
          1
          1
          1
          1
          1
          1
          1
          1
          1
          1
          1
          1
          1
          1
          1
          1
          1
          1
          1
          1
          1
          1
          1
          1
          1
          1
          1
          1
          1
          1
          1
          1
          1
          1
          1
          1
          1
          1
          1
          1
          1
          1
          1
          1
          1
          1
          1
          1
          1
          1
          1
          1
          1
          1
          1
          1
          1
          1
          1
          1
          1
          1
          1
          1
          1
          1
          1
          1
          1
          1
          1
          1
          1
          1
          1
          1
          1
          1
          1
          1
          1
          1
          1
          1
          1
          1
          1
          1
          1
          1
          1
          1
          1
          1
          1
          1
          1
          1
          1
          1
          1
          1
          1
          1
          1
          1
          1
          1
          1
          1
          1
          1
          1
          1
          1
          1
          1
          1
          1
          1
          1
          1
          1
          1
          1
          1
          1
          1
          1
          1
          1
          1
          1
          1
          1
          1
          1
          1
          1
          1
          1
          1
          1
          1
          1
          1
          1
          1
          1
          1
          1
          1
          1
          1
          1
          1
          1
          1
          1
          1
          1
          1
          1
          1
          1
          1
          1
          1
          1
          1
          1
          1
          1
          1
          1
          1
          1
          1
          1
          1
          1
          1
          1
          1
          1
          1
          1
          1
          1
          1
          1
          1
          1
          1
          1
          1
          1
          1
          1
          1
          1
          1
          1
          1
          1
          1
          1
          1
          1
          1
          1
          1
          1
          1
          1
          1
          1
          1
          1
          1
          1
          1
          1
          1
          1
          1
          1
          1
          1
          1
          1
          1
          1
          1
          1
          1
          1
          1
          1
          1
          1
          1
          1
          1
          1
          1
          1
          1
          1
          1
          1
          1
          1
          1
          1
          1
          1
          1
          1
          1
          1
          1
          1
          1
          1
          1
          1
          1
          1
          1
          1
          1
          1
          1
          1
          1
          1
          1
          1
          1
          1
          1
          1
          1
          1
          1
          1
          1
          1
          1
          1
          1
          1
          1
          1
          1
          1
          1
          1
          1
          1
          1
          1
          1
          1
          1
          1
          1
          1
          1
          1
          1
          1
          1
          1
          1
          1
          1
          1
          1
          1
          1
          1
          1
          1
          1
          1
          1
          1
          1
          1
          1
          1
          1
          1
          1
          1
          1
          1
          1
          1
          1
          1
          1
          1
          1
          1
          1
          1
          1
          1
          1
          1
          1
          1
          1
          1
          1
          1
          1
          1
          1
          1
          1
          1
          1
          1
          1
          1
          1
          1
          1
          1
          1
          1
          1
          1
          1
          1
          1
          1
          1
          1
          1
          1
          1
          1
          1
          1
          1
          1
          1
          1
          1
          1
          1
          1
          1
          1
          1
          1
          1
          1
          1
          1
          1
          1
          1
          1
          1
          1
          1
          1
          1
          1
          1
          1
          1
          1
          1
          1
          1
          1
          1
          1
          1
          1
          1
          1
          1
          1
          1
          1
          1
          1
          1
          1
          1
          1
          1
          1
          1
          1
          1
          1
          1
          1
          1
          1
          1
          1
          1
          1
          1
          1
          1
          1
          1
          1
          1
          1
          1
          1
          1
          1
          1
          1
          1
          1
          1
          1
          1
          1
          1
          1
          1
          1
          1
          1
          1
          1
          1
          1
          1
          1
          1
          1
          1
          1
          1
          1
          1
          1
          1
          1
          1
          1
          1
          1
          1
          1
          1
          1
          1
          1
          1
          1
          1
          1
          1
          1
          1
          1
          1
          1
          1
          1
          1
          1
          1
          1
          1
          1
          1
          1
          1
          1
          1
          1
          1
          1
          1
          1
          1
          1
          1
          1
          1
          1
          1
          1
          1
          1
          1
          1
          1
          1
          1
          1
          1
          1
          1
          1
          1
          1
          1
          1
          1
          1
          1
          1
          1
          1
          1
          1
          1
          1
          1
          1
          1
          1
          1
          1
          1
          1
          1
          1
          1
          1
          1
          1
          1
          1
          1
          1
          1
          1
          1
          1
          1
          1
          1
          1
          1
          1
          1
          1
          1
          1
          1
          1
          1
          1
          1
          1
          1
          1
          1
          1
          1
          1
          1
          1
          1
          1
          1
          1
          1
          1
          1
          1
          1
          1
          1
          1
          1
          1
          1
          1
          1
          1
          1
          1
          1
          1
          1
          1
          1
          1
          1
          1
          1
          1
          1
          1
          1
          1
          1
          1
          1
          1
          1
          1
          1
          1
          1
          1
          1
          1
          1
          1
          1
          1
          1
          1
          1
          1
          1
          1
          1
          1
          1
          1
          1
          1
          1
          1
          1
          1
          1
          1
          1
          1
          1
          1
          1
          1
          1
          1
          1
          1
          1
          1
          1
          1
          1
          1
          1
          1
          1
          1
          1
          1
          1
          1
          1
          1
          1
          1
          1
          1
          1
          1
          1
          1
          1
          1
          1
          1
          1
          1
          1
          1
          1
          1
          1
          1
          1
          1
          1
          1
          1
          1
          1
          1
          1
          1
          1
          1
          1
          1
          1
          1
          1
          1
          1
          1
          1
          1
          1
          1
          1
          1
          1
          1
          1
          1
          1
          1
          1
          1
          1
          1
          1
          1
          1
          1
          1
          1
          1
          1
          1
          1
          1
          1
          1
          1
          1
          1
          1
          1
          1
          1
          1
          1
          1
          1
          1
          1
          1
          1
          1
          1
          1
          1
          1
          1
          1
          1
          1
          1
          1
          1
          1
          1
          1
          1
          1
          1
          1
          1
          1
          1
          1
          1
          1
          1
          1
          1
          1
          1
          1
          1
          1
          1
          1
          1
          1
          1
          1
          1
          1
          1
          1
          1
          1
          1
          1
          1
          1
          1
          1
          1
          1
          1
          1
          1
          1
          1
          1
          1
          1
          1
          1
          1
          1
          1
          1
          1
          1
          1
          1
          1
          1
          1
          1
          1
          1
          1
          1
          1
          1
          1
          1
          1
          1
          1
          1
          1
          1
          1
          1
          1
          1
          1
          1
          1
          1
          1
          1
          1
          1
          1
          1
          1
          1
          1
          1
          1
          1
          1
          1
          1
          1
          1
          1
          1
          1
          1
          1
          1
          1
          1
          1
          1
          1
          1
          1
          1
          1
          1
          1
          1
          1
          1
          1
          1
          1
          1
          1
          1
          1
          1
          1
          1
          1
          1
          1
          1
          1
          1
          1
          1
          1
          1
          1
          1
          1
          1
          1
          1
          1
          1
          1
          1
          1
          1
          1
          1
          1
          1
          1
          1
          1
          1
          1
          1
          1
          1
          1
          1
          1
          1
          1
          1
          1
          1
          1
          1
          1
          1
          1
          1
          1
          1
          1
          1
          1
          1
          1
          1
          1
          1
          1
          1
          1
          1
          1
          1
          1
          1
          1
          1
          1
          1
          1
          1
          1
          1
          1
          1
          1
          1
          1
          1
          1
          1
          1
          1
          1
          1
          1
          1
          1
          1
          1
          1
          1
          1
          1
          1
          1
          1
          1
          1
          1
          1
          1
          1
          1
          1
          1
          1
          1
          1
          1
          1
          1
          1
          1
          1
          1
          1
          1
          1
          1
          1
          1
          1
          1
          1
          1
          1
          1
          1
          1
          1
          1
          1
          1
          1
          1
          1
          1
          1
          1
          1
          1
          1
          1
          1
          1
          1
          1
          1
          1
          1
          1
          1
          1
          1
          1
          1
          1
          1
          1
          1
          1
          1
          1
          1
          1
          1
          1
          1
          1
          1
          1
          1
          1
          1
          1
          1
          1
          1
          1
          1
          1
          1
          1
          1
          1
          1
          1
          1
          1
          1
          1
          1
          1
          1
          1
          1
          1
          1
          1
          1
          1
          1
          1
          1
          1
          1
          1
          1
          1
          1
          1
          1
          1
          1
          1
          1
          1
          1
          1
          1
          1
          1
          1
          1
          1
          1
          1
          1
          1
          1
          1
          1
          1
          1
          1
          1
          1
          1
          1
          1
          1
          1
          1
          1
          1
          1
          1
          1
          1
          1
          1
          1
          1
          1
          1
          1
          1
          1
          1
          1
          1
          1
          1
          1
          1
          1
          1
          1
          1
          1
          1
          1
          1
          1
          1
          1
          1
          1
          1
          1
          1
          1
          1
          1
          1
          1
          1
          1
          1
          1
          1
          1
          1
          1
          1
          1
          1
          1
          1
          1
          1
          1
          1
          1
          1
          1
          1
          1
          1
          1
          1
          1
          1
          1
          1
          1
          1
          1
          1
          1
          1
          1
          1
          1
          1
          1
          1
          1
          1
          1
          1
          1
          1
          1
          1
          1
          1
          1
          1
          1
          1
          1
          1
          1
          1
          1
          1
          1
          1
          1
          1
          1
          1
          1
          1
          1
          1
          1
          1
          1
          1
          1
          1
          1
          1
          1
          1
          1
          1
          1
          1
          1
          1
          1
          1
          1
          1
          1
          1
          1
          1
          1
          1
          1
          1
          1
          1
          1
          1
          1
          1
          1
          1
          1
          1
          1
          1
          1
          1
          1
          1
          1
          1
          1
          1
          1
          1
          1
          1
          1
          1
          1
          1
          1
          1
          1
          1
          1
          1
          1
          1
          1
          1
          1
          1
          1
          1
          1
          1
          1
          1
          1
          1
          1
          1
          1
          1
          1
          1
          1
          1
          1
          1
          1
          1
          1
          1
          1
          1
          1
          1
          1
          1
          1
          1
          1
          1
          1
          1
          1
          1
          1
          1
          1
          1
          1
          1
          1
          1
          1
          1
          1
          1
          1
          1
          1
          1
          1
          1
          1
          1
          1
          1
          1
          1
          1
          1
          1
          1
          1
          1
          1
          1
          1
          1
          1
          1
          1
          1
          1
          1
          1
          1
          1
          1
          1
          1
          1
          1
          1
          1
          1
          1
          1
          1
          1
          1
          1
          1
          1
          1
          1
          1
          1
          1
          1
          1
          1
          1
          1
          1
          1
          1
          1
          1
          1
          1
          1
          1
          1
          1
          1
          1
          1
          1
          1
          1
          1
          1
          1
          1
          1
          1
          1
          1
          1
          1
          1
          1
          1
          1
          1
          1
          1
          1
          1
          1
          1
          1
          1
          1
          1
          1
          1
          1
          1
          1
          1
          1
          1
          1
          1
          1
          1
          1
          1
          1
          1
          1
          1
          1
          1
          1
          1
          1
          1
          1
          1
          1
          1
          1
          1
          1
          1
          1
          1
          1
          1
          1
          1
          1
          1
          1
          1
          1
          1
          1
          1
          1
          1
          1
          1
          1
          1
          1
          1
          1
          1
          1
          1
          1
          1
          1
          1
          1
          1
          1
          1
          1
          1
          1
          1
          1
          1
          1
          1
          1
          1
          1
          1
          1
          1
          1
          1
          1
          1
          1
          1
          1
          1
          1
          1
          1
          1
          1
          1
          1
          1
          1
          1
          1
          1
          1
          1
          1
          1
          1
          1
          1
          1
          1
          1
          1
          1
          1
          1
          1
          1
          1
          1
          1
          1
          1
          1
          1
          1
          1
          1
          1
          1
          1
          1
          1
          1
          1
          1
          1
          1
          1
          1
          1
          1
          1
          1
          1
          1
          1
          1
          1
          1
          1
          1
          1
          1
          1
          1
          1
          1
          1
          1
          1
          1
          1
          1
          1
          1
          1
          1
          1
          1
          1
          1
          1
          1
          1
          1
          1
          1
          1
          1
          1
          1
          1
          1
          1
          1
          1
          1
          1
          1
          1
          1
          1
          1
          1
          1
          1
          1
          1
          1
          1
          1
          1
          1
          1
          1
          1
          1
          1
          1
          1
          1
          1
          1
          1
          1
          1
          1
          1
          1
          1
          1
          1
          1
          1
          1
          1
          1
          1
          1
          1
          1
          1
          1
          1
          1
          1
          1
          1
          1
          1
          1
          1
          1
          1
          1
          1
          1
          1
          1
          1
          1
          1
          1
          1
          1
          1
          1
          1
          1
          1
          1
          1
          1
          1
          1
          1
          1
          1
          1
          1
          1
          1
          1
          1
          1
          1
          1
          1
          1
          1
          1
          1
          1
          1
          1
          1
          1
          1
          1
          1
          1
          1
          1
          1
          1
          1
          1
          1
          1
          1
          1
          1
          1
          1
          1
          1
          1
          1
          1
          1
          1
          1
          1
          1
          1
          1
          1
          1
          1
          1
          1
          1
          1
          1
          1
          1
          1
          1
          1
          1
          1
          1
          1
          1
          1
          1
          1
          1
          1
          1
          1
          1
          1
          1
          1
          1
          1
          1
          1
          1
          1
          1
          1
          1
          1
          1
          1
          1
          1
          1
          1
          1
          1
          1
          1
          1
          1
          1
          1
          1
          1
          1
          1
          1
          1
          1
          1
          1
          1
          1
          1
          1
          1
          1
          1
          1
          1
          1
          1
          1
          1
          1
          1
          1
          1
          1
          1
          1
          1
          1
          1
          1
          1
          1
          1
          1
          1
          1
          1
          1
          1
          1
          1
          1
          1
          1
          1
          1
          1
          1
          1
          1
          1
          1
          1
          1
          1
          1
          1
          1
          1
          1
          1
          1
          1
          1
          1
          1
          1
          1
          1
          1
          1
          1
          1
          1
          1
          1
          1
          1
          1
          1
          1
          1
          1
          1
          1
          1
          1
          1
   0.999999
   0.999999
   0.999999
   0.999999
          1
          1
          1
          1
          1
          1
          1
          1
          1
          1
          1
          1
          1
          1
          1
          1
          1
          1
          1
          1
          1
          1
          1
          1
          1
          1
          1
          1
          1
          1
          1
          1
          1
          1
          1
          1
          1
          1
          1
          1
          1
          1
          1
          1
          1
          1
          1
          1
          1
          1
          1
          1
          1
   0.999999
   0.999999
   0.999998
   0.999998
   0.999997
   0.999997
   0.999998
   0.999998
   0.999999
   0.999999
          1
          1
          1
          1
          1
          1
          1
          1
          1
          1
          1
          1
          1
          1
          1
          1
          1
          1
          1
          1
          1
          1
          1
          1
          1
          1
          1
          1
          1
          1
          1
          1
          1
          1
          1
          1
          1
          1
          1
          1
          1
          1
          1
          1
          1
          1
          1
          1
   0.999999
   0.999999
   0.999998
   0.999996
   0.999994
   0.999992
    0.99999
    0.99999
   0.999992
   0.999994
   0.999996
   0.999998
   0.999999
   0.999999
          1
          1
          1
          1
          1
          1
          1
          1
          1
          1
          1
          1
          1
          1
          1
          1
          1
          1
          1
          1
          1
          1
          1
          1
          1
          1
          1
          1
          1
          1
          1
          1
          1
          1
          1
          1
          1
          1
          1
          1
          1
          1
          1
          1
          1
   0.999999
   0.999998
   0.999996
   0.999993
   0.999987
    0.99998
   0.999974
   0.999969
    0.99997
   0.999974
    0.99998
   0.999987
   0.999993
   0.999996
   0.999998
   0.999999
          1
          1
          1
          1
          1
          1
          1
          1
          1
          1
          1
          1
          1
          1
          1
          1
          1
          1
          1
          1
          1
          1
          1
          1
          1
          1
          1
          1
          1
          1
          1
          1
          1
          1
          1
          1
          1
          1
          1
          1
          1
          1
          1
   0.999999
   0.999999
   0.999996
    0.99999
    0.99998
   0.999965
   0.999945
   0.999925
   0.999914
   0.999913
   0.999926
   0.999945
   0.999965
    0.99998
    0.99999
   0.999996
   0.999999
   0.999999
          1
          1
          1
          1
          1
          1
          1
          1
          1
          1
          1
          1
          1
          1
          1
          1
          1
          1
          1
          1
          1
          1
          1
          1
          1
          1
          1
          1
          1
          1
          1
          1
          1
          1
          1
          1
          1
          1
          1
          1
          1
          1
   0.999999
   0.999997
    0.99999
   0.999977
   0.999953
   0.999915
   0.999866
   0.999819
    0.99979
   0.999791
   0.999818
   0.999868
   0.999915
   0.999953
   0.999977
    0.99999
   0.999997
   0.999999
          1
          1
          1
          1
          1
          1
          1
          1
          1
          1
          1
          1
          1
          1
          1
          1
          1
          1
          1
          1
          1
          1
          1
          1
          1
          1
          1
          1
          1
          1
          1
          1
          1
          1
          1
          1
          1
          1
          1
          1
          1
   0.999999
   0.999998
   0.999993
    0.99998
   0.999953
   0.999901
   0.999822
    0.99972
   0.999615
   0.999551
   0.999553
    0.99962
   0.999718
   0.999822
   0.999902
   0.999953
    0.99998
   0.999993
   0.999998
   0.999999
          1
          1
          1
          1
          1
          1
          1
          1
          1
          1
          1
          1
          1
          1
          1
          1
          1
          1
          1
          1
          1
          1
          1
          1
          1
          1
          1
          1
          1
          1
          1
          1
          1
          1
          1
          1
          1
          1
          1
          1
   0.999999
   0.999996
   0.999988
   0.999965
   0.999915
   0.999823
   0.999672
   0.999485
   0.999298
   0.999169
   0.999174
   0.999295
   0.999487
   0.999675
   0.999823
   0.999915
   0.999965
   0.999988
   0.999996
   0.999999
          1
          1
          1
          1
          1
          1
          1
          1
          1
          1
          1
          1
          1
          1
          1
          1
          1
          1
          1
          1
          1
          1
          1
          1
          1
          1
          1
          1
          1
          1
          1
          1
          1
          1
          1
          1
          1
          1
          1
          1
   0.999998
   0.999994
   0.999981
   0.999946
   0.999868
   0.999719
   0.999488
   0.999182
   0.998885
   0.998697
   0.998684
   0.998887
   0.999186
    0.99949
   0.999719
   0.999869
   0.999946
   0.999981
   0.999994
   0.999998
          1
          1
          1
          1
          1
          1
          1
          1
          1
          1
          1
          1
          1
          1
          1
          1
          1
          1
          1
          1
          1
          1
          1
          1
          1
          1
          1
          1
          1
          1
          1
          1
          1
          1
          1
          1
          1
          1
          1
   0.999999
   0.999998
   0.999992
   0.999974
   0.999927
   0.999821
   0.999618
   0.999297
   0.998884
   0.998475
   0.998215
   0.998227
   0.998467
   0.998887
   0.999297
   0.999622
    0.99982
   0.999928
   0.999974
   0.999992
   0.999998
   0.999999
          1
          1
          1
          1
          1
          1
          1
          1
          1
          1
          1
          1
          1
          1
          1
          1
          1
          1
          1
          1
          1
          1
          1
          1
          1
          1
          1
          1
          1
          1
          1
          1
          1
          1
          1
          1
          1
          1
   0.999999
   0.999997
   0.999991
    0.99997
   0.999916
   0.999793
   0.999556
   0.999177
   0.998703
   0.998228
   0.997932
   0.997937
   0.998235
   0.998688
   0.999183
   0.999559
   0.999794
   0.999916
   0.999971
   0.999991
   0.999997
   0.999999
          1
          1
          1
          1
          1
          1
          1
          1
          1
          1
          1
          1
          1
          1
          1
          1
          1
          1
          1
          1
          1
          1
          1
          1
          1
          1
          1
          1
          1
          1
          1
          1
          1
          1
          1
          1
          1
          1
   0.999999
   0.999997
   0.999991
    0.99997
   0.999915
   0.999793
   0.999559
   0.999177
    0.99869
    0.99823
   0.997937
    0.99793
   0.998219
   0.998704
   0.999177
   0.999557
   0.999794
   0.999916
    0.99997
   0.999991
   0.999997
   0.999999
          1
          1
          1
          1
          1
          1
          1
          1
          1
          1
          1
          1
          1
          1
          1
          1
          1
          1
          1
          1
          1
          1
          1
          1
          1
          1
          1
          1
          1
          1
          1
          1
          1
          1
          1
          1
          1
          1
   0.999999
   0.999998
   0.999992
   0.999974
   0.999928
   0.999822
   0.999621
   0.999304
   0.998891
   0.998476
   0.998227
    0.99822
   0.998482
   0.998888
   0.999306
   0.999621
   0.999823
   0.999928
   0.999975
   0.999992
   0.999998
   0.999999
          1
          1
          1
          1
          1
          1
          1
          1
          1
          1
          1
          1
          1
          1
          1
          1
          1
          1
          1
          1
          1
          1
          1
          1
          1
          1
          1
          1
          1
          1
          1
          1
          1
          1
          1
          1
          1
          1
          1
   0.999998
   0.999994
   0.999981
   0.999946
   0.999868
    0.99972
   0.999485
   0.999184
   0.998885
    0.99868
   0.998696
   0.998882
   0.999183
    0.99949
   0.999722
   0.999868
   0.999946
   0.999981
   0.999994
   0.999998
          1
          1
          1
          1
          1
          1
          1
          1
          1
          1
          1
          1
          1
          1
          1
          1
          1
          1
          1
          1
          1
          1
          1
          1
          1
          1
          1
          1
          1
          1
          1
          1
          1
          1
          1
          1
          1
          1
          1
          1
   0.999999
   0.999996
   0.999987
   0.999965
   0.999916
   0.999821
   0.999675
   0.999486
   0.999295
   0.999173
   0.999168
   0.999299
   0.999488
   0.999676
   0.999822
   0.999916
   0.999965
   0.999988
   0.999996
   0.999999
          1
          1
          1
          1
          1
          1
          1
          1
          1
          1
          1
          1
          1
          1
          1
          1
          1
          1
          1
          1
          1
          1
          1
          1
          1
          1
          1
          1
          1
          1
          1
          1
          1
          1
          1
          1
          1
          1
          1
          1
   0.999999
   0.999998
   0.999993
    0.99998
   0.999953
   0.999902
   0.999821
   0.999717
   0.999617
   0.999553
   0.999552
   0.999615
   0.999719
   0.999822
   0.999902
   0.999953
    0.99998
   0.999993
   0.999998
   0.999999
          1
          1
          1
          1
          1
          1
          1
          1
          1
          1
          1
          1
          1
          1
          1
          1
          1
          1
          1
          1
          1
          1
          1
          1
          1
          1
          1
          1
          1
          1
          1
          1
          1
          1
          1
          1
          1
          1
          1
          1
          1
   0.999999
   0.999997
   0.999991
   0.999978
   0.999953
   0.999915
   0.999867
    0.99982
    0.99979
   0.999791
   0.999821
   0.999867
   0.999915
   0.999953
   0.999977
   0.999991
   0.999997
   0.999999
          1
          1
          1
          1
          1
          1
          1
          1
          1
          1
          1
          1
          1
          1
          1
          1
          1
          1
          1
          1
          1
          1
          1
          1
          1
          1
          1
          1
          1
          1
          1
          1
          1
          1
          1
          1
          1
          1
          1
          1
          1
          1
          1
   0.999999
   0.999996
    0.99999
    0.99998
   0.999965
   0.999945
   0.999926
   0.999914
   0.999914
   0.999926
   0.999946
   0.999965
    0.99998
   0.999991
   0.999996
   0.999999
   0.999999
          1
          1
          1
          1
          1
          1
          1
          1
          1
          1
          1
          1
          1
          1
          1
          1
          1
          1
          1
          1
          1
          1
          1
          1
          1
          1
          1
          1
          1
          1
          1
          1
          1
          1
          1
          1
          1
          1
          1
          1
          1
          1
          1
   0.999999
   0.999999
   0.999997
   0.999993
   0.999987
    0.99998
   0.999974
    0.99997
   0.999969
   0.999974
    0.99998
   0.999987
   0.999993
   0.999996
   0.999999
   0.999999
          1
          1
          1
          1
          1
          1
          1
          1
          1
          1
          1
          1
          1
          1
          1
          1
          1
          1
          1
          1
          1
          1
          1
          1
          1
          1
          1
          1
          1
          1
          1
          1
          1
          1
          1
          1
          1
          1
          1
          1
          1
          1
          1
          1
          1
   0.999999
   0.999999
   0.999998
   0.999996
   0.999994
   0.999992
    0.99999
    0.99999
   0.999992
   0.999994
   0.999996
   0.999998
   0.999999
   0.999999
          1
          1
          1
          1
          1
          1
          1
          1
          1
          1
          1
          1
          1
          1
          1
          1
          1
          1
          1
          1
          1
          1
          1
          1
          1
          1
          1
          1
          1
          1
          1
          1
          1
          1
          1
          1
          1
          1
          1
          1
          1
          1
          1
          1
          1
          1
          1
          1
   0.999999
   0.999999
   0.999998
   0.999998
   0.999997
   0.999997
   0.999998
   0.999998
   0.999999
   0.999999
          1
          1
          1
          1
          1
          1
          1
          1
          1
          1
          1
          1
          1
          1
          1
          1
          1
          1
          1
          1
          1
          1
          1
          1
          1
          1
          1
          1
          1
          1
          1
          1
          1
          1
          1
          1
          1
          1
          1
          1
          1
          1
          1
          1
          1
          1
          1
          1
          1
          1
          1
          1
          1
   0.999999
   0.999999
   0.999999
   0.999999
          1
          1
          1
          1
          1
          1
          1
          1
          1
          1
          1
          1
          1
          1
          1
          1
          1
          1
          1
          1
          1
          1
          1
          1
          1
          1
          1
          1
          1
          1
          1
          1
          1
          1
          1
          1
          1
          1
          1
          1
          1
          1
          1
          1
          1
          1
          1
          1
          1
          1
          1
          1
          1
          1
          1
          1
          1
          1
          1
          1
          1
          1
          1
          1
          1
          1
          1
          1
          1
          1
          1
          1
          1
          1
          1
          1
          1
          1
          1
          1
          1
          1
          1
          1
          1
          1
          1
          1
          1
          1
          1
          1
          1
          1
          1
          1
          1
          1
          1
          1
          1
          1
          1
          1
          1
          1
          1
          1
          1
          1
          1
          1
          1
          1
          1
          1
          1
          1
          1
          1
          1
          1
          1
          1
          1
          1
          1
          1
          1
          1
          1
          1
          1
          1
          1
          1
          1
          1
          1
          1
          1
          1
          1
          1
          1
          1
          1
          1
          1
          1
          1
          1
          1
          1
          1
          1
          1
          1
          1
          1
          1
          1
          1
          1
          1
          1
          1
          1
          1
          1
          1
          1
          1
          1
          1
          1
          1
          1
          1
          1
          1
          1
          1
          1
          1
          1
          1
          1
          1
          1
          1
          1
          1
          1
          1
          1
          1
          1
          1
          1
          1
          1
          1
          1
          1
          1
          1
          1
          1
          1
          1
          1
          1
          1
          1
          1
          1
          1
          1
          1
          1
          1
          1
          1
          1
          1
          1
          1
          1
          1
          1
          1
          1
          1
          1
          1
          1
          1
          1
          1
          1
          1
          1
          1
          1
          1
          1
          1
          1
          1
          1
          1
          1
          1
          1
          1
          1
          1
          1
          1
          1
          1
          1
          1
          1
          1
          1
          1
          1
          1
          1
          1
          1
          1
          1
          1
          1
          1
          1
          1
          1
          1
          1
          1
          1
          1
          1
          1
          1
          1
          1
          1
          1
          1
          1
          1
          1
          1
          1
          1
          1
          1
          1
          1
          1
          1
          1
          1
          1
          1
          1
          1
          1
          1
          1
          1
          1
          1
          1
          1
          1
          1
          1
          1
          1
          1
          1
          1
          1
          1
          1
          1
          1
          1
          1
          1
          1
          1
          1
          1
          1
          1
          1
          1
          1
          1
          1
          1
          1
          1
          1
          1
          1
          1
          1
          1
          1
          1
          1
          1
          1
          1
          1
          1
          1
          1
          1
          1
          1
          1
          1
          1
          1
          1
          1
          1
          1
          1
          1
          1
          1
          1
          1
          1
          1
          1
          1
          1
          1
          1
          1
          1
          1
          1
          1
          1
          1
          1
          1
          1
          1
          1
          1
          1
          1
          1
          1
          1
          1
          1
          1
          1
          1
          1
          1
          1
          1
          1
          1
          1
          1
          1
          1
          1
          1
          1
          1
          1
          1
          1
          1
          1
          1
          1
          1
          1
          1
          1
          1
          1
          1
          1
          1
          1
          1
          1
          1
          1
          1
          1
          1
          1
          1
          1
          1
          1
          1
          1
          1
          1
          1
          1
          1
          1
          1
          1
          1
          1
          1
          1
          1
          1
          1
          1
          1
          1
          1
          1
          1
          1
          1
          1
          1
          1
          1
          1
          1
          1
          1
          1
          1
          1
          1
          1
          1
          1
          1
          1
          1
          1
          1
          1
          1
          1
          1
          1
          1
          1
          1
          1
          1
          1
          1
          1
          1
          1
          1
          1
          1
          1
          1
          1
          1
          1
          1
          1
          1
          1
          1
          1
          1
          1
          1
          1
          1
          1
          1
          1
          1
          1
          1
          1
          1
          1
          1
          1
          1
          1
          1
          1
          1
          1
          1
          1
          1
          1
          1
          1
          1
          1
          1
          1
          1
          1
          1
          1
          1
          1
          1
          1
          1
          1
          1
          1
          1
          1
          1
          1
          1
          1
          1
          1
          1
          1
          1
          1
          1
          1
          1
          1
          1
          1
          1
          1
          1
          1
          1
          1
          1
          1
          1
          1
          1
          1
          1
          1
          1
          1
          1
          1
          1
          1
          1
          1
          1
          1
          1
          1
          1
          1
          1
          1
          1
          1
          1
          1
          1
          1
          1
          1
          1
          1
          1
          1
          1
          1
          1
          1
          1
          1
          1
          1
          1
          1
          1
          1
          1
          1
          1
          1
          1
          1
          1
          1
          1
          1
          1
          1
          1
          1
          1
          1
          1
          1
          1
          1
          1
          1
          1
          1
          1
          1
          1
          1
          1
          1
          1
          1
          1
          1
          1
          1
          1
          1
          1
          1
          1
          1
          1
          1
          1
          1
          1
          1
          1
          1
          1
          1
          1
          1
          1
          1
          1
          1
          1
          1
          1
          1
          1
          1
          1
          1
          1
          1
          1
          1
          1
          1
          1
          1
          1
          1
          1
          1
          1
          1
          1
          1
          1
          1
          1
          1
          1
          1
          1
          1
          1
          1
          1
          1
          1
          1
          1
          1
          1
          1
          1
          1
          1
          1
          1
          1
          1
          1
          1
          1
          1
          1
          1
          1
          1
          1
          1
          1
          1
          1
          1
          1
          1
          1
          1
          1
          1
          1
          1
          1
          1
          1
          1
          1
          1
          1
          1
          1
          1
          1
          1
          1
          1
          1
          1
          1
          1
          1
          1
          1
          1
          1
          1
          1
          1
          1
          1
          1
          1
          1
          1
          1
          1
          1
          1
          1
          1
          1
          1
          1
          1
          1
          1
          1
          1
          1
          1
          1
          1
          1
          1
          1
          1
          1
          1
          1
          1
          1
          1
          1
          1
          1
          1
          1
          1
          1
          1
          1
          1
          1
          1
          1
          1
          1
          1
          1
          1
          1
          1
          1
          1
          1
          1
          1
          1
          1
          1
          1
          1
          1
          1
          1
          1
          1
          1
          1
          1
          1
          1
          1
          1
          1
          1
          1
          1
          1
          1
          1
          1
          1
          1
          1
          1
          1
          1
          1
          1
          1
          1
          1
          1
          1
          1
          1
          1
          1
          1
          1
          1
          1
          1
          1
          1
          1
          1
          1
          1
          1
          1
          1
          1
          1
          1
          1
          1
          1
          1
          1
          1
          1
          1
          1
          1
          1
          1
          1
          1
          1
          1
          1
          1
          1
          1
          1
          1
          1
          1
          1
          1
          1
          1
          1
          1
          1
          1
          1
          1
          1
          1
          1
          1
          1
          1
          1
          1
          1
          1
          1
          1
          1
          1
          1
          1
          1
          1
          1
          1
          1
          1
          1
          1
          1
          1
          1
          1
          1
          1
          1
          1
          1
          1
          1
          1
          1
          1
          1
          1
          1
          1
          1
          1
          1
          1
          1
          1
          1
          1
          1
          1
          1
          1
          1
          1
          1
          1
          1
          1
          1
          1
          1
          1
          1
          1
          1
          1
          1
          1
          1
          1
          1
          1
          1
          1
          1
          1
          1
          1
          1
          1
          1
          1
          1
          1
          1
          1
          1
          1
          1
          1
          1
          1
          1
          1
          1
          1
          1
          1
          1
          1
          1
          1
          1
          1
          1
          1
          1
          1
          1
          1
          1
          1
          1
          1
          1
          1
          1
          1
          1
          1
          1
          1
          1
          1
          1
          1
          1
          1
          1
          1
          1
          1
          1
          1
          1
          1
          1
          1
          1
          1
          1
          1
          1
          1
          1
          1
          1
          1
          1
          1
          1
          1
          1
          1
          1
          1
          1
          1
          1
          1
          1
          1
          1
          1
          1
          1
          1
          1
          1
          1
          1
          1
          1
          1
          1
          1
          1
          1
          1
          1
          1
          1
          1
          1
          1
          1
          1
          1
          1
          1
          1
          1
          1
          1
          1
          1
          1
          1
          1
          1
          1
          1
          1
          1
          1
          1
          1
          1
          1
          1
          1
          1
          1
          1
          1
          1
          1
          1
          1
          1
          1
          1
          1
          1
          1
          1
          1
          1
          1
          1
          1
          1
          1
          1
          1
          1
          1
          1
          1
          1
          1
          1
          1
          1
          1
          1
          1
          1
          1
          1
          1
          1
          1
          1
          1
          1
          1
          1
          1
          1
          1
          1
          1
          1
          1
          1
          1
          1
          1
          1
          1
          1
          1
          1
          1
          1
          1
          1
          1
          1
          1
          1
          1
          1
          1
          1
          1
          1
          1
          1
          1
          1
          1
          1
          1
          1
          1
          1
          1
          1
          1
          1
          1
          1
          1
          1
          1
          1
          1
          1
          1
          1
          1
          1
          1
          1
          1
          1
          1
          1
          1
          1
          1
          1
          1
          1
          1
          1
          1
          1
          1
          1
          1
          1
          1
          1
          1
          1
          1
          1
          1
          1
          1
          1
          1
          1
          1
          1
          1
          1
          1
          1
          1
          1
          1
          1
          1
          1
          1
          1
          1
          1
          1
          1
          1
          1
          1
          1
          1
          1
          1
          1
          1
          1
          1
          1
          1
          1
          1
          1
          1
          1
          1
          1
          1
          1
          1
          1
          1
          1
          1
          1
          1
          1
          1
          1
          1
          1
          1
          1
          1
          1
          1
          1
          1
          1
          1
          1
          1
          1
          1
          1
          1
          1
          1
          1
          1
          1
          1
          1
          1
          1
          1
          1
          1
          1
          1
          1
          1
          1
          1
          1
          1
          1
          1
          1
          1
          1
          1
          1
          1
          1
          1
          1
          1
          1
          1
          1
          1
          1
          1
          1
          1
          1
          1
          1
          1
          1
          1
          1
          1
          1
          1
          1
          1
          1
          1
          1
          1
          1
          1
          1
          1
          1
          1
          1
          1
          1
          1
          1
          1
          1
          1
          1
          1
          1
          1
          1
          1
          1
          1
          1
          1
          1
          1
          1
          1
          1
          1
          1
          1
          1
          1
          1
          1
          1
          1
          1
          1
          1
          1
          1
          1
          1
          1
          1
          1
          1
          1
          1
          1
          1
          1
          1
          1
          1
          1
          1
          1
          1
          1
          1
          1
          1
          1
          1
          1
          1
          1
          1
          1
          1
          1
          1
          1
          1
          1
          1
          1
          1
          1
          1
          1
          1
          1
          1
          1
          1
          1
          1
          1
          1
          1
          1
          1
          1
          1
          1
          1
          1
          1
          1
          1
          1
          1
          1
          1
          1
          1
          1
          1
          1
          1
          1
          1
          1
          1
          1
          1
          1
          1
          1
          1
          1
          1
          1
          1
          1
          1
          1
          1
          1
          1
          1
          1
          1
          1
          1
          1
          1
          1
          1
          1
          1
          1
          1
          1
          1
          1
          1
          1
          1
          1
          1
          1
          1
          1
          1
          1
          1
          1
          1
          1
          1
          1
          1
          1
          1
          1
          1
          1
          1
          1
          1
          1
          1
          1
          1
          1
          1
          1
          1
          1
          1
          1
          1
          1
          1
          1
          1
          1
          1
          1
          1
          1
          1
          1
          1
          1
          1
          1
          1
          1
          1
          1
          1
          1
          1
          1
          1
          1
          1
          1
          1
          1
          1
          1
          1
          1
          1
          1
          1
          1
          1
          1
          1
          1
          1
          1
          1
          1
          1
          1
          1
          1
          1
          1
          1
          1
          1
          1
          1
          1
          1
          1
          1
          1
          1
          1
          1
          1
          1
          1
          1
          1
          1
          1
          1
          1
          1
          1
          1
          1
          1
          1
          1
          1
          1
          1
          1
          1
          1
          1
          1
          1
          1
          1
          1
          1
          1
          1
          1
          1
          1
          1
          1
          1
          1
          1
          1
          1
          1
          1
          1
          1
          1
          1
          1
          1
          1
          1
          1
          1
          1
          1
          1
          1
          1
          1
          1
          1
          1
          1
          1
          1
          1
          1
          1
          1
          1
          1
          1
          1
          1
          1
          1
          1
          1
          1
          1
          1
          1
          1
          1
          1
          1
          1
          1
          1
          1
          1
          1
          1
          1
          1
          1
          1
          1
          1
          1
          1
          1
          1
          1
          1
          1
          1
          1
          1
          1
          1
          1
          1
          1
          1
          1
          1
          1
          1
          1
          1
          1
          1
          1
          1
          1
          1
          1
          1
          1
          1
          1
          1
          1
          1
          1
          1
          1
          1
          1
          1
          1
          1
          1
          1
          1
          1
          1
          1
          1
          1
          1
          1
          1
          1
          1
          1
          1
          1
          1
          1
          1
          1
          1
          1
          1
          1
          1
          1
          1
          1
          1
          1
          1
          1
          1
          1
          1
          1
          1
          1
          1
          1
          1
          1
          1
          1
          1
          1
          1
          1
          1
          1
          1
          1
          1
          1
          1
          1
          1
          1
          1
          1
          1
          1
          1
          1
          1
          1
          1
          1
          1
          1
          1
          1
          1
          1
          1
          1
          1
          1
          1
          1
          1
          1
          1
          1
          1
          1
          1
          1
          1
          1
          1
          1
          1
          1
          1
          1
          1
          1
          1
          1
          1
          1
          1
          1
          1
          1
          1
          1
          1
          1
          1
          1
          1
          1
          1
          1
          1
          1
          1
          1
          1
          1
          1
          1
          1
          1
          1
          1
          1
          1
          1
          1
          1
          1
          1
          1
          1
          1
          1
          1
          1
          1
          1
          1
          1
          1
          1
          1
          1
          1
          1
          1
          1
          1
          1
          1
          1
          1
          1
          1
          1
          1
          1
          1
          1
          1
          1
          1
          1
          1
          1
          1
          1
          1
          1
          1
          1
          1
          1
          1
          1
          1
          1
          1
          1
          1
          1
          1
          1
          1
          1
          1
          1
          1
          1
          1
          1
          1
          1
          1
          1
          1
          1
          1
          1
          1
          1
          1
          1
          1
          1
          1
          1
          1
          1
          1
          1
          1
          1
          1
          1
          1
          1
          1
          1
          1
          1
          1
          1
          1
          1
          1
          1
          1
          1
          1
          1
          1
          1
          1
          1
          1
          1
          1
          1
          1
          1
          1
          1
          1
          1
          1
          1
          1
          1
          1
          1
          1
          1
          1
          1
          1
          1
          1
          1
          1
          1
          1
          1
          1
          1
          1
          1
          1
          1
          1
          1
          1
          1
          1
          1
          1
          1
          1
          1
          1
          1
          1
          1
          1
          1
          1
          1
          1
          1
          1
          1
          1
          1
          1
          1
          1
          1
          1
          1
          1
          1
          1
          1
          1
          1
          1
          1
          1
          1
          1
          1
          1
          1
          1
          1
          1
          1
          1
          1
          1
          1
          1
          1
          1
          1
          1
          1
          1
          1
          1
          1
          1
          1
          1
          1
          1
          1
          1
          1
          1
          1
          1
          1
          1
          1
          1
          1
          1
          1
          1
          1
          1
          1
          1
          1
          1
          1
          1
          1
          1
          1
          1
          1
          1
          1
          1
          1
          1
          1
          1
          1
          1
          1
          1
          1
          1
          1
          1
          1
          1
          1
          1
          1
          1
          1
          1
          1
          1
          1
          1
          1
          1
          1
          1
          1
          1
          1
          1
          1
          1
          1
          1
          1
          1
          1
          1
          1
          1
          1
          1
          1
          1
          1
          1
          1
          1
          1
          1
          1
          1
          1
          1
          1
          1
          1
          1
          1
          1
          1
          1
          1
          1
          1
          1
          1
          1
          1
          1
          1
          1
          1
          1
          1
          1
          1
          1
          1
          1
          1
          1
          1
          1
          1
          1
          1
          1
          1
          1
          1
          1
          1
          1
          1
          1
          1
          1
          1
          1
          1
          1
          1
          1
          1
          1
          1
          1
          1
          1
          1
          1
          1
          1
          1
          1
          1
          1
          1
          1
          1
          1
          1
          1
          1
          1
          1
          1
          1
          1
          1
          1
          1
          1
          1
          1
          1
          1
          1
          1
          1
          1
          1
          1
          1
          1
          1
          1
          1
          1
          1
          1
          1
          1
          1
          1
          1
          1
          1
          1
          1
          1
          1
          1
          1
          1
          1
          1
          1
          1
          1
          1
          1
          1
          1
          1
          1
          1
          1
          1
          1
          1
          1
          1
          1
          1
          1
          1
          1
          1
          1
          1
          1
          1
          1
          1
          1
          1
          1
          1
          1
          1
          1
          1
          1
          1
          1
          1
          1
          1
          1
          1
          1
          1
          1
          1
          1
          1
          1
          1
          1
          1
          1
          1
          1
          1
          1
          1
          1
          1
          1
          1
          1
          1
          1
          1
          1
          1
          1
          1
          1
          1
          1
          1
          1
          1
          1
          1
          1
          1
          1
          1
          1
          1
          1
          1
          1
          1
          1
          1
          1
          1
          1
          1
          1
          1
          1
          1
          1
          1
          1
          1
          1
          1
          1
          1
          1
          1
          1
          1
          1
          1
          1
          1
          1
          1
          1
          1
          1
          1
          1
          1
          1
          1
          1
          1
          1
          1
          1
          1
          1
          1
          1
          1
          1
          1
          1
          1
          1
          1
          1
          1
          1
          1
          1
          1
          1
          1
          1
          1
          1
          1
   0.999999
   0.999999
   0.999999
   0.999999
   0.999999
   0.999999
   0.999999
   0.999999
          1
          1
          1
          1
          1
          1
          1
          1
          1
          1
          1
          1
          1
          1
          1
          1
          1
          1
          1
          1
          1
          1
          1
          1
          1
          1
          1
          1
          1
          1
          1
          1
          1
          1
          1
          1
          1
          1
          1
          1
          1
          1
          1
          1
          1
          1
          1
          1
          1
          1
          1
   0.999999
   0.999999
   0.999998
   0.999997
   0.999997
   0.999997
   0.999997
   0.999998
   0.999999
   0.999999
          1
          1
          1
          1
          1
          1
          1
          1
          1
          1
          1
          1
          1
          1
          1
          1
          1
          1
          1
          1
          1
          1
          1
          1
          1
          1
          1
          1
          1
          1
          1
          1
          1
          1
          1
          1
          1
          1
          1
          1
          1
          1
          1
          1
          1
          1
          1
          1
          1
   0.999999
   0.999998
   0.999997
   0.999995
   0.999993
   0.999992
   0.999992
   0.999993
   0.999995
   0.999997
   0.999998
   0.999999
          1
          1
          1
          1
          1
          1
          1
          1
          1
          1
          1
          1
          1
          1
          1
          1
          1
          1
          1
          1
          1
          1
          1
          1
          1
          1
          1
          1
          1
          1
          1
          1
          1
          1
          1
          1
          1
          1
          1
          1
          1
          1
          1
          1
          1
          1
          1
   0.999999
   0.999998
   0.999996
   0.999993
   0.999989
   0.999986
   0.999984
   0.999984
   0.999986
    0.99999
   0.999993
   0.999996
   0.999998
   0.999999
          1
          1
          1
          1
          1
          1
          1
          1
          1
          1
          1
          1
          1
          1
          1
          1
          1
          1
          1
          1
          1
          1
          1
          1
          1
          1
          1
          1
          1
          1
          1
          1
          1
          1
          1
          1
          1
          1
          1
          1
          1
          1
          1
          1
          1
   0.999999
   0.999999
   0.999997
   0.999993
   0.999988
   0.999981
   0.999975
   0.999971
   0.999971
   0.999975
   0.999981
   0.999988
   0.999993
   0.999997
   0.999999
   0.999999
          1
          1
          1
          1
          1
          1
          1
          1
          1
          1
          1
          1
          1
          1
          1
          1
          1
          1
          1
          1
          1
          1
          1
          1
          1
          1
          1
          1
          1
          1
          1
          1
          1
          1
          1
          1
          1
          1
          1
          1
          1
          1
          1
          1
   0.999999
   0.999998
   0.999995
    0.99999
   0.999981
   0.999971
   0.999962
   0.999955
   0.999956
   0.999961
   0.999971
   0.999981
    0.99999
   0.999995
   0.999998
   0.999999
          1
          1
          1
          1
          1
          1
          1
          1
          1
          1
          1
          1
          1
          1
          1
          1
          1
          1
          1
          1
          1
          1
          1
          1
          1
          1
          1
          1
          1
          1
          1
          1
          1
          1
          1
          1
          1
          1
          1
          1
          1
          1
          1
          1
   0.999999
   0.999997
   0.999993
   0.999986
   0.999975
   0.999962
   0.999949
    0.99994
    0.99994
   0.999949
   0.999961
   0.999976
   0.999986
   0.999993
   0.999997
   0.999999
          1
          1
          1
          1
          1
          1
          1
          1
          1
          1
          1
          1
          1
          1
          1
          1
          1
          1
          1
          1
          1
          1
          1
          1
          1
          1
          1
          1
          1
          1
          1
          1
          1
          1
          1
          1
          1
          1
          1
          1
          1
          1
          1
          1
   0.999999
   0.999997
   0.999992
   0.999984
   0.999972
   0.999955
    0.99994
   0.999931
   0.999931
    0.99994
   0.999956
   0.999971
   0.999984
   0.999992
   0.999997
   0.999999
          1
          1
          1
          1
          1
          1
          1
          1
          1
          1
          1
          1
          1
          1
          1
          1
          1
          1
          1
          1
          1
          1
          1
          1
          1
          1
          1
          1
          1
          1
          1
          1
          1
          1
          1
          1
          1
          1
          1
          1
          1
          1
          1
          1
   0.999999
   0.999997
   0.999992
   0.999984
   0.999972
   0.999956
    0.99994
    0.99993
   0.999931
   0.999941
   0.999955
   0.999972
   0.999984
   0.999992
   0.999997
   0.999999
          1
          1
          1
          1
          1
          1
          1
          1
          1
          1
          1
          1
          1
          1
          1
          1
          1
          1
          1
          1
          1
          1
          1
          1
          1
          1
          1
          1
          1
          1
          1
          1
          1
          1
          1
          1
          1
          1
          1
          1
          1
          1
          1
          1
   0.999999
   0.999997
   0.999993
   0.999986
   0.999975
   0.999961
   0.999949
    0.99994
    0.99994
   0.999948
   0.999962
   0.999975
   0.999986
   0.999993
   0.999997
   0.999999
          1
          1
          1
          1
          1
          1
          1
          1
          1
          1
          1
          1
          1
          1
          1
          1
          1
          1
          1
          1
          1
          1
          1
          1
          1
          1
          1
          1
          1
          1
          1
          1
          1
          1
          1
          1
          1
          1
          1
          1
          1
          1
          1
          1
   0.999999
   0.999998
   0.999995
    0.99999
   0.999981
   0.999971
   0.999961
   0.999956
   0.999955
   0.999962
   0.999971
   0.999982
   0.999989
   0.999995
   0.999998
   0.999999
          1
          1
          1
          1
          1
          1
          1
          1
          1
          1
          1
          1
          1
          1
          1
          1
          1
          1
          1
          1
          1
          1
          1
          1
          1
          1
          1
          1
          1
          1
          1
          1
          1
          1
          1
          1
          1
          1
          1
          1
          1
          1
          1
          1
   0.999999
   0.999999
   0.999997
   0.999993
   0.999988
   0.999981
   0.999975
   0.999971
   0.999972
   0.999975
   0.999981
   0.999988
   0.999993
   0.999997
   0.999999
   0.999999
          1
          1
          1
          1
          1
          1
          1
          1
          1
          1
          1
          1
          1
          1
          1
          1
          1
          1
          1
          1
          1
          1
          1
          1
          1
          1
          1
          1
          1
          1
          1
          1
          1
          1
          1
          1
          1
          1
          1
          1
          1
          1
          1
          1
          1
   0.999999
   0.999998
   0.999996
   0.999993
    0.99999
   0.999986
   0.999984
   0.999984
   0.999986
    0.99999
   0.999993
   0.999996
   0.999998
   0.999999
          1
          1
          1
          1
          1
          1
          1
          1
          1
          1
          1
          1
          1
          1
          1
          1
          1
          1
          1
          1
          1
          1
          1
          1
          1
          1
          1
          1
          1
          1
          1
          1
          1
          1
          1
          1
          1
          1
          1
          1
          1
          1
          1
          1
          1
          1
          1
   0.999999
   0.999998
   0.999997
   0.999995
   0.999993
   0.999992
   0.999992
   0.999993
   0.999995
   0.999997
   0.999998
   0.999999
          1
          1
          1
          1
          1
          1
          1
          1
          1
          1
          1
          1
          1
          1
          1
          1
          1
          1
          1
          1
          1
          1
          1
          1
          1
          1
          1
          1
          1
          1
          1
          1
          1
          1
          1
          1
          1
          1
          1
          1
          1
          1
          1
          1
          1
          1
          1
          1
          1
   0.999999
   0.999999
   0.999998
   0.999997
   0.999997
   0.999997
   0.999997
   0.999998
   0.999999
   0.999999
          1
          1
          1
          1
          1
          1
          1
          1
          1
          1
          1
          1
          1
          1
          1
          1
          1
          1
          1
          1
          1
          1
          1
          1
          1
          1
          1
          1
          1
          1
          1
          1
          1
          1
          1
          1
          1
          1
          1
          1
          1
          1
          1
          1
          1
          1
          1
          1
          1
          1
          1
   0.999999
   0.999999
   0.999999
   0.999999
   0.999999
   0.999999
   0.999999
   0.999999
          1
          1
          1
          1
          1
          1
          1
          1
          1
          1
          1
          1
          1
          1
          1
          1
          1
          1
          1
          1
          1
          1
          1
          1
          1
          1
          1
          1
          1
          1
          1
          1
          1
          1
          1
          1
          1
          1
          1
          1
          1
          1
          1
          1
          1
          1
          1
          1
          1
          1
          1
          1
          1
          1
          1
          1
          1
          1
          1
          1
          1
          1
          1
          1
          1
          1
          1
          1
          1
          1
          1
          1
          1
          1
          1
          1
          1
          1
          1
          1
          1
          1
          1
          1
          1
          1
          1
          1
          1
          1
          1
          1
          1
          1
          1
          1
          1
          1
          1
          1
          1
          1
          1
          1
          1
          1
          1
          1
          1
          1
          1
          1
          1
          1
          1
          1
          1
          1
          1
          1
          1
          1
          1
          1
          1
          1
          1
          1
          1
          1
          1
          1
          1
          1
          1
          1
          1
          1
          1
          1
          1
          1
          1
          1
          1
          1
          1
          1
          1
          1
          1
          1
          1
          1
          1
          1
          1
          1
          1
          1
          1
          1
          1
          1
          1
          1
          1
          1
          1
          1
          1
          1
          1
          1
          1
          1
          1
          1
          1
          1
          1
          1
          1
          1
          1
          1
          1
          1
          1
          1
          1
          1
          1
          1
          1
          1
          1
          1
          1
          1
          1
          1
          1
          1
          1
          1
          1
          1
          1
          1
          1
          1
          1
          1
          1
          1
          1
          1
          1
          1
          1
          1
          1
          1
          1
          1
          1
          1
          1
          1
          1
          1
          1
          1
          1
          1
          1
          1
          1
          1
          1
          1
          1
          1
          1
          1
          1
          1
          1
          1
          1
          1
          1
          1
          1
          1
          1
          1
          1
          1
          1
          1
          1
          1
          1
          1
          1
          1
          1
          1
          1
          1
          1
          1
          1
          1
          1
          1
          1
          1
          1
          1
          1
          1
          1
          1
          1
          1
          1
          1
          1
          1
          1
          1
          1
          1
          1
          1
          1
          1
          1
          1
          1
          1
          1
          1
          1
          1
          1
          1
          1
          1
          1
          1
          1
          1
          1
          1
          1
          1
          1
          1
          1
          1
          1
          1
          1
          1
          1
          1
          1
          1
          1
          1
          1
          1
          1
          1
          1
          1
          1
          1
          1
          1
          1
          1
          1
          1
          1
          1
          1
          1
          1
          1
          1
          1
          1
          1
          1
          1
          1
          1
          1
          1
          1
          1
          1
          1
          1
          1
          1
          1
          1
          1
          1
          1
          1
          1
          1
          1
          1
          1
          1
          1
          1
          1
          1
          1
          1
          1
          1
          1
          1
          1
          1
          1
          1
          1
          1
          1
          1
          1
          1
          1
          1
          1
          1
          1
          1
          1
          1
          1
          1
          1
          1
          1
          1
          1
          1
          1
          1
          1
          1
          1
          1
          1
          1
          1
          1
          1
          1
          1
          1
          1
          1
          1
          1
          1
          1
          1
          1
          1
          1
          1
          1
          1
          1
          1
          1
          1
          1
          1
          1
          1
          1
          1
          1
          1
          1
          1
          1
          1
          1
          1
          1
          1
          1
          1
          1
          1
          1
          1
          1
          1
          1
          1
          1
          1
          1
          1
          1
          1
          1
          1
          1
          1
          1
          1
          1
          1
          1
          1
          1
          1
          1
          1
          1
          1
          1
          1
          1
          1
          1
          1
          1
          1
          1
          1
          1
          1
          1
          1
          1
          1
          1
          1
          1
          1
          1
          1
          1
          1
          1
          1
          1
          1
          1
          1
          1
          1
          1
          1
          1
          1
          1
          1
          1
          1
          1
          1
          1
          1
          1
          1
          1
          1
          1
          1
          1
          1
          1
          1
          1
          1
          1
          1
          1
          1
          1
          1
          1
          1
          1
          1
          1
          1
          1
          1
          1
          1
          1
          1
          1
          1
          1
          1
          1
          1
          1
          1
          1
          1
          1
          1
          1
          1
          1
          1
          1
          1
          1
          1
          1
          1
          1
          1
          1
          1
          1
          1
          1
          1
          1
          1
          1
          1
          1
          1
          1
          1
          1
          1
          1
          1
          1
          1
          1
          1
          1
          1
          1
          1
          1
          1
          1
          1
          1
          1
          1
          1
          1
          1
          1
          1
          1
          1
          1
          1
          1
          1
          1
          1
          1
          1
          1
          1
          1
          1
          1
          1
          1
          1
          1
          1
          1
          1
          1
          1
          1
          1
          1
          1
          1
          1
          1
          1
          1
          1
          1
          1
          1
          1
          1
          1
          1
          1
          1
          1
          1
          1
          1
          1
          1
          1
          1
          1
          1
          1
          1
          1
          1
          1
          1
          1
          1
          1
          1
          1
          1
          1
          1
          1
          1
          1
          1
          1
          1
          1
          1
          1
          1
          1
          1
          1
          1
          1
          1
          1
          1
          1
          1
          1
          1
          1
          1
          1
          1
          1
          1
          1
          1
          1
          1
          1
          1
          1
          1
          1
          1
          1
          1
          1
          1
          1
          1
          1
          1
          1
          1
          1
          1
          1
          1
          1
          1
          1
          1
          1
          1
          1
          1
          1
          1
          1
          1
          1
          1
          1
          1
          1
          1
          1
          1
          1
          1
          1
          1
          1
          1
          1
          1
          1
          1
          1
          1
          1
          1
          1
          1
          1
          1
          1
          1
          1
          1
          1
          1
          1
          1
          1
          1
          1
          1
          1
          1
          1
          1
          1
          1
          1
          1
          1
          1
          1
          1
          1
          1
          1
          1
          1
          1
          1
          1
          1
          1
          1
          1
          1
          1
          1
          1
          1
          1
          1
          1
          1
          1
          1
          1
          1
          1
          1
          1
          1
          1
          1
          1
          1
          1
          1
          1
          1
          1
          1
          1
          1
          1
          1
          1
          1
          1
          1
          1
          1
          1
          1
          1
          1
          1
          1
          1
          1
          1
          1
          1
          1
          1
          1
          1
          1
          1
          1
          1
          1
          1
          1
          1
          1
          1
          1
          1
          1
          1
          1
          1
          1
          1
          1
          1
          1
          1
          1
          1
          1
          1
          1
          1
          1
          1
          1
          1
          1
          1
          1
          1
          1
          1
          1
          1
          1
          1
          1
          1
          1
          1
          1
          1
          1
          1
          1
          1
          1
          1
          1
          1
          1
          1
          1
          1
          1
          1
          1
          1
          1
          1
          1
          1
          1
          1
          1
          1
          1
          1
          1
          1
          1
          1
          1
          1
          1
          1
          1
          1
          1
          1
          1
          1
          1
          1
          1
          1
          1
          1
          1
          1
          1
          1
          1
          1
          1
          1
          1
          1
          1
          1
          1
          1
          1
          1
          1
          1
          1
          1
          1
          1
          1
          1
          1
          1
          1
          1
          1
          1
          1
          1
          1
          1
          1
          1
          1
          1
          1
          1
          1
          1
          1
          1
          1
          1
          1
          1
          1
          1
          1
          1
          1
          1
          1
          1
          1
          1
          1
          1
          1
          1
          1
          1
          1
          1
          1
          1
          1
          1
          1
          1
          1
          1
          1
          1
          1
          1
          1
          1
          1
          1
          1
          1
          1
          1
          1
          1
          1
          1
          1
          1
          1
          1
          1
          1
          1
          1
          1
          1
          1
          1
          1
          1
          1
          1
          1
          1
          1
          1
          1
          1
          1
          1
          1
          1
          1
          1
          1
          1
          1
          1
          1
          1
          1
          1
          1
          1
          1
          1
          1
          1
          1
          1
          1
          1
          1
          1
          1
          1
          1
          1
          1
          1
          1
          1
          1
          1
          1
          1
          1
          1
          1
          1
          1
          1
          1
          1
          1
          1
          1
          1
          1
          1
          1
          1
          1
          1
          1
          1
          1
          1
          1
          1
          1
          1
          1
          1
          1
          1
          1
          1
          1
          1
          1
          1
          1
          1
          1
          1
          1
          1
          1
          1
          1
          1
          1
          1
          1
          1
          1
          1
          1
          1
          1
          1
          1
          1
          1
          1
          1
          1
          1
          1
          1
          1
          1
          1
          1
          1
          1
          1
          1
          1
          1
          1
          1
          1
          1
          1
          1
          1
          1
          1
          1
          1
          1
          1
          1
          1
          1
          1
          1
          1
          1
          1
          1
          1
          1
          1
          1
          1
          1
          1
          1
          1
          1
          1
          1
          1
          1
          1
          1
          1
          1
          1
          1
          1
          1
          1
          1
          1
          1
          1
          1
          1
          1
          1
          1
          1
          1
          1
          1
          1
          1
          1
          1
          1
          1
          1
          1
          1
          1
          1
          1
          1
          1
          1
          1
          1
          1
          1
          1
          1
          1
          1
          1
          1
          1
          1
          1
          1
          1
          1
          1
          1
          1
          1
          1
          1
          1
          1
          1
          1
          1
          1
          1
          1
          1
          1
          1
          1
          1
          1
          1
          1
          1
          1
          1
          1
          1
          1
          1
          1
          1
          1
          1
          1
          1
          1
          1
          1
          1
          1
          1
          1
          1
          1
          1
          1
          1
          1
          1
          1
          1
          1
          1
          1
          1
          1
          1
          1
          1
          1
          1
          1
          1
          1
          1
          1
          1
          1
          1
          1
          1
          1
          1
          1
          1
          1
          1
          1
          1
          1
          1
          1
          1
          1
          1
          1
          1
          1
          1
          1
          1
          1
          1
          1
          1
          1
          1
          1
          1
          1
          1
          1
          1
          1
          1
          1
          1
          1
          1
          1
          1
          1
          1
          1
          1
          1
          1
          1
          1
          1
          1
          1
          1
          1
          1
          1
          1
          1
          1
          1
          1
          1
          1
          1
          1
          1
          1
          1
          1
          1
          1
          1
          1
          1
          1
          1
          1
          1
          1
          1
          1
          1
          1
          1
          1
          1
          1
          1
          1
          1
          1
          1
          1
          1
          1
          1
          1
          1
          1
          1
          1
          1
          1
          1
          1
          1
          1
          1
          1
          1
          1
          1
          1
          1
          1
          1
          1
          1
          1
          1
          1
          1
          1
          1
          1
          1
          1
          1
          1
          1
          1
          1
          1
          1
          1
          1
          1
          1
          1
          1
          1
          1
          1
          1
          1
          1
          1
          1
          1
          1
          1
          1
          1
          1
          1
          1
          1
          1
          1
          1
          1
          1
          1
          1
          1
          1
          1
          1
          1
          1
          1
          1
          1
          1
          1
          1
          1
          1
          1
          1
          1
          1
          1
          1
          1
          1
          1
          1
          1
          1
          1
          1
          1
          1
          1
          1
          1
          1
          1
          1
          1
          1
          1
          1
          1
          1
          1
          1
          1
          1
          1
          1
          1
          1
          1
          1
          1
          1
          1
          1
          1
          1
          1
          1
          1
          1
          1
          1
          1
          1
          1
          1
          1
          1
          1
          1
          1
          1
          1
          1
          1
          1
          1
          1
          1
          1
          1
          1
          1
          1
          1
          1
          1
          1
          1
          1
          1
          1
          1
          1
          1
          1
          1
          1
          1
          1
          1
          1
          1
          1
          1
          1
          1
          1
          1
          1
          1
          1
          1
          1
          1
          1
          1
          1
          1
          1
          1
          1
          1
          1
          1
          1
          1
          1
          1
          1
          1
          1
          1
          1
          1
          1
          1
          1
          1
          1
          1
          1
          1
          1
          1
          1
          1
          1
          1
          1
          1
          1
          1
          1
          1
          1
          1
          1
          1
          1
          1
          1
          1
          1
          1
          1
          1
          1
          1
          1
          1
          1
          1
          1
          1
          1
          1
          1
          1
          1
          1
          1
          1
          1
          1
          1
          1
          1
          1
          1
          1
          1
          1
          1
          1
          1
          1
          1
          1
          1
          1
          1
          1
          1
          1
          1
          1
          1
          1
          1
          1
          1
          1
          1
          1
          1
          1
          1
          1
          1
          1
          1
          1
          1
          1
          1
          1
          1
          1
          1
          1
          1
          1
          1
          1
          1
          1
          1
          1
          1
          1
          1
          1
          1
          1
          1
          1
          1
          1
          1
          1
          1
          1
          1
          1
          1
          1
          1
          1
          1
          1
          1
          1
          1
          1
          1
          1
          1
          1
          1
          1
          1
          1
          1
          1
          1
          1
          1
          1
          1
          1
          1
          1
          1
          1
          1
          1
          1
          1
          1
          1
          1
          1
          1
          1
          1
          1
          1
          1
          1
          1
          1
          1
          1
          1
          1
          1
          1
          1
          1
          1
          1
          1
          1
          1
          1
          1
          1
          1
          1
          1
          1
          1
          1
          1
          1
          1
          1
          1
          1
          1
          1
          1
          1
          1
          1
          1
          1
          1
          1
          1
          1
          1
          1
          1
          1
          1
          1
          1
          1
          1
          1
          1
          1
          1
          1
          1
          1
          1
          1
          1
          1
          1
          1
          1
          1
          1
          1
          1
          1
          1
          1
          1
          1
          1
          1
          1
          1
          1
          1
          1
          1
          1
          1
          1
          1
          1
          1
          1
          1
          1
          1
          1
          1
          1
          1
          1
          1
          1
          1
          1
          1
          1
          1
          1
          1
          1
          1
          1
          1
          1
          1
          1
          1
          1
          1
          1
          1
          1
          1
          1
          1
          1
          1
          1
          1
          1
          1
          1
          1
          1
          1
          1
          1
          1
          1
          1
          1
          1
          1
          1
          1
          1
          1
          1
          1
          1
          1
          1
          1
          1
          1
          1
          1
          1
          1
          1
          1
          1
          1
          1
          1
          1
          1
          1
          1
          1
          1
          1
          1
          1
          1
          1
          1
          1
          1
          1
          1
          1
          1
          1
          1
          1
          1
          1
          1
          1
          1
          1
          1
          1
          1
          1
          1
          1
          1
          1
          1
          1
          1
          1
          1
          1
          1
          1
          1
          1
          1
          1
          1
          1
          1
          1
          1
          1
          1
          1
          1
          1
          1
          1
          1
          1
          1
          1
          1
          1
          1
          1
          1
          1
          1
          1
          1
          1
          1
          1
          1
          1
          1
          1
          1
          1
          1
          1
          1
          1
          1
          1
          1
          1
          1
          1
          1
          1
          1
          1
          1
          1
          1
          1
          1
          1
          1
          1
          1
          1
          1
          1
          1
          1
          1
          1
          1
          1
          1
          1
          1
          1
          1
          1
          1
          1
          1
          1
          1
          1
          1
          1
          1
          1
          1
          1
          1
          1
          1
          1
          1
          1
          1
          1
          1
          1
          1
          1
          1
          1
          1
          1
          1
          1
          1
          1
          1
          1
          1
          1
          1
          1
          1
          1
          1
          1
          1
          1
          1
          1
          1
          1
          1
          1
          1
          1
          1
          1
          1
          1
          1
          1
          1
          1
          1
          1
          1
          1
          1
          1
          1
          1
          1
          1
          1
          1
          1
          1
          1
          1
          1
          1
          1
          1
          1
          1
          1
          1
          1
          1
          1
          1
          1
          1
          1
          1
          1
          1
          1
          1
          1
          1
          1
          1
          1
          1
          1
          1
          1
          1
          1
          1
          1
          1
          1
          1
          1
          1
          1
          1
          1
          1
          1
          1
          1
          1
          1
          1
          1
          1
          1
          1
          1
          1
          1
          1
          1
          1
          1
          1
          1
          1
          1
          1
          1
          1
          1
          1
          1
          1
          1
          1
          1
          1
          1
          1
          1
          1
          1
          1
          1
          1
          1
          1
          1
          1
          1
          1
          1
          1
          1
          1
          1
          1
          1
          1
          1
          1
          1
          1
          1
          1
          1
          1
          1
          1
          1
          1
          1
          1
          1
          1
          1
          1
          1
          1
          1
          1
          1
          1
          1
          1
          1
          1
          1
          1
          1
          1
          1
          1
          1
          1
          1
          1
          1
          1
          1
          1
          1
          1
          1
          1
          1
          1
          1
          1
          1
          1
          1
          1
          1
          1
          1
          1
          1
          1
          1
          1
          1
          1
          1
          1
          1
          1
          1
          1
          1
          1
          1
          1
          1
          1
          1
          1
          1
          1
          1
          1
          1
          1
          1
          1
          1
          1
          1
          1
          1
          1
          1
          1
          1
          1
          1
          1
          1
          1
          1
          1
          1
          1
          1
          1
          1
          1
          1
          1
          1
          1
          1
          1
          1
          1
          1
          1
          1
          1
          1
          1
          1
          1
          1
          1
          1
          1
          1
          1
          1
          1
          1
          1
          1
          1
          1
          1
          1
          1
          1
          1
          1
          1
          1
          1
          1
          1
          1
          1
          1
          1
          1
          1
          1
          1
          1
          1
          1
          1
          1
          1
          1
          1
          1
          1
          1
          1
          1
          1
          1
          1
          1
          1
          1
          1
          1
          1
          1
          1
          1
          1
          1
          1
          1
          1
          1
          1
          1
          1
          1
          1
          1
          1
          1
          1
          1
          1
          1
          1
          1
          1
          1
          1
          1
          1
          1
          1
          1
          1
          1
          1
          1
          1
          1
          1
          1
          1
          1
          1
          1
          1
          1
          1
          1
          1
          1
          1
          1
          1
          1
          1
          1
          1
          1
          1
          1
          1
          1
          1
          1
          1
          1
          1
          1
          1
          1
          1
          1
          1
          1
          1
          1
          1
          1
          1
          1
          1
          1
          1
          1
          1
          1
          1
          1
          1
          1
          1
          1
          1
          1
          1
          1
          1
          1
          1
          1
          1
          1
          1
          1
          1
          1
          1
          1
          1
          1
          1
          1
          1
          1
          1
          1
          1
          1
          1
          1
          1
          1
          1
          1
          1
          1
          1
          1
          1
          1
          1
          1
          1
          1
          1
          1
          1
          1
          1
          1
          1
          1
          1
          1
          1
          1
          1
          1
          1
          1
          1
          1
          1
          1
          1
          1
          1
          1
          1
          1
          1
          1
          1
          1
          1
          1
          1
          1
          1
          1
          1
          1
          1
          1
          1
          1
          1
          1
          1
          1
          1
          1
          1
          1
          1
          1
          1
          1
          1
          1
          1
          1
          1
          1
          1
          1
          1
          1
          1
          1
          1
          1
          1
          1
          1
          1
          1
          1
          1
          1
          1
          1
          1
          1
          1
          1
          1
          1
          1
          1
          1
          1
          1
          1
          1
          1
          1
          1
          1
          1
          1
          1
          1
          1
          1
          1
          1
          1
          1
          1
          1
          1
          1
          1
          1
          1
          1
          1
          1
          1
          1
          1
          1
          1
          1
          1
          1
          1
          1
          1
          1
          1
          1
          1
          1
          1
          1
          1
          1
          1
          1
          1
          1
          1
          1
          1
          1
          1
          1
          1
          1
          1
          1
          1
          1
          1
          1
          1
          1
          1
          1
          1
          1
          1
          1
          1
          1
          1
          1
          1
          1
          1
          1
          1
          1
          1
          1
          1
          1
          1
          1
          1
          1
          1
          1
          1
          1
          1
          1
          1
          1
          1
          1
          1
          1
          1
          1
          1
          1
          1
          1
          1
          1
          1
          1
          1
          1
          1
          1
          1
          1
          1
          1
          1
          1
          1
          1
          1
          1
          1
          1
          1
          1
          1
          1
          1
          1
          1
          1
          1
          1
          1
          1
          1
          1
          1
          1
          1
          1
          1
          1
          1
          1
          1
          1
          1
          1
          1
          1
          1
          1
          1
          1
          1
          1
          1
          1
          1
          1
          1
          1
          1
          1
          1
          1
          1
          1
          1
          1
          1
          1
          1
          1
          1
          1
          1
          1
          1
          1
          1
          1
          1
          1
          1
          1
          1
          1
          1
          1
          1
          1
          1
          1
          1
          1
          1
          1
          1
          1
          1
          1
          1
          1
          1
          1
          1
          1
          1
          1
          1
          1
          1
          1
          1
          1
          1
          1
          1
          1
          1
          1
          1
          1
          1
          1
          1
          1
          1
          1
          1
          1
          1
          1
          1
          1
          1
          1
          1
          1
          1
          1
          1
          1
          1
          1
          1
          1
          1
          1
          1
   0.999999
   0.999999
   0.999999
   0.999999
   0.999999
   0.999999
          1
          1
          1
          1
          1
          1
          1
          1
          1
          1
          1
          1
          1
          1
          1
          1
          1
          1
          1
          1
          1
          1
          1
          1
          1
          1
          1
          1
          1
          1
          1
          1
          1
          1
          1
          1
          1
          1
          1
          1
          1
          1
          1
          1
          1
          1
          1
          1
          1
          1
          1
          1
          1
   0.999999
   0.999999
   0.999999
   0.999999
   0.999999
   0.999999
   0.999999
   0.999999
          1
          1
          1
          1
          1
          1
          1
          1
          1
          1
          1
          1
          1
          1
          1
          1
          1
          1
          1
          1
          1
          1
          1
          1
          1
          1
          1
          1
          1
          1
          1
          1
          1
          1
          1
          1
          1
          1
          1
          1
          1
          1
          1
          1
          1
          1
          1
          1
          1
          1
          1
          1
   0.999999
   0.999999
   0.999998
   0.999998
   0.999998
   0.999998
   0.999999
   0.999999
          1
          1
          1
          1
          1
          1
          1
          1
          1
          1
          1
          1
          1
          1
          1
          1
          1
          1
          1
          1
          1
          1
          1
          1
          1
          1
          1
          1
          1
          1
          1
          1
          1
          1
          1
          1
          1
          1
          1
          1
          1
          1
          1
          1
          1
          1
          1
          1
          1
          1
          1
   0.999999
   0.999999
   0.999999
   0.999998
   0.999998
   0.999998
   0.999998
   0.999999
   0.999999
   0.999999
          1
          1
          1
          1
          1
          1
          1
          1
          1
          1
          1
          1
          1
          1
          1
          1
          1
          1
          1
          1
          1
          1
          1
          1
          1
          1
          1
          1
          1
          1
          1
          1
          1
          1
          1
          1
          1
          1
          1
          1
          1
          1
          1
          1
          1
          1
          1
          1
          1
          1
          1
   0.999999
   0.999999
   0.999998
   0.999998
   0.999998
   0.999998
   0.999999
   0.999999
          1
          1
          1
          1
          1
          1
          1
          1
          1
          1
          1
          1
          1
          1
          1
          1
          1
          1
          1
          1
          1
          1
          1
          1
          1
          1
          1
          1
          1
          1
          1
          1
          1
          1
          1
          1
          1
          1
          1
          1
          1
          1
          1
          1
          1
          1
          1
          1
          1
          1
          1
          1
   0.999999
   0.999999
   0.999998
   0.999998
   0.999998
   0.999998
   0.999999
   0.999999
          1
          1
          1
          1
          1
          1
          1
          1
          1
          1
          1
          1
          1
          1
          1
          1
          1
          1
          1
          1
          1
          1
          1
          1
          1
          1
          1
          1
          1
          1
          1
          1
          1
          1
          1
          1
          1
          1
          1
          1
          1
          1
          1
          1
          1
          1
          1
          1
          1
          1
          1
          1
   0.999999
   0.999999
   0.999999
   0.999999
   0.999999
   0.999999
   0.999999
   0.999999
          1
          1
          1
          1
          1
          1
          1
          1
          1
          1
          1
          1
          1
          1
          1
          1
          1
          1
          1
          1
          1
          1
          1
          1
          1
          1
          1
          1
          1
          1
          1
          1
          1
          1
          1
          1
          1
          1
          1
          1
          1
          1
          1
          1
          1
          1
          1
          1
          1
          1
          1
          1
          1
   0.999999
   0.999999
   0.999999
   0.999999
   0.999999
   0.999999
          1
          1
          1
          1
          1
          1
          1
          1
          1
          1
          1
          1
          1
          1
          1
          1
          1
          1
          1
          1
          1
          1
          1
          1
          1
          1
          1
          1
          1
          1
          1
          1
          1
          1
          1
          1
          1
          1
          1
          1
          1
          1
          1
          1
          1
          1
          1
          1
          1
          1
          1
          1
          1
          1
          1
          1
   0.999999
   0.999999
          1
          1
          1
          1
          1
          1
          1
          1
          1
          1
          1
          1
          1
          1
          1
          1
          1
          1
          1
          1
          1
          1
          1
          1
          1
          1
          1
          1
          1
          1
          1
          1
          1
          1
          1
          1
          1
          1
          1
          1
          1
          1
          1
          1
          1
          1
          1
          1
          1
          1
          1
          1
          1
          1
          1
          1
          1
          1
          1
          1
          1
          1
          1
          1
          1
          1
          1
          1
          1
          1
          1
          1
          1
          1
          1
          1
          1
          1
          1
          1
          1
          1
          1
          1
          1
          1
          1
          1
          1
          1
          1
          1
          1
          1
          1
          1
          1
          1
          1
          1
          1
          1
          1
          1
          1
          1
          1
          1
          1
          1
          1
          1
          1
          1
          1
          1
          1
          1
          1
          1
          1
          1
          1
          1
          1
          1
          1
          1
          1
          1
          1
          1
          1
          1
          1
          1
          1
          1
          1
          1
          1
          1
          1
          1
          1
          1
          1
          1
          1
          1
          1
          1
          1
          1
          1
          1
          1
          1
          1
          1
          1
          1
          1
          1
          1
          1
          1
          1
          1
          1
          1
          1
          1
          1
          1
          1
          1
          1
          1
          1
          1
          1
          1
          1
          1
          1
          1
          1
          1
          1
          1
          1
          1
          1
          1
          1
          1
          1
          1
          1
          1
          1
          1
          1
          1
          1
          1
          1
          1
          1
          1
          1
          1
          1
          1
          1
          1
          1
          1
          1
          1
          1
          1
          1
          1
          1
          1
          1
          1
          1
          1
          1
          1
          1
          1
          1
          1
          1
          1
          1
          1
          1
          1
          1
          1
          1
          1
          1
          1
          1
          1
          1
          1
          1
          1
          1
          1
          1
          1
          1
          1
          1
          1
          1
          1
          1
          1
          1
          1
          1
          1
          1
          1
          1
          1
          1
          1
          1
          1
          1
          1
          1
          1
          1
          1
          1
          1
          1
          1
          1
          1
          1
          1
          1
          1
          1
          1
          1
          1
          1
          1
          1
          1
          1
          1
          1
          1
          1
          1
          1
          1
          1
          1
          1
          1
          1
          1
          1
          1
          1
          1
          1
          1
          1
          1
          1
          1
          1
          1
          1
          1
          1
          1
          1
          1
          1
          1
          1
          1
          1
          1
          1
          1
          1
          1
          1
          1
          1
          1
          1
          1
          1
          1
          1
          1
          1
          1
          1
          1
          1
          1
          1
          1
          1
          1
          1
          1
          1
          1
          1
          1
          1
          1
          1
          1
          1
          1
          1
          1
          1
          1
          1
          1
          1
          1
          1
          1
          1
          1
          1
          1
          1
          1
          1
          1
          1
          1
          1
          1
          1
          1
          1
          1
          1
          1
          1
          1
          1
          1
          1
          1
          1
          1
          1
          1
          1
          1
          1
          1
          1
          1
          1
          1
          1
          1
          1
          1
          1
          1
          1
          1
          1
          1
          1
          1
          1
          1
          1
          1
          1
          1
          1
          1
          1
          1
          1
          1
          1
          1
          1
          1
          1
          1
          1
          1
          1
          1
          1
          1
          1
          1
          1
          1
          1
          1
          1
          1
          1
          1
          1
          1
          1
          1
          1
          1
          1
          1
          1
          1
          1
          1
          1
          1
          1
          1
          1
          1
          1
          1
          1
          1
          1
          1
          1
          1
          1
          1
          1
          1
          1
          1
          1
          1
          1
          1
          1
          1
          1
          1
          1
          1
          1
          1
          1
          1
          1
          1
          1
          1
          1
          1
          1
          1
          1
          1
          1
          1
          1
          1
          1
          1
          1
          1
          1
          1
          1
          1
          1
          1
          1
          1
          1
          1
          1
          1
          1
          1
          1
          1
          1
          1
          1
          1
          1
          1
          1
          1
          1
          1
          1
          1
          1
          1
          1
          1
          1
          1
          1
          1
          1
          1
          1
          1
          1
          1
          1
          1
          1
          1
          1
          1
          1
          1
          1
          1
          1
          1
          1
          1
          1
          1
          1
          1
          1
          1
          1
          1
          1
          1
          1
          1
          1
          1
          1
          1
          1
          1
          1
          1
          1
          1
          1
          1
          1
          1
          1
          1
          1
          1
          1
          1
          1
          1
          1
          1
          1
          1
          1
          1
          1
          1
          1
          1
          1
          1
          1
          1
          1
          1
          1
          1
          1
          1
          1
          1
          1
          1
          1
          1
          1
          1
          1
          1
          1
          1
          1
          1
          1
          1
          1
          1
          1
          1
          1
          1
          1
          1
          1
          1
          1
          1
          1
          1
          1
          1
          1
          1
          1
          1
          1
          1
          1
          1
          1
          1
          1
          1
          1
          1
          1
          1
          1
          1
          1
          1
          1
          1
          1
          1
          1
          1
          1
          1
          1
          1
          1
          1
          1
          1
          1
          1
          1
          1
          1
          1
          1
          1
          1
          1
          1
          1
          1
          1
          1
          1
          1
          1
          1
          1
          1
          1
          1
          1
          1
          1
          1
          1
          1
          1
          1
          1
          1
          1
          1
          1
          1
          1
          1
          1
          1
          1
          1
          1
          1
          1
          1
          1
          1
          1
          1
          1
          1
          1
          1
          1
          1
          1
          1
          1
          1
          1
          1
          1
          1
          1
          1
          1
          1
          1
          1
          1
          1
          1
          1
          1
          1
          1
          1
          1
          1
          1
          1
          1
          1
          1
          1
          1
          1
          1
          1
          1
          1
          1
          1
          1
          1
          1
          1
          1
          1
          1
          1
          1
          1
          1
          1
          1
          1
          1
          1
          1
          1
          1
          1
          1
          1
          1
          1
          1
          1
          1
          1
          1
          1
          1
          1
          1
          1
          1
          1
          1
          1
          1
          1
          1
          1
          1
          1
          1
          1
          1
          1
          1
          1
          1
          1
          1
          1
          1
          1
          1
          1
          1
          1
          1
          1
          1
          1
          1
          1
          1
          1
          1
          1
          1
          1
          1
          1
          1
          1
          1
          1
          1
          1
          1
          1
          1
          1
          1
          1
          1
          1
          1
          1
          1
          1
          1
          1
          1
          1
          1
          1
          1
          1
          1
          1
          1
          1
          1
          1
          1
          1
          1
          1
          1
          1
          1
          1
          1
          1
          1
          1
          1
          1
          1
          1
          1
          1
          1
          1
          1
          1
          1
          1
          1
          1
          1
          1
          1
          1
          1
          1
          1
          1
          1
          1
          1
          1
          1
          1
          1
          1
          1
          1
          1
          1
          1
          1
          1
          1
          1
          1
          1
          1
          1
          1
          1
          1
          1
          1
          1
          1
          1
          1
          1
          1
          1
          1
          1
          1
          1
          1
          1
          1
          1
          1
          1
          1
          1
          1
          1
          1
          1
          1
          1
          1
          1
          1
          1
          1
          1
          1
          1
          1
          1
          1
          1
          1
          1
          1
          1
          1
          1
          1
          1
          1
          1
          1
          1
          1
          1
          1
          1
          1
          1
          1
          1
          1
          1
          1
          1
          1
          1
          1
          1
          1
          1
          1
          1
          1
          1
          1
          1
          1
          1
          1
          1
          1
          1
          1
          1
          1
          1
          1
          1
          1
          1
          1
          1
          1
          1
          1
          1
          1
          1
          1
          1
          1
          1
          1
          1
          1
          1
          1
          1
          1
          1
          1
          1
          1
          1
          1
          1
          1
          1
          1
          1
          1
          1
          1
          1
          1
          1
          1
          1
          1
          1
          1
          1
          1
          1
          1
          1
          1
          1
          1
          1
          1
          1
          1
          1
          1
          1
          1
          1
          1
          1
          1
          1
          1
          1
          1
          1
          1
          1
          1
          1
          1
          1
          1
          1
          1
          1
          1
          1
          1
          1
          1
          1
          1
          1
          1
          1
          1
          1
          1
          1
          1
          1
          1
          1
          1
          1
          1
          1
          1
          1
          1
          1
          1
          1
          1
          1
          1
          1
          1
          1
          1
          1
          1
          1
          1
          1
          1
          1
          1
          1
          1
          1
          1
          1
          1
          1
          1
          1
          1
          1
          1
          1
          1
          1
          1
          1
          1
          1
          1
          1
          1
          1
          1
          1
          1
          1
          1
          1
          1
          1
          1
          1
          1
          1
          1
          1
          1
          1
          1
          1
          1
          1
          1
          1
          1
          1
          1
          1
          1
          1
          1
          1
          1
          1
          1
          1
          1
          1
          1
          1
          1
          1
          1
          1
          1
          1
          1
          1
          1
          1
          1
          1
          1
          1
          1
          1
          1
          1
          1
          1
          1
          1
          1
          1
          1
          1
          1
          1
          1
          1
          1
          1
          1
          1
          1
          1
          1
          1
          1
          1
          1
          1
          1
          1
          1
          1
          1
          1
          1
          1
          1
          1
          1
          1
          1
          1
          1
          1
          1
          1
          1
          1
          1
          1
          1
          1
          1
          1
          1
          1
          1
          1
          1
          1
          1
          1
          1
          1
          1
          1
          1
          1
          1
          1
          1
          1
          1
          1
          1
          1
          1
          1
          1
          1
          1
          1
          1
          1
          1
          1
          1
          1
          1
          1
          1
          1
          1
          1
          1
          1
          1
          1
          1
          1
          1
          1
          1
          1
          1
          1
          1
          1
          1
          1
          1
          1
          1
          1
          1
          1
          1
          1
          1
          1
          1
          1
          1
          1
          1
          1
          1
          1
          1
          1
          1
          1
          1
          1
          1
          1
          1
          1
          1
          1
          1
          1
          1
          1
          1
          1
          1
          1
          1
          1
          1
          1
          1
          1
          1
          1
          1
          1
          1
          1
          1
          1
          1
          1
          1
          1
          1
          1
          1
          1
          1
          1
          1
          1
          1
          1
          1
          1
          1
          1
          1
          1
          1
          1
          1
          1
          1
          1
          1
          1
          1
          1
          1
          1
          1
          1
          1
          1
          1
          1
          1
          1
          1
          1
          1
          1
          1
          1
          1
          1
          1
          1
          1
          1
          1
          1
          1
          1
          1
          1
          1
          1
          1
          1
          1
          1
          1
          1
          1
          1
          1
          1
          1
          1
          1
          1
          1
          1
          1
          1
          1
          1
          1
          1
          1
          1
          1
          1
          1
          1
          1
          1
          1
          1
          1
          1
          1
          1
          1
          1
          1
          1
          1
          1
          1
          1
          1
          1
          1
          1
          1
          1
          1
          1
          1
          1
          1
          1
          1
          1
          1
          1
          1
          1
          1
          1
          1
          1
          1
          1
          1
          1
          1
          1
          1
          1
          1
          1
          1
          1
          1
          1
          1
          1
          1
          1
          1
          1
          1
          1
          1
          1
          1
          1
          1
          1
          1
          1
          1
          1
          1
          1
          1
          1
          1
          1
          1
          1
          1
          1
          1
          1
          1
          1
          1
          1
          1
          1
          1
          1
          1
          1
          1
          1
          1
          1
          1
          1
          1
          1
          1
          1
          1
          1
          1
          1
          1
          1
          1
          1
          1
          1
          1
          1
          1
          1
          1
          1
          1
          1
          1
          1
          1
          1
          1
          1
          1
          1
          1
          1
          1
          1
          1
          1
          1
          1
          1
          1
          1
          1
          1
          1
          1
          1
          1
          1
          1
          1
          1
          1
          1
          1
          1
          1
          1
          1
          1
          1
          1
          1
          1
          1
          1
          1
          1
          1
          1
          1
          1
          1
          1
          1
          1
          1
          1
          1
          1
          1
          1
          1
          1
          1
          1
          1
          1
          1
          1
          1
          1
          1
          1
          1
          1
          1
          1
          1
          1
          1
          1
          1
          1
          1
          1
          1
          1
          1
          1
          1
          1
          1
          1
          1
          1
          1
          1
          1
          1
          1
          1
          1
          1
          1
          1
          1
          1
          1
          1
          1
          1
          1
          1
          1
          1
          1
          1
          1
          1
          1
          1
          1
          1
          1
          1
          1
          1
          1
          1
          1
          1
          1
          1
          1
          1
          1
          1
          1
          1
          1
          1
          1
          1
          1
          1
          1
          1
          1
          1
          1
          1
          1
          1
          1
          1
          1
          1
          1
          1
          1
          1
          1
          1
          1
          1
          1
          1
          1
          1
          1
          1
          1
          1
          1
          1
          1
          1
          1
          1
          1
          1
          1
          1
          1
          1
          1
          1
          1
          1
          1
          1
          1
          1
          1
          1
          1
          1
          1
          1
          1
          1
          1
          1
          1
          1
          1
          1
          1
          1
          1
          1
          1
          1
          1
          1
          1
          1
          1
          1
          1
          1
          1
          1
          1
          1
          1
          1
          1
          1
          1
          1
          1
          1
          1
          1
          1
          1
          1
          1
          1
          1
          1
          1
          1
          1
          1
          1
          1
          1
          1
          1
          1
          1
          1
          1
          1
          1
          1
          1
          1
          1
          1
          1
          1
          1
          1
          1
          1
          1
          1
          1
          1
          1
          1
          1
          1
          1
          1
          1
          1
          1
          1
          1
          1
          1
          1
          1
          1
          1
          1
          1
          1
          1
          1
          1
          1
          1
          1
          1
          1
          1
          1
          1
          1
          1
          1
          1
          1
          1
          1
          1
          1
          1
          1
          1
          1
          1
          1
          1
          1
          1
          1
          1
          1
          1
          1
          1
          1
          1
          1
          1
          1
          1
          1
          1
          1
          1
          1
          1
          1
          1
          1
          1
          1
          1
          1
          1
          1
          1
          1
          1
          1
          1
          1
          1
          1
          1
          1
          1
          1
          1
          1
          1
          1
          1
          1
          1
          1
          1
          1
          1
          1
          1
          1
          1
          1
          1
          1
          1
          1
          1
          1
          1
          1
          1
          1
          1
          1
          1
          1
          1
          1
          1
          1
          1
          1
          1
          1
          1
          1
          1
          1
          1
          1
          1
          1
          1
          1
          1
          1
          1
          1
          1
          1
          1
          1
          1
          1
          1
          1
          1
          1
          1
          1
          1
          1
          1
          1
          1
          1
          1
          1
          1
          1
          1
          1
          1
          1
          1
          1
          1
          1
          1
          1
          1
          1
          1
          1
          1
          1
          1
          1
          1
          1
          1
          1
          1
          1
          1
          1
          1
          1
          1
          1
          1
          1
          1
          1
          1
          1
          1
          1
          1
          1
          1
          1
          1
          1
          1
          1
          1
          1
          1
          1
          1
          1
          1
          1
          1
          1
          1
          1
          1
          1
          1
          1
          1
          1
          1
          1
          1
          1
          1
          1
          1
          1
          1
          1
          1
          1
          1
          1
          1
          1
          1
          1
          1
          1
          1
          1
          1
          1
          1
          1
          1
          1
          1
          1
          1
          1
          1
          1
          1
          1
          1
          1
          1
          1
          1
          1
          1
          1
          1
          1
          1
          1
          1
          1
          1
          1
          1
          1
          1
          1
          1
          1
          1
          1
          1
          1
          1
          1
          1
          1
          1
          1
          1
          1
          1
          1
          1
          1
          1
          1
          1
          1
          1
          1
          1
          1
          1
          1
          1
          1
          1
          1
          1
          1
          1
          1
          1
          1
          1
          1
          1
          1
          1
          1
          1
          1
          1
          1
          1
          1
          1
          1
          1
          1
          1
          1
          1
          1
          1
          1
          1
          1
          1
          1
          1
          1
          1
          1
          1
          1
          1
          1
          1
          1
          1
          1
          1
          1
          1
          1
          1
          1
          1
          1
          1
          1
          1
          1
          1
          1
          1
          1
          1
          1
          1
          1
          1
          1
          1
          1
          1
          1
          1
          1
          1
          1
          1
          1
          1
          1
          1
          1
          1
          1
          1
          1
          1
          1
          1
          1
          1
          1
          1
          1
          1
          1
          1
          1
          1
          1
          1
          1
          1
          1
          1
          1
          1
          1
          1
          1
          1
          1
          1
          1
          1
          1
          1
          1
          1
          1
          1
          1
          1
          1
          1
          1
          1
          1
          1
          1
          1
          1
          1
          1
          1
          1
          1
          1
          1
          1
          1
          1
          1
          1
          1
          1
          1
          1
          1
          1
          1
          1
          1
          1
          1
          1
          1
          1
          1
          1
          1
          1
          1
          1
          1
          1
          1
          1
          1
          1
          1
          1
          1
          1
          1
          1
          1
          1
          1
          1
          1
          1
          1
          1
          1
          1
          1
          1
          1
          1
          1
          1
          1
          1
          1
          1
          1
          1
          1
          1
          1
          1
          1
          1
          1
          1
          1
          1
          1
          1
          1
          1
          1
          1
          1
          1
          1
          1
          1
          1
          1
          1
          1
          1
          1
          1
          1
          1
          1
          1
          1
          1
          1
          1
          1
          1
          1
          1
          1
          1
          1
          1
          1
          1
          1
          1
          1
          1
          1
          1
          1
          1
          1
          1
          1
          1
          1
          1
          1
          1
          1
          1
          1
          1
          1
          1
          1
          1
          1
          1
          1
          1
          1
          1
          1
          1
          1
          1
          1
          1
          1
          1
          1
          1
          1
          1
          1
          1
          1
          1
          1
          1
          1
          1
          1
          1
          1
          1
          1
          1
          1
          1
          1
          1
          1
          1
          1
          1
          1
          1
          1
          1
          1
          1
          1
          1
          1
          1
          1
          1
          1
          1
          1
          1
          1
          1
          1
          1
          1
          1
          1
          1
          1
          1
          1
          1
          1
          1
          1
          1
          1
          1
          1
          1
          1
          1
          1
          1
          1
          1
          1
          1
          1
          1
          1
          1
          1
          1
          1
          1
          1
          1
          1
          1
          1
          1
          1
          1
          1
          1
          1
          1
          1
          1
          1
          1
          1
          1
          1
          1
          1
          1
          1
          1
          1
          1
          1
          1
          1
          1
          1
          1
          1
          1
          1
          1
          1
          1
          1
          1
          1
          1
          1
          1
          1
          1
          1
          1
          1
          1
          1
          1
          1
          1
          1
          1
          1
          1
          1
          1
          1
          1
          1
          1
          1
          1
          1
          1
          1
          1
          1
          1
          1
          1
          1
          1
          1
          1
          1
          1
          1
          1
          1
          1
          1
          1
          1
          1
          1
          1
          1
          1
          1
          1
          1
          1
          1
          1
          1
          1
          1
          1
          1
          1
          1
          1
          1
          1
          1
          1
          1
          1
          1
          1
          1
          1
          1
          1
          1
          1
          1
          1
          1
          1
          1
          1
          1
          1
          1
          1
          1
          1
          1
          1
          1
          1
          1
          1
          1
          1
          1
          1
          1
          1
          1
          1
          1
          1
          1
          1
          1
          1
          1
          1
          1
          1
          1
          1
          1
          1
          1
          1
          1
          1
          1
          1
          1
          1
          1
          1
          1
          1
          1
          1
          1
          1
          1
          1
          1
          1
          1
          1
          1
          1
          1
          1
          1
          1
          1
          1
          1
          1
          1
          1
          1
          1
          1
          1
          1
          1
          1
          1
          1
          1
          1
          1
          1
          1
          1
          1
          1
          1
          1
          1
          1
          1
          1
          1
          1
          1
          1
          1
          1
          1
          1
          1
          1
          1
          1
          1
          1
          1
          1
          1
          1
          1
          1
          1
          1
          1
          1
          1
          1
          1
          1
          1
          1
          1
          1
          1
          1
          1
          1
          1
          1
          1
          1
          1
          1
          1
          1
          1
          1
          1
          1
          1
          1
          1
          1
          1
          1
          1
          1
          1
          1
          1
          1
          1
          1
          1
          1
          1
          1
          1
          1
          1
          1
          1
          1
          1
          1
          1
          1
          1
          1
          1
          1
          1
          1
          1
          1
          1
          1
          1
          1
          1
          1
          1
          1
          1
          1
          1
          1
          1
          1
          1
          1
          1
          1
          1
          1
          1
          1
          1
          1
          1
          1
          1
          1
          1
          1
          1
          1
          1
          1
          1
          1
          1
          1
          1
          1
          1
          1
          1
          1
          1
          1
          1
          1
          1
          1
          1
          1
          1
          1
          1
          1
          1
          1
          1
          1
          1
          1
          1
          1
          1
          1
          1
          1
          1
          1
          1
          1
          1
          1
          1
          1
          1
          1
          1
          1
          1
          1
          1
          1
          1
          1
          1
          1
          1
          1
          1
          1
          1
          1
          1
          1
          1
          1
          1
          1
          1
          1
          1
          1
          1
          1
          1
          1
          1
          1
          1
          1
          1
          1
          1
          1
          1
          1
          1
          1
          1
          1
          1
          1
          1
          1
          1
          1
          1
          1
          1
          1
          1
          1
          1
          1
          1
          1
          1
          1
          1
          1
          1
          1
          1
          1
          1
          1
          1
          1
          1
          1
          1
          1
          1
          1
          1
          1
          1
          1
          1
          1
          1
          1
          1
          1
          1
          1
          1
          1
          1
          1
          1
          1
          1
          1
          1
          1
          1
          1
          1
          1
          1
          1
          1
          1
          1
          1
          1
          1
          1
          1
          1
          1
          1
          1
          1
          1
          1
          1
          1
          1
          1
          1
          1
          1
          1
          1
          1
          1
          1
          1
          1
          1
          1
          1
          1
          1
          1
          1
          1
          1
          1
          1
          1
          1
          1
          1
          1
          1
          1
          1
          1
          1
          1
          1
          1
          1
          1
          1
          1
          1
          1
          1
          1
          1
          1
          1
          1
          1
          1
          1
          1
          1
          1
          1
          1
          1
          1
          1
          1
          1
          1
          1
          1
          1
          1
          1
          1
          1
          1
          1
          1
          1
          1
          1
          1
          1
          1
          1
          1
          1
          1
          1
          1
          1
          1
          1
          1
          1
          1
          1
          1
          1
          1
          1
          1
          1
          1
          1
          1
          1
          1
          1
          1
          1
          1
          1
          1
          1
          1
          1
          1
          1
          1
          1
          1
          1
          1
          1
          1
          1
          1
          1
          1
          1
          1
          1
          1
          1
          1
          1
          1
          1
          1
          1
          1
          1
          1
          1
          1
          1
          1
          1
          1
          1
          1
          1
          1
          1
          1
          1
          1
          1
          1
          1
          1
          1
          1
          1
          1
          1
          1
          1
          1
          1
          1
          1
          1
          1
          1
          1
          1
          1
   0.999999
   0.999999
          1
          1
          1
          1
          1
          1
          1
          1
          1
          1
          1
          1
          1
          1
          1
          1
          1
          1
          1
          1
          1
          1
          1
          1
          1
          1
          1
          1
          1
          1
          1
          1
          1
          1
          1
          1
          1
          1
          1
          1
          1
          1
          1
          1
          1
          1
          1
          1
          1
          1
          1
          1
          1
          1
          1
          1
          1
   0.999999
   0.999999
   0.999999
   0.999999
          1
          1
          1
          1
          1
          1
          1
          1
          1
          1
          1
          1
          1
          1
          1
          1
          1
          1
          1
          1
          1
          1
          1
          1
          1
          1
          1
          1
          1
          1
          1
          1
          1
          1
          1
          1
          1
          1
          1
          1
          1
          1
          1
          1
          1
          1
          1
          1
          1
          1
          1
          1
          1
          1
          1
          1
   0.999999
   0.999999
   0.999999
   0.999999
          1
          1
          1
          1
          1
          1
          1
          1
          1
          1
          1
          1
          1
          1
          1
          1
          1
          1
          1
          1
          1
          1
          1
          1
          1
          1
          1
          1
          1
          1
          1
          1
          1
          1
          1
          1
          1
          1
          1
          1
          1
          1
          1
          1
          1
          1
          1
          1
          1
          1
          1
          1
          1
          1
          1
          1
          1
   0.999999
   0.999999
          1
          1
          1
          1
          1
          1
          1
          1
          1
          1
          1
          1
          1
          1
          1
          1
          1
          1
          1
          1
          1
          1
          1
          1
          1
          1
          1
          1
          1
          1
          1
          1
          1
          1
          1
          1
          1
          1
          1
          1
          1
          1
          1
          1
          1
          1
          1
          1
          1
          1
          1
          1
          1
          1
          1
          1
          1
          1
          1
          1
          1
          1
          1
          1
          1
          1
          1
          1
          1
          1
          1
          1
          1
          1
          1
          1
          1
          1
          1
          1
          1
          1
          1
          1
          1
          1
          1
          1
          1
          1
          1
          1
          1
          1
          1
          1
          1
          1
          1
          1
          1
          1
          1
          1
          1
          1
          1
          1
          1
          1
          1
          1
          1
          1
          1
          1
          1
          1
          1
          1
          1
          1
          1
          1
          1
          1
          1
          1
          1
          1
          1
          1
          1
          1
          1
          1
          1
          1
          1
          1
          1
          1
          1
          1
          1
          1
          1
          1
          1
          1
          1
          1
          1
          1
          1
          1
          1
          1
          1
          1
          1
          1
          1
          1
          1
          1
          1
          1
          1
          1
          1
          1
          1
          1
          1
          1
          1
          1
          1
          1
          1
          1
          1
          1
          1
          1
          1
          1
          1
          1
          1
          1
          1
          1
          1
          1
          1
          1
          1
          1
          1
          1
          1
          1
          1
          1
          1
          1
          1
          1
          1
          1
          1
          1
          1
          1
          1
          1
          1
          1
          1
          1
          1
          1
          1
          1
          1
          1
          1
          1
          1
          1
          1
          1
          1
          1
          1
          1
          1
          1
          1
          1
          1
          1
          1
          1
          1
          1
          1
          1
          1
          1
          1
          1
          1
          1
          1
          1
          1
          1
          1
          1
          1
          1
          1
          1
          1
          1
          1
          1
          1
          1
          1
          1
          1
          1
          1
          1
          1
          1
          1
          1
          1
          1
          1
          1
          1
          1
          1
          1
          1
          1
          1
          1
          1
          1
          1
          1
          1
          1
          1
          1
          1
          1
          1
          1
          1
          1
          1
          1
          1
          1
          1
          1
          1
          1
          1
          1
          1
          1
          1
          1
          1
          1
          1
          1
          1
          1
          1
          1
          1
          1
          1
          1
          1
          1
          1
          1
          1
          1
          1
          1
          1
          1
          1
          1
          1
          1
          1
          1
          1
          1
          1
          1
          1
          1
          1
          1
          1
          1
          1
          1
          1
          1
          1
          1
          1
          1
          1
          1
          1
          1
          1
          1
          1
          1
          1
          1
          1
          1
          1
          1
          1
          1
          1
          1
          1
          1
          1
          1
          1
          1
          1
          1
          1
          1
          1
          1
          1
          1
          1
          1
          1
          1
          1
          1
          1
          1
          1
          1
          1
          1
          1
          1
          1
          1
          1
          1
          1
          1
          1
          1
          1
          1
          1
          1
          1
          1
          1
          1
          1
          1
          1
          1
          1
          1
          1
          1
          1
          1
          1
          1
          1
          1
          1
          1
          1
          1
          1
          1
          1
          1
          1
          1
          1
          1
          1
          1
          1
          1
          1
          1
          1
          1
          1
          1
          1
          1
          1
          1
          1
          1
          1
          1
          1
          1
          1
          1
          1
          1
          1
          1
          1
          1
          1
          1
          1
          1
          1
          1
          1
          1
          1
          1
          1
          1
          1
          1
          1
          1
          1
          1
          1
          1
          1
          1
          1
          1
          1
          1
          1
          1
          1
          1
          1
          1
          1
          1
          1
          1
          1
          1
          1
          1
          1
          1
          1
          1
          1
          1
          1
          1
          1
          1
          1
          1
          1
          1
          1
          1
          1
          1
          1
          1
          1
          1
          1
          1
          1
          1
          1
          1
          1
          1
          1
          1
          1
          1
          1
          1
          1
          1
          1
          1
          1
          1
          1
          1
          1
          1
          1
          1
          1
          1
          1
          1
          1
          1
          1
          1
          1
          1
          1
          1
          1
          1
          1
          1
          1
          1
          1
          1
          1
          1
          1
          1
          1
          1
          1
          1
          1
          1
          1
          1
          1
          1
          1
          1
          1
          1
          1
          1
          1
          1
          1
          1
          1
          1
          1
          1
          1
          1
          1
          1
          1
          1
          1
          1
          1
          1
          1
          1
          1
          1
          1
          1
          1
          1
          1
          1
          1
          1
          1
          1
          1
          1
          1
          1
          1
          1
          1
          1
          1
          1
          1
          1
          1
          1
          1
          1
          1
          1
          1
          1
          1
          1
          1
          1
          1
          1
          1
          1
          1
          1
          1
          1
          1
          1
          1
          1
          1
          1
          1
          1
          1
          1
          1
          1
          1
          1
          1
          1
          1
          1
          1
          1
          1
          1
          1
          1
          1
          1
          1
          1
          1
          1
          1
          1
          1
          1
          1
          1
          1
          1
          1
          1
          1
          1
          1
          1
          1
          1
          1
          1
          1
          1
          1
          1
          1
          1
          1
          1
          1
          1
          1
          1
          1
          1
          1
          1
          1
          1
          1
          1
          1
          1
          1
          1
          1
          1
          1
          1
          1
          1
          1
          1
          1
          1
          1
          1
          1
          1
          1
          1
          1
          1
          1
          1
          1
          1
          1
          1
          1
          1
          1
          1
          1
          1
          1
          1
          1
          1
          1
          1
          1
          1
          1
          1
          1
          1
          1
          1
          1
          1
          1
          1
          1
          1
          1
          1
          1
          1
          1
          1
          1
          1
          1
          1
          1
          1
          1
          1
          1
          1
          1
          1
          1
          1
          1
          1
          1
          1
          1
          1
          1
          1
          1
          1
          1
          1
          1
          1
          1
          1
          1
          1
          1
          1
          1
          1
          1
          1
          1
          1
          1
          1
          1
          1
          1
          1
          1
          1
          1
          1
          1
          1
          1
          1
          1
          1
          1
          1
          1
          1
          1
          1
          1
          1
          1
          1
          1
          1
          1
          1
          1
          1
          1
          1
          1
          1
          1
          1
          1
          1
          1
          1
          1
          1
          1
          1
          1
          1
          1
          1
          1
          1
          1
          1
          1
          1
          1
          1
          1
          1
          1
          1
          1
          1
          1
          1
          1
          1
          1
          1
          1
          1
          1
          1
          1
          1
          1
          1
          1
          1
          1
          1
          1
          1
          1
          1
          1
          1
          1
          1
          1
          1
          1
          1
          1
          1
          1
          1
          1
          1
          1
          1
          1
          1
          1
          1
          1
          1
          1
          1
          1
          1
          1
          1
          1
          1
          1
          1
          1
          1
          1
          1
          1
          1
          1
          1
          1
          1
          1
          1
          1
          1
          1
          1
          1
          1
          1
          1
          1
          1
          1
          1
          1
          1
          1
          1
          1
          1
          1
          1
          1
          1
          1
          1
          1
          1
          1
          1
          1
          1
          1
          1
          1
          1
          1
          1
          1
          1
          1
          1
          1
          1
          1
          1
          1
          1
          1
          1
          1
          1
          1
          1
          1
          1
          1
          1
          1
          1
          1
          1
          1
          1
          1
          1
          1
          1
          1
          1
          1
          1
          1
          1
          1
          1
          1
          1
          1
          1
          1
          1
          1
          1
          1
          1
          1
          1
          1
          1
          1
          1
          1
          1
          1
          1
          1
          1
          1
          1
          1
          1
          1
          1
          1
          1
          1
          1
          1
          1
          1
          1
          1
          1
          1
          1
          1
          1
          1
          1
          1
          1
          1
          1
          1
          1
          1
          1
          1
          1
          1
          1
          1
          1
          1
          1
          1
          1
          1
          1
          1
          1
          1
          1
          1
          1
          1
          1
          1
          1
          1
          1
          1
          1
          1
          1
          1
          1
          1
          1
          1
          1
          1
          1
          1
          1
          1
          1
          1
          1
          1
          1
          1
          1
          1
          1
          1
          1
          1
          1
          1
          1
          1
          1
          1
          1
          1
          1
          1
          1
          1
          1
          1
          1
          1
          1
          1
          1
          1
          1
          1
          1
          1
          1
          1
          1
          1
          1
          1
          1
          1
          1
          1
          1
          1
          1
          1
          1
          1
          1
          1
          1
          1
          1
          1
          1
          1
          1
          1
          1
          1
          1
          1
          1
          1
          1
          1
          1
          1
          1
          1
          1
          1
          1
          1
          1
          1
          1
          1
          1
          1
          1
          1
          1
          1
          1
          1
          1
          1
          1
          1
          1
          1
          1
          1
          1
          1
          1
          1
          1
          1
          1
          1
          1
          1
          1
          1
          1
          1
          1
          1
          1
          1
          1
          1
          1
          1
          1
          1
          1
          1
          1
          1
          1
          1
          1
          1
          1
          1
          1
          1
          1
          1
          1
          1
          1
          1
          1
          1
          1
          1
          1
          1
          1
          1
          1
          1
          1
          1
          1
          1
          1
          1
          1
          1
          1
          1
          1
          1
          1
          1
          1
          1
          1
          1
          1
          1
          1
          1
          1
          1
          1
          1
          1
          1
          1
          1
          1
          1
          1
          1
          1
          1
          1
          1
          1
          1
          1
          1
          1
          1
          1
          1
          1
          1
          1
          1
          1
          1
          1
          1
          1
          1
          1
          1
          1
          1
          1
          1
          1
          1
          1
          1
          1
          1
          1
          1
          1
          1
          1
          1
          1
          1
          1
          1
          1
          1
          1
          1
          1
          1
          1
          1
          1
          1
          1
          1
          1
          1
          1
          1
          1
          1
          1
          1
          1
          1
          1
          1
          1
          1
          1
          1
          1
          1
          1
          1
          1
          1
          1
          1
          1
          1
          1
          1
          1
          1
          1
          1
          1
          1
          1
          1
          1
          1
          1
          1
          1
          1
          1
          1
          1
          1
          1
          1
          1
          1
          1
          1
          1
          1
          1
          1
          1
          1
          1
          1
          1
          1
          1
          1
          1
          1
          1
          1
          1
          1
          1
          1
          1
          1
          1
          1
          1
          1
          1
          1
          1
          1
          1
          1
          1
          1
          1
          1
          1
          1
          1
          1
          1
          1
          1
          1
          1
          1
          1
          1
          1
          1
          1
          1
          1
          1
          1
          1
          1
          1
          1
          1
          1
          1
          1
          1
          1
          1
          1
          1
          1
          1
          1
          1
          1
          1
          1
          1
          1
          1
          1
          1
          1
          1
          1
          1
          1
          1
          1
          1
          1
          1
          1
          1
          1
          1
          1
          1
          1
          1
          1
          1
          1
          1
          1
          1
          1
          1
          1
          1
          1
          1
          1
          1
          1
          1
          1
          1
          1
          1
          1
          1
          1
          1
          1
          1
          1
          1
          1
          1
          1
          1
          1
          1
          1
          1
          1
          1
          1
          1
          1
          1
          1
          1
          1
          1
          1
          1
          1
          1
          1
          1
          1
          1
          1
          1
          1
          1
          1
          1
          1
          1
          1
          1
          1
          1
          1
          1
          1
          1
          1
          1
          1
          1
          1
          1
          1
          1
          1
          1
          1
          1
          1
          1
          1
          1
          1
          1
          1
          1
          1
          1
          1
          1
          1
          1
          1
          1
          1
          1
          1
          1
          1
          1
          1
          1
          1
          1
          1
          1
          1
          1
          1
          1
          1
          1
          1
          1
          1
          1
          1
          1
          1
          1
          1
          1
          1
          1
          1
          1
          1
          1
          1
          1
          1
          1
          1
          1
          1
          1
          1
          1
          1
          1
          1
          1
          1
          1
          1
          1
          1
          1
          1
          1
          1
          1
          1
          1
          1
          1
          1
          1
          1
          1
          1
          1
          1
          1
          1
          1
          1
          1
          1
          1
          1
          1
          1
          1
          1
          1
          1
          1
          1
          1
          1
          1
          1
          1
          1
          1
          1
          1
          1
          1
          1
          1
          1
          1
          1
          1
          1
          1
          1
          1
          1
          1
          1
          1
          1
          1
          1
          1
          1
          1
          1
          1
          1
          1
          1
          1
          1
          1
          1
          1
          1
          1
          1
          1
          1
          1
          1
          1
          1
          1
          1
          1
          1
          1
          1
          1
          1
          1
          1
          1
          1
          1
          1
          1
          1
          1
          1
          1
          1
          1
          1
          1
          1
          1
          1
          1
          1
          1
          1
          1
          1
          1
          1
          1
          1
          1
          1
          1
          1
          1
          1
          1
          1
          1
          1
          1
          1
          1
          1
          1
          1
          1
          1
          1
          1
          1
          1
          1
          1
          1
          1
          1
          1
          1
          1
          1
          1
          1
          1
          1
          1
          1
          1
          1
          1
          1
          1
          1
          1
          1
          1
          1
          1
          1
          1
          1
          1
          1
          1
          1
          1
          1
          1
          1
          1
          1
          1
          1
          1
          1
          1
          1
          1
          1
          1
          1
          1
          1
          1
          1
          1
          1
          1
          1
          1
          1
          1
          1
          1
          1
          1
          1
          1
          1
          1
          1
          1
          1
          1
          1
          1
          1
          1
          1
          1
          1
          1
          1
          1
          1
          1
          1
          1
          1
          1
          1
          1
          1
          1
          1
          1
          1
          1
          1
          1
          1
          1
          1
          1
          1
          1
          1
          1
          1
          1
          1
          1
          1
          1
          1
          1
          1
          1
          1
          1
          1
          1
          1
          1
          1
          1
          1
          1
          1
          1
          1
          1
          1
          1
          1
          1
          1
          1
          1
          1
          1
          1
          1
          1
          1
          1
          1
          1
          1
          1
          1
          1
          1
          1
          1
          1
          1
          1
          1
          1
          1
          1
          1
          1
          1
          1
          1
          1
          1
          1
          1
          1
          1
          1
          1
          1
          1
          1
          1
          1
          1
          1
          1
          1
          1
          1
          1
          1
          1
          1
          1
          1
          1
          1
          1
          1
          1
          1
          1
          1
          1
          1
          1
          1
          1
          1
          1
          1
          1
          1
          1
          1
          1
          1
          1
          1
          1
          1
          1
          1
          1
          1
          1
          1
          1
          1
          1
          1
          1
          1
          1
          1
          1
          1
          1
          1
          1
          1
          1
          1
          1
          1
          1
          1
          1
          1
          1
          1
          1
          1
          1
          1
          1
          1
          1
          1
          1
          1
          1
          1
          1
          1
          1
          1
          1
          1
          1
          1
          1
          1
          1
          1
          1
          1
          1
          1
          1
          1
          1
          1
          1
          1
          1
          1
          1
          1
          1
          1
          1
          1
          1
          1
          1
          1
          1
          1
          1
          1
          1
          1
          1
          1
          1
          1
          1
          1
          1
          1
          1
          1
          1
          1
          1
          1
          1
          1
          1
          1
          1
          1
          1
          1
          1
          1
          1
          1
          1
          1
          1
          1
          1
          1
          1
          1
          1
          1
          1
          1
          1
          1
          1
          1
          1
          1
          1
          1
          1
          1
          1
          1
          1
          1
          1
          1
          1
          1
          1
          1
          1
          1
          1
          1
          1
          1
          1
          1
          1
          1
          1
          1
          1
          1
          1
          1
          1
          1
          1
          1
          1
          1
          1
          1
          1
          1
          1
          1
          1
          1
          1
          1
          1
          1
          1
          1
          1
          1
          1
          1
          1
          1
          1
          1
          1
          1
          1
          1
          1
          1
          1
          1
          1
          1
          1
          1
          1
          1
          1
          1
          1
          1
          1
          1
          1
          1
          1
          1
          1
          1
          1
          1
          1
          1
          1
          1
          1
          1
          1
          1
          1
          1
          1
          1
          1
          1
          1
          1
          1
          1
          1
          1
          1
          1
          1
          1
          1
          1
          1
          1
          1
          1
          1
          1
          1
          1
          1
          1
          1
          1
          1
          1
          1
          1
          1
          1
          1
          1
          1
          1
          1
          1
          1
          1
          1
          1
          1
          1
          1
          1
          1
          1
          1
          1
          1
          1
          1
          1
          1
          1
          1
          1
          1
          1
          1
          1
          1
          1
          1
          1
          1
          1
          1
          1
          1
          1
          1
          1
          1
          1
          1
          1
          1
          1
          1
          1
          1
          1
          1
          1
          1
          1
          1
          1
          1
          1
          1
          1
          1
          1
          1
          1
          1
          1
          1
          1
          1
          1
          1
          1
          1
          1
          1
          1
          1
          1
          1
          1
          1
          1
          1
          1
          1
          1
          1
          1
          1
          1
          1
          1
          1
          1
          1
          1
          1
          1
          1
          1
          1
          1
          1
          1
          1
          1
          1
          1
          1
          1
          1
          1
          1
          1
          1
          1
          1
          1
          1
          1
          1
          1
          1
          1
          1
          1
          1
          1
          1
          1
          1
          1
          1
          1
          1
          1
          1
          1
          1
          1
          1
          1
          1
          1
          1
          1
          1
          1
          1
          1
          1
          1
          1
          1
          1
          1
          1
          1
          1
          1
          1
          1
          1
          1
          1
          1
          1
          1
          1
          1
          1
          1
          1
          1
          1
          1
          1
          1
          1
          1
          1
          1
          1
          1
          1
          1
          1
          1
          1
          1
          1
          1
          1
          1
          1
          1
          1
          1
          1
          1
          1
          1
          1
          1
          1
          1
          1
          1
          1
          1
          1
          1
          1
          1
          1
          1
          1
          1
          1
          1
          1
          1
          1
          1
          1
          1
          1
          1
          1
          1
          1
          1
          1
          1
          1
          1
          1
          1
          1
          1
          1
          1
          1
          1
          1
          1
          1
          1
          1
          1
          1
          1
          1
          1
          1
          1
          1
          1
          1
          1
          1
          1
          1
          1
          1
          1
          1
          1
          1
          1
          1
          1
          1
          1
          1
          1
          1
          1
          1
          1
          1
          1
          1
          1
          1
          1
          1
          1
          1
          1
          1
          1
          1
          1
          1
          1
          1
          1
          1
          1
          1
          1
          1
          1
          1
          1
          1
          1
          1
          1
          1
          1
          1
          1
          1
          1
          1
          1
          1
          1
          1
          1
          1
          1
          1
          1
          1
          1
          1
          1
          1
          1
          1
          1
          1
          1
          1
          1
          1
          1
          1
          1
          1
          1
          1
          1
          1
          1
          1
          1
          1
          1
          1
          1
          1
          1
          1
          1
          1
          1
          1
          1
          1
          1
          1
          1
          1
          1
          1
          1
          1
          1
          1
          1
          1
          1
          1
          1
          1
          1
          1
          1
          1
          1
          1
          1
          1
          1
          1
          1
          1
          1
          1
          1
          1
          1
          1
          1
          1
          1
          1
          1
          1
          1
          1
          1
          1
          1
          1
          1
          1
          1
          1
          1
          1
          1
          1
          1
          1
          1
          1
          1
          1
          1
          1
          1
          1
          1
          1
          1
          1
          1
          1
          1
          1
          1
          1
          1
          1
          1
          1
          1
          1
          1
          1
          1
          1
          1
          1
          1
          1
          1
          1
          1
          1
          1
          1
          1
          1
          1
          1
          1
          1
          1
          1
          1
          1
          1
          1
          1
          1
          1
          1
          1
          1
          1
          1
          1
          1
          1
          1
          1
          1
          1
          1
          1
          1
          1
          1
          1
          1
          1
          1
          1
          1
          1
          1
          1
          1
          1
          1
          1
          1
          1
          1
          1
          1
          1
          1
          1
          1
          1
          1
          1
          1
          1
          1
          1
          1
          1
          1
          1
          1
          1
          1
          1
          1
          1
          1
          1
          1
          1
          1
          1
          1
          1
          1
          1
          1
          1
          1
          1
          1
          1
          1
          1
          1
          1
          1
          1
          1
          1
          1
          1
          1
          1
          1
          1
          1
          1
          1
          1
          1
          1
          1
          1
          1
          1
          1
          1
          1
          1
          1
          1
          1
          1
          1
          1
          1
          1
          1
          1
          1
          1
          1
          1
          1
          1
          1
          1
          1
          1
          1
          1
          1
          1
          1
          1
          1
          1
          1
          1
          1
          1
          1
          1
          1
          1
          1
          1
          1
          1
          1
          1
          1
          1
          1
          1
          1
          1
          1
          1
          1
          1
          1
          1
          1
          1
          1
          1
          1
          1
          1
          1
          1
          1
          1
          1
          1
          1
          1
          1
          1
          1
          1
          1
          1
          1
          1
          1
          1
          1
          1
          1
          1
          1
          1
          1
          1
          1
          1
          1
          1
          1
          1
          1
          1
          1
          1
          1
          1
          1
          1
          1
          1
          1
          1
          1
          1
          1
          1
          1
          1
          1
          1
          1
          1
          1
          1
          1
          1
          1
          1
          1
          1
          1
          1
          1
          1
          1
          1
          1
          1
          1
          1
          1
          1
          1
          1
          1
          1
          1
          1
          1
          1
          1
          1
          1
          1
          1
          1
          1
          1
          1
          1
          1
          1
          1
          1
          1
          1
          1
          1
          1
          1
          1
          1
          1
          1
          1
          1
          1
          1
          1
          1
          1
          1
          1
          1
          1
          1
          1
          1
          1
          1
          1
          1
          1
          1
          1
          1
          1
          1
          1
          1
          1
          1
          1
          1
          1
          1
          1
          1
          1
          1
          1
          1
          1
          1
          1
          1
          1
          1
          1
          1
          1
          1
          1
          1
          1
          1
          1
          1
          1
          1
          1
          1
          1
          1
          1
          1
          1
          1
          1
          1
          1
          1
          1
          1
          1
          1
          1
          1
          1
          1
          1
          1
          1
          1
          1
          1
          1
          1
          1
          1
          1
          1
          1
          1
          1
          1
          1
          1
          1
          1
          1
          1
          1
          1
          1
          1
          1
          1
          1
          1
          1
          1
          1
          1
          1
          1
          1
          1
          1
          1
          1
          1
          1
          1
          1
          1
          1
          1
          1
          1
          1
          1
          1
          1
          1
          1
          1
          1
          1
          1
          1
          1
          1
          1
          1
          1
          1
          1
          1
          1
          1
          1
          1
          1
          1
          1
          1
          1
          1
          1
          1
          1
          1
          1
          1
          1
          1
          1
          1
          1
          1
          1
          1
          1
          1
          1
          1
          1
          1
          1
          1
          1
          1
          1
          1
          1
          1
          1
          1
          1
          1
          1
          1
          1
          1
          1
          1
          1
          1
          1
          1
          1
          1
          1
          1
          1
          1
          1
          1
   0.999999
   0.999999
          1
          1
          1
          1
          1
          1
          1
          1
          1
          1
          1
          1
          1
          1
          1
          1
          1
          1
          1
          1
          1
          1
          1
          1
          1
          1
          1
          1
          1
          1
          1
          1
          1
          1
          1
          1
          1
          1
          1
          1
          1
          1
          1
          1
          1
          1
          1
          1
          1
          1
          1
          1
          1
          1
          1
          1
   0.999999
   0.999999
   0.999999
   0.999999
   0.999999
   0.999999
          1
          1
          1
          1
          1
          1
          1
          1
          1
          1
          1
          1
          1
          1
          1
          1
          1
          1
          1
          1
          1
          1
          1
          1
          1
          1
          1
          1
          1
          1
          1
          1
          1
          1
          1
          1
          1
          1
          1
          1
          1
          1
          1
          1
          1
          1
          1
          1
          1
          1
          1
          1
          1
   0.999999
   0.999999
   0.999999
   0.999999
   0.999999
   0.999999
   0.999999
   0.999999
          1
          1
          1
          1
          1
          1
          1
          1
          1
          1
          1
          1
          1
          1
          1
          1
          1
          1
          1
          1
          1
          1
          1
          1
          1
          1
          1
          1
          1
          1
          1
          1
          1
          1
          1
          1
          1
          1
          1
          1
          1
          1
          1
          1
          1
          1
          1
          1
          1
          1
          1
          1
   0.999999
   0.999999
   0.999999
   0.999998
   0.999998
   0.999999
   0.999999
   0.999999
          1
          1
          1
          1
          1
          1
          1
          1
          1
          1
          1
          1
          1
          1
          1
          1
          1
          1
          1
          1
          1
          1
          1
          1
          1
          1
          1
          1
          1
          1
          1
          1
          1
          1
          1
          1
          1
          1
          1
          1
          1
          1
          1
          1
          1
          1
          1
          1
          1
          1
          1
   0.999999
   0.999999
   0.999999
   0.999998
   0.999998
   0.999998
   0.999998
   0.999999
   0.999999
   0.999999
          1
          1
          1
          1
          1
          1
          1
          1
          1
          1
          1
          1
          1
          1
          1
          1
          1
          1
          1
          1
          1
          1
          1
          1
          1
          1
          1
          1
          1
          1
          1
          1
          1
          1
          1
          1
          1
          1
          1
          1
          1
          1
          1
          1
          1
          1
          1
          1
          1
          1
   0.999999
   0.999999
   0.999999
   0.999998
   0.999998
   0.999998
   0.999998
   0.999999
   0.999999
   0.999999
          1
          1
          1
          1
          1
          1
          1
          1
          1
          1
          1
          1
          1
          1
          1
          1
          1
          1
          1
          1
          1
          1
          1
          1
          1
          1
          1
          1
          1
          1
          1
          1
          1
          1
          1
          1
          1
          1
          1
          1
          1
          1
          1
          1
          1
          1
          1
          1
          1
          1
          1
   0.999999
   0.999999
   0.999999
   0.999998
   0.999998
   0.999999
   0.999999
   0.999999
          1
          1
          1
          1
          1
          1
          1
          1
          1
          1
          1
          1
          1
          1
          1
          1
          1
          1
          1
          1
          1
          1
          1
          1
          1
          1
          1
          1
          1
          1
          1
          1
          1
          1
          1
          1
          1
          1
          1
          1
          1
          1
          1
          1
          1
          1
          1
          1
          1
          1
          1
          1
   0.999999
   0.999999
   0.999999
   0.999999
   0.999999
   0.999999
   0.999999
   0.999999
          1
          1
          1
          1
          1
          1
          1
          1
          1
          1
          1
          1
          1
          1
          1
          1
          1
          1
          1
          1
          1
          1
          1
          1
          1
          1
          1
          1
          1
          1
          1
          1
          1
          1
          1
          1
          1
          1
          1
          1
          1
          1
          1
          1
          1
          1
          1
          1
          1
          1
          1
          1
          1
   0.999999
   0.999999
   0.999999
   0.999999
   0.999999
   0.999999
          1
          1
          1
          1
          1
          1
          1
          1
          1
          1
          1
          1
          1
          1
          1
          1
          1
          1
          1
          1
          1
          1
          1
          1
          1
          1
          1
          1
          1
          1
          1
          1
          1
          1
          1
          1
          1
          1
          1
          1
          1
          1
          1
          1
          1
          1
          1
          1
          1
          1
          1
          1
          1
          1
          1
          1
   0.999999
   0.999999
          1
          1
          1
          1
          1
          1
          1
          1
          1
          1
          1
          1
          1
          1
          1
          1
          1
          1
          1
          1
          1
          1
          1
          1
          1
          1
          1
          1
          1
          1
          1
          1
          1
          1
          1
          1
          1
          1
          1
          1
          1
          1
          1
          1
          1
          1
          1
          1
          1
          1
          1
          1
          1
          1
          1
          1
          1
          1
          1
          1
          1
          1
          1
          1
          1
          1
          1
          1
          1
          1
          1
          1
          1
          1
          1
          1
          1
          1
          1
          1
          1
          1
          1
          1
          1
          1
          1
          1
          1
          1
          1
          1
          1
          1
          1
          1
          1
          1
          1
          1
          1
          1
          1
          1
          1
          1
          1
          1
          1
          1
          1
          1
          1
          1
          1
          1
          1
          1
          1
          1
          1
          1
          1
          1
          1
          1
          1
          1
          1
          1
          1
          1
          1
          1
          1
          1
          1
          1
          1
          1
          1
          1
          1
          1
          1
          1
          1
          1
          1
          1
          1
          1
          1
          1
          1
          1
          1
          1
          1
          1
          1
          1
          1
          1
          1
          1
          1
          1
          1
          1
          1
          1
          1
          1
          1
          1
          1
          1
          1
          1
          1
          1
          1
          1
          1
          1
          1
          1
          1
          1
          1
          1
          1
          1
          1
          1
          1
          1
          1
          1
          1
          1
          1
          1
          1
          1
          1
          1
          1
          1
          1
          1
          1
          1
          1
          1
          1
          1
          1
          1
          1
          1
          1
          1
          1
          1
          1
          1
          1
          1
          1
          1
          1
          1
          1
          1
          1
          1
          1
          1
          1
          1
          1
          1
          1
          1
          1
          1
          1
          1
          1
          1
          1
          1
          1
          1
          1
          1
          1
          1
          1
          1
          1
          1
          1
          1
          1
          1
          1
          1
          1
          1
          1
          1
          1
          1
          1
          1
          1
          1
          1
          1
          1
          1
          1
          1
          1
          1
          1
          1
          1
          1
          1
          1
          1
          1
          1
          1
          1
          1
          1
          1
          1
          1
          1
          1
          1
          1
          1
          1
          1
          1
          1
          1
          1
          1
          1
          1
          1
          1
          1
          1
          1
          1
          1
          1
          1
          1
          1
          1
          1
          1
          1
          1
          1
          1
          1
          1
          1
          1
          1
          1
          1
          1
          1
          1
          1
          1
          1
          1
          1
          1
          1
          1
          1
          1
          1
          1
          1
          1
          1
          1
          1
          1
          1
          1
          1
          1
          1
          1
          1
          1
          1
          1
          1
          1
          1
          1
          1
          1
          1
          1
          1
          1
          1
          1
          1
          1
          1
          1
          1
          1
          1
          1
          1
          1
          1
          1
          1
          1
          1
          1
          1
          1
          1
          1
          1
          1
          1
          1
          1
          1
          1
          1
          1
          1
          1
          1
          1
          1
          1
          1
          1
          1
          1
          1
          1
          1
          1
          1
          1
          1
          1
          1
          1
          1
          1
          1
          1
          1
          1
          1
          1
          1
          1
          1
          1
          1
          1
          1
          1
          1
          1
          1
          1
          1
          1
          1
          1
          1
          1
          1
          1
          1
          1
          1
          1
          1
          1
          1
          1
          1
          1
          1
          1
          1
          1
          1
          1
          1
          1
          1
          1
          1
          1
          1
          1
          1
          1
          1
          1
          1
          1
          1
          1
          1
          1
          1
          1
          1
          1
          1
          1
          1
          1
          1
          1
          1
          1
          1
          1
          1
          1
          1
          1
          1
          1
          1
          1
          1
          1
          1
          1
          1
          1
          1
          1
          1
          1
          1
          1
          1
          1
          1
          1
          1
          1
          1
          1
          1
          1
          1
          1
          1
          1
          1
          1
          1
          1
          1
          1
          1
          1
          1
          1
          1
          1
          1
          1
          1
          1
          1
          1
          1
          1
          1
          1
          1
          1
          1
          1
          1
          1
          1
          1
          1
          1
          1
          1
          1
          1
          1
          1
          1
          1
          1
          1
          1
          1
          1
          1
          1
          1
          1
          1
          1
          1
          1
          1
          1
          1
          1
          1
          1
          1
          1
          1
          1
          1
          1
          1
          1
          1
          1
          1
          1
          1
          1
          1
          1
          1
          1
          1
          1
          1
          1
          1
          1
          1
          1
          1
          1
          1
          1
          1
          1
          1
          1
          1
          1
          1
          1
          1
          1
          1
          1
          1
          1
          1
          1
          1
          1
          1
          1
          1
          1
          1
          1
          1
          1
          1
          1
          1
          1
          1
          1
          1
          1
          1
          1
          1
          1
          1
          1
          1
          1
          1
          1
          1
          1
          1
          1
          1
          1
          1
          1
          1
          1
          1
          1
          1
          1
          1
          1
          1
          1
          1
          1
          1
          1
          1
          1
          1
          1
          1
          1
          1
          1
          1
          1
          1
          1
          1
          1
          1
          1
          1
          1
          1
          1
          1
          1
          1
          1
          1
          1
          1
          1
          1
          1
          1
          1
          1
          1
          1
          1
          1
          1
          1
          1
          1
          1
          1
          1
          1
          1
          1
          1
          1
          1
          1
          1
          1
          1
          1
          1
          1
          1
          1
          1
          1
          1
          1
          1
          1
          1
          1
          1
          1
          1
          1
          1
          1
          1
          1
          1
          1
          1
          1
          1
          1
          1
          1
          1
          1
          1
          1
          1
          1
          1
          1
          1
          1
          1
          1
          1
          1
          1
          1
          1
          1
          1
          1
          1
          1
          1
          1
          1
          1
          1
          1
          1
          1
          1
          1
          1
          1
          1
          1
          1
          1
          1
          1
          1
          1
          1
          1
          1
          1
          1
          1
          1
          1
          1
          1
          1
          1
          1
          1
          1
          1
          1
          1
          1
          1
          1
          1
          1
          1
          1
          1
          1
          1
          1
          1
          1
          1
          1
          1
          1
          1
          1
          1
          1
          1
          1
          1
          1
          1
          1
          1
          1
          1
          1
          1
          1
          1
          1
          1
          1
          1
          1
          1
          1
          1
          1
          1
          1
          1
          1
          1
          1
          1
          1
          1
          1
          1
          1
          1
          1
          1
          1
          1
          1
          1
          1
          1
          1
          1
          1
          1
          1
          1
          1
          1
          1
          1
          1
          1
          1
          1
          1
          1
          1
          1
          1
          1
          1
          1
          1
          1
          1
          1
          1
          1
          1
          1
          1
          1
          1
          1
          1
          1
          1
          1
          1
          1
          1
          1
          1
          1
          1
          1
          1
          1
          1
          1
          1
          1
          1
          1
          1
          1
          1
          1
          1
          1
          1
          1
          1
          1
          1
          1
          1
          1
          1
          1
          1
          1
          1
          1
          1
          1
          1
          1
          1
          1
          1
          1
          1
          1
          1
          1
          1
          1
          1
          1
          1
          1
          1
          1
          1
          1
          1
          1
          1
          1
          1
          1
          1
          1
          1
          1
          1
          1
          1
          1
          1
          1
          1
          1
          1
          1
          1
          1
          1
          1
          1
          1
          1
          1
          1
          1
          1
          1
          1
          1
          1
          1
          1
          1
          1
          1
          1
          1
          1
          1
          1
          1
          1
          1
          1
          1
          1
          1
          1
          1
          1
          1
          1
          1
          1
          1
          1
          1
          1
          1
          1
          1
          1
          1
          1
          1
          1
          1
          1
          1
          1
          1
          1
          1
          1
          1
          1
          1
          1
          1
          1
          1
          1
          1
          1
          1
          1
          1
          1
          1
          1
          1
          1
          1
          1
          1
          1
          1
          1
          1
          1
          1
          1
          1
          1
          1
          1
          1
          1
          1
          1
          1
          1
          1
          1
          1
          1
          1
          1
          1
          1
          1
          1
          1
          1
          1
          1
          1
          1
          1
          1
          1
          1
          1
          1
          1
          1
          1
          1
          1
          1
          1
          1
          1
          1
          1
          1
          1
          1
          1
          1
          1
          1
          1
          1
          1
          1
          1
          1
          1
          1
          1
          1
          1
          1
          1
          1
          1
          1
          1
          1
          1
          1
          1
          1
          1
          1
          1
          1
          1
          1
          1
          1
          1
          1
          1
          1
          1
          1
          1
          1
          1
          1
          1
          1
          1
          1
          1
          1
          1
          1
          1
          1
          1
          1
          1
          1
          1
          1
          1
          1
          1
          1
          1
          1
          1
          1
          1
          1
          1
          1
          1
          1
          1
          1
          1
          1
          1
          1
          1
          1
          1
          1
          1
          1
          1
          1
          1
          1
          1
          1
          1
          1
          1
          1
          1
          1
          1
          1
          1
          1
          1
          1
          1
          1
          1
          1
          1
          1
          1
          1
          1
          1
          1
          1
          1
          1
          1
          1
          1
          1
          1
          1
          1
          1
          1
          1
          1
          1
          1
          1
          1
          1
          1
          1
          1
          1
          1
          1
          1
          1
          1
          1
          1
          1
          1
          1
          1
          1
          1
          1
          1
          1
          1
          1
          1
          1
          1
          1
          1
          1
          1
          1
          1
          1
          1
          1
          1
          1
          1
          1
          1
          1
          1
          1
          1
          1
          1
          1
          1
          1
          1
          1
          1
          1
          1
          1
          1
          1
          1
          1
          1
          1
          1
          1
          1
          1
          1
          1
          1
          1
          1
          1
          1
          1
          1
          1
          1
          1
          1
          1
          1
          1
          1
          1
          1
          1
          1
          1
          1
          1
          1
          1
          1
          1
          1
          1
          1
          1
          1
          1
          1
          1
          1
          1
          1
          1
          1
          1
          1
          1
          1
          1
          1
          1
          1
          1
          1
          1
          1
          1
          1
          1
          1
          1
          1
          1
          1
          1
          1
          1
          1
          1
          1
          1
          1
          1
          1
          1
          1
          1
          1
          1
          1
          1
          1
          1
          1
          1
          1
          1
          1
          1
          1
          1
          1
          1
          1
          1
          1
          1
          1
          1
          1
          1
          1
          1
          1
          1
          1
          1
          1
          1
          1
          1
          1
          1
          1
          1
          1
          1
          1
          1
          1
          1
          1
          1
          1
          1
          1
          1
          1
          1
          1
          1
          1
          1
          1
          1
          1
          1
          1
          1
          1
          1
          1
          1
          1
          1
          1
          1
          1
          1
          1
          1
          1
          1
          1
          1
          1
          1
          1
          1
          1
          1
          1
          1
          1
          1
          1
          1
          1
          1
          1
          1
          1
          1
          1
          1
          1
          1
          1
